0.00010114174074260518
0.000341936043696478
0.000392922229366377
0.0003687913413159549
0.0002353586460230872
0.00010026530071627349
0.0001394064020132646
0.0001612807100173086
0.0003840660210698843
0.0003786503220908344
0.00023483500990550965
0.0001690182398306206
0.0003123902715742588
0.0005688166129402816
0.0004914525779895484
0.0005388025310821831
0.000539610453415662
0.00020485416462179273
0.00025247750454582274
0.00016428803792223334
0.0001734638644848019
0.000200887763639912
0.00030128954676911235
0.00040022339089773595
0.00039018489769659936
0.0003476821002550423
0.00021840840054210275
0.00012197298929095268
0.0004968175198882818
0.0011497241212055087
0.0024090888909995556
0.0040435935370624065
0.004661142826080322
0.004238863941282034
0.003454910358414054
0.002504179021343589
0.00205834093503654
0.0013080717762932181
0.00022458084276877344
7.442186324624345e-05
0.00037681954563595355
0.00035609176848083735
0.00032396690221503377
0.0002233154373243451
8.961341518443078e-05
0.00011580925638554618
0.00031708789174444973
0.0005428419099189341
0.00046184571692720056
0.00022573902970179915
7.639086106792092e-05
0.00012307912402320653
0.0001097203348763287
0.00012324462295509875
0.00012387297465465963
8.488589810440317e-05
5.918522583669983e-05
0.00016203908307943493
0.00014870740415062755
0.0002061257982859388
0.0003497504803817719
0.0002797972992993891
7.258836558321491e-05
3.789495531236753e-05
