8.537959365639836e-05
0.000395878276322037
0.0004004029033239931
0.0004546946147456765
0.00027215207228437066
0.0001904285018099472
0.00018969731172546744
0.00016683951253071427
0.00026685051852837205
0.00023579249682370573
0.00017165682220365852
0.00016395731654483825
0.00027322114328853786
0.0005555181996896863
0.0006588606047444046
0.0006239577778615057
0.000569324241951108
0.0003371673810761422
0.00028771942015737295
0.00012943067122250795
0.0001529355504317209
0.00022799806902185082
0.0003621788346208632
0.0005191294476389885
0.0005350324208848178
0.00042050983756780624
0.00026408283156342804
0.00010132749594049528
0.00028601489611901343
0.0008805902325548232
0.002671888330951333
0.004647328983992338
0.005510817747563124
0.0050928834825754166
0.004035670775920153
0.0027652925346046686
0.002027842216193676
0.0011155280517414212
0.0001889184204628691
9.1154346591793e-05
0.00030075100949034095
0.0003903943579643965
0.0002531167701818049
0.00017834416939876974
0.00010942112567136064
0.0001128919466282241
0.0003835925890598446
0.000526683172211051
0.0003977601299993694
0.00017119303811341524
0.00010255424422211945
9.56873846007511e-05
0.00015259711653925478
0.00010156685311812907
0.00010037260653916746
8.021348185138777e-05
6.574598228326067e-05
9.085836063604802e-05
0.0001397217420162633
0.00020999592379666865
0.0002993949456140399
0.0002550120698288083
0.00010519665374886245
3.764062421396375e-05
