0.00011163527960889041
0.0005069239996373653
0.00047400486073456705
0.00046598975313827395
0.00019891468400601298
0.00013589372974820435
0.00018049846403300762
0.00018669212295208126
0.0002349846181459725
0.0005135941319167614
0.0002936447272077203
0.00019678416720125824
0.0003280684759374708
0.0008263771305792034
0.0006765139987692237
0.0007404775824397802
0.0006170160486362875
0.00028318740078248084
0.0002951569913420826
0.00018289352010469884
0.00024305861734319478
0.00025767969782464206
0.0003802660503424704
0.0004998902441002429
0.0004701188881881535
0.0003816424577962607
0.00021917138656135648
0.00014749560796190053
0.00045886856969445944
0.001071396516636014
0.0023671556264162064
0.005189894698560238
0.0054792845621705055
0.005193284247070551
0.004289580509066582
0.002965096151456237
0.002713640918955207
0.0014107167953625321
0.00022716447710990906
0.00010411014227429405
0.00037862398312427104
0.00042686800588853657
0.0003972312842961401
0.00033164446358568966
0.0001215540905832313
9.671965381130576e-05
0.0004155041533522308
0.0006513528642244637
0.000485079362988472
0.0002707252569962293
9.3937007477507e-05
0.00010565659613348544
0.00012361958215478808
0.00014242397446651012
0.00013486894022207707
9.435589163331315e-05
7.427889795508236e-05
0.00010045977251138538
0.00017979388940148056
0.0002388637512922287
0.0004218356916680932
0.0003187531547155231
0.00010707231558626518
4.185948637314141e-05
