0.00010128788562724367
0.0003829234337899834
0.00039753050077706575
0.0003813697549048811
0.00024880870478227735
0.00013446033699437976
0.0001590899919392541
0.00017138750990852714
0.0002574702666606754
0.0003500965831335634
0.00020427556592039764
0.00016845525533426553
0.00025841276510618627
0.0005849377484992146
0.0005733775906264782
0.0006651805015280843
0.000424040510552004
0.0002481947303749621
0.0002537600521463901
0.00016115332255139947
0.0001884774537757039
0.00021755089983344078
0.00029736445867456496
0.0004002060159109533
0.0003906763740815222
0.0002972465008497238
0.0001507719571236521
0.00015736953355371952
0.000416919298004359
0.0010037601459771395
0.0027075379621237516
0.004181484691798687
0.0047061750665307045
0.004392516799271107
0.0037145940586924553
0.0026189323980361223
0.002063113497570157
0.0011039355304092169
0.00031288398895412683
7.18552983016707e-05
0.00015561915643047541
0.0003802237333729863
0.0004145735001657158
0.0002697985037229955
0.00012390570191200823
0.0002058312966255471
0.00032180044217966497
0.000523678376339376
0.0004972441238351166
0.00021020257554482669
9.348164167022333e-05
9.29252928472124e-05
0.00011320612247800454
0.00012031236110487953
0.00012126241927035153
8.581281144870445e-05
6.192152068251744e-05
7.987412391230464e-05
0.00015413806249853224
0.00020154513185843825
0.000330775830661878
0.00029595691012218595
8.72346936375834e-05
3.813338844338432e-05
