9.673461318016052e-05
0.0002613764372654259
0.00039031956112012267
0.00037169153802096844
0.00022613449255004525
0.00012274531763978302
0.00014377043407876045
0.00016748282359912992
0.00021537140128202736
0.0003794161311816424
0.00024389391182921827
0.00020179382408969104
0.00030879973201081157
0.0006099846214056015
0.0006632141303271055
0.0005706684314645827
0.0005373514140956104
0.0002495711378287524
0.0002888274611905217
0.0001785087224561721
0.00019429204985499382
0.00024016096722334623
0.00030673612491227686
0.00045037100790068507
0.00043352547800168395
0.00037220236845314503
0.0002229984529549256
0.00014762183127459139
0.0005171771044842899
0.00126932212151587
0.0029400065541267395
0.004158517811447382
0.004825550597161055
0.004355042707175016
0.003376004984602332
0.002549866447225213
0.0019347250927239656
0.0012732325121760368
0.00019974329916294664
7.338968134718016e-05
0.00028034954448230565
0.00038583233254030347
0.0003268762957304716
0.00026590799097903073
8.911971963243559e-05
0.00013059977209195495
0.0004160656244494021
0.0005588552448898554
0.0004511040751822293
0.00019742253061849624
7.540093793068081e-05
0.00010187448060605675
0.00011516314407344908
0.00012816568778362125
0.00011432815517764539
8.196860289899632e-05
6.584117363672704e-05
9.579210018273443e-05
0.00015846166934352368
0.00018316144996788353
0.00030633126152679324
0.00033809244632720947
0.00011491162877064198
3.927131911041215e-05
