0.00010734161332948133
0.00034671241883188486
0.0003767400630749762
0.0003839463461190462
0.00025169551372528076
0.00010895734885707498
0.0001331533130723983
0.0001857711176853627
0.0003345916629768908
0.00036620322498492897
0.0002494813525117934
0.0001760252780513838
0.00027882048743776977
0.0005008401349186897
0.0005084664444439113
0.0005476292571984231
0.0004905399400740862
0.0002204280608566478
0.00027519281138665974
0.00015620437625329942
0.00017917087825480849
0.0002128889027517289
0.0003133327991236001
0.00036341961822472513
0.0003545657964423299
0.00029725025524385273
0.00020751715055666864
0.00017363158985972404
0.000372950395103544
0.0012971506221219897
0.001614118693396449
0.004165737424045801
0.004515035077929497
0.004088152199983597
0.003166705835610628
0.0021717750933021307
0.0017016974743455648
0.0007800989551469684
5.9655943914549425e-05
7.761509186821058e-05
0.0003032643289770931
0.0004297553969081491
0.0003315846261102706
0.00028987470432184637
0.00012266116391401738
0.00013480694906320423
0.00038786898949183524
0.00045944456360302866
0.00036926919710822403
0.0001651639468036592
7.080806244630367e-05
8.084655564744025e-05
0.00012993195559829473
0.00010210542677668855
0.0001256383111467585
9.954719280358404e-05
6.922248576302081e-05
9.481173037784174e-05
0.0001413431018590927
0.00022875264403410256
0.00029519599047489464
0.00025275771622546017
0.00010295818356098607
4.167996303294785e-05
