0.00010179126547882333
0.00032631101203151047
0.0004127493593841791
0.0004066215769853443
0.00021843644208274782
0.0001237682590726763
0.00015039794379845262
0.00017608511552680284
0.000341405306244269
0.00038571542245335877
0.00023434120521415025
0.00017321364430245012
0.00028979990747757256
0.0005750218988396227
0.0007263623992912471
0.0006360855186358094
0.0002186748752137646
0.0003148587711621076
0.00029729510424658656
0.0001768780202837661
0.00017978035612031817
0.00021807925077155232
0.0002796716580633074
0.00041995628271251917
0.00039376827771775424
0.0003375211963430047
0.00015865614113863558
0.0001387736265314743
0.00033112079836428165
0.0009357196395285428
0.0019181161187589169
0.003913129214197397
0.005018680356442928
0.004698196426033974
0.0034431423991918564
0.0024258308112621307
0.0020323845092207193
0.0014416540507227182
0.0004631173505913466
8.435144991381094e-05
0.00026726804208010435
0.0003861156292259693
0.00033958847052417696
0.00033019325928762555
8.718187746126205e-05
0.00016670490731485188
0.00032666261540725827
0.0005683048511855304
0.00045085378224030137
0.00011922025441890582
7.765996997477487e-05
7.688202458666638e-05
0.0001175474826595746
0.00015911429363768548
0.00011317620374029502
8.729453838896006e-05
7.007499516475946e-05
9.078034054255113e-05
0.00016785685147624463
0.00016155846242327243
0.00035744954948313534
0.00030439437250606716
7.537662895629182e-05
3.654851025203243e-05
