0.00011630295193754137
0.0005252183764241636
0.0005042628035880625
0.00047882585204206407
0.00025467757950536907
0.00015352467016782612
0.00018883126904256642
0.0002230938262073323
0.0004208660393487662
0.0004456584283616394
0.00026958828675560653
0.00018747006834018975
0.0002723559446167201
0.0005737951723858714
0.0008114128722809255
0.0007767917704768479
0.00039729298441670835
0.0003681882517412305
0.00033683571382425725
0.00020708327065221965
0.00021508715872187167
0.00026287100627087057
0.0003461860469542444
0.0005233989795669913
0.0004947485285811126
0.0003843699232675135
0.00021912649390287697
0.0001553348993184045
0.00041494451579637825
0.0010856537846848369
0.0023147789761424065
0.005427858326584101
0.005938189569860697
0.005449448246508837
0.003909029997885227
0.0031071470584720373
0.0025373015087097883
0.0012327198637649417
0.0003147162206005305
0.0001357637665932998
0.0004560223896987736
0.0004743971221614629
0.0004116969066672027
0.00019809015793725848
0.00010249439947074279
0.0001215540905832313
0.00048744940431788564
0.000651506707072258
0.0004954769392497838
0.0002467884623911232
8.895515202311799e-05
8.721973426872864e-05
0.00014393500168807805
0.00014114465739112347
0.00013344557373784482
9.448305354453623e-05
6.778603710699826e-05
0.00011289196118013933
0.0001879787159850821
0.00022823743347544223
0.00038312352262437344
0.00038907781708985567
0.00012765797146130353
4.420828918227926e-05
