0.00010439439211040735
0.00034918903838843107
0.00041552798938937485
0.00039816697244532406
0.00023471040185540915
0.00012128293019486591
0.00014619404100812972
0.0001638175017433241
0.0003426436451263726
0.0003504497872199863
0.0002631103852763772
0.0001779569429345429
0.0002804587420541793
0.0006446331390179694
0.0006991343107074499
0.0005051713087595999
0.0005293059512041509
0.0002688370877876878
0.0002634095726534724
0.00016746838809922338
0.0001970225857803598
0.0002208197402069345
0.0003084861964453012
0.00041960368980653584
0.00040428241482004523
0.00036072611692361534
0.0001829099201131612
0.00014911600737832487
0.00044359671301208436
0.0011193477548658848
0.0026625809259712696
0.004518476314842701
0.005164694972336292
0.004649192560464144
0.0030271299183368683
0.0028987224213778973
0.0021872257348150015
0.0011371179716661572
0.00025242858100682497
7.148128497647122e-05
0.00019952822185587138
0.00042257437598891556
0.00033668612013570964
0.0003201697254553437
0.00012854064698331058
6.516795110655949e-05
0.00037647035787813365
0.0005767925758846104
0.0005182303139008582
0.000246955081820488
8.28157426440157e-05
0.00010476747411303222
0.0001400714390911162
0.0001565709972055629
0.0001587010337971151
9.960703027900308e-05
7.39142342354171e-05
0.00010924159869318828
0.00017155209206975996
0.000219934358028695
0.0003531875554472208
0.0003354593936819583
0.00010735657997429371
3.8373691495507956e-05
