9.365649020764977e-05
0.000260417495155707
0.00036683716461993754
0.00035172048956155777
0.000204510084586218
0.00010141725942958146
0.00013403115735854954
0.0001595388021087274
0.0002420758974039927
0.0003561420307960361
0.00022461928892880678
0.0001714025711407885
0.00024377852969337255
0.0005895785288885236
0.0005698390305042267
0.0005403285031206906
0.0004924398963339627
0.00019756838446483016
0.00021428205945994705
0.00014700191968586296
0.00019473620341159403
0.0002323216467630118
0.00028287319582886994
0.0004136728821322322
0.0003928777587134391
0.00035665842005982995
0.00017827867122832686
0.00015108192746993154
0.0004444314690772444
0.0010480055352672935
0.002865599701181054
0.004097352735698223
0.0043994649313390255
0.003998344298452139
0.0032433175947517157
0.0023186090402305126
0.00189091800712049
0.0010259165428578854
0.00027744253748096526
6.930452946107835e-05
0.00021372576884459704
0.0003746110014617443
0.0003021423181053251
0.00023624132154509425
9.300944657297805e-05
9.586691157892346e-05
0.000279013387626037
0.0004861715133301914
0.0004426065133884549
0.00021517691493500024
7.595447823405266e-05
7.721115252934396e-05
0.00010874790314119309
0.00010931639553746209
0.00013000675244256854
8.316543244291097e-05
6.387764005921781e-05
9.52193804550916e-05
0.00013560480147134513
0.00020552925707306713
0.0003260641824454069
0.00023595707898493856
8.9359084086027e-05
3.6937482946086675e-05
