9.95172667899169e-05
0.00032711474341340363
0.00041453965241089463
0.00039131628000177443
0.0002119753771694377
0.00011393918975954875
0.00015242228982970119
0.00016627104196231812
0.00025859230663627386
0.00039231005939655006
0.000239194996538572
0.00017186625336762518
0.0002777975460048765
0.0006837305263616145
0.000658928882330656
0.000610261398833245
0.00044723678729496896
0.00025219854433089495
0.00027121894527226686
0.00017394576570950449
0.0001828771928558126
0.0002440058160573244
0.00033859797986224294
0.0004399550671223551
0.0004054156015627086
0.00035607494646683335
0.00019717944087460637
0.00012723906547762454
0.0003139760810881853
0.0009153435239568353
0.002057847334071994
0.003942257259041071
0.0049873529933393
0.0043834601528942585
0.0035653843078762293
0.0027780758682638407
0.0020357181783765554
0.0010547200217843056
0.0002638838195707649
6.791495979996398e-05
0.00023064165725372732
0.00035634610685519874
0.0003417876432649791
0.00027337329811416566
0.00011290691327303648
9.022679296322167e-05
0.00023734838759992272
0.0005315316957421601
0.0005544662708416581
0.0002838904911186546
9.53582493821159e-05
7.003012433415279e-05
0.00013389652303885669
9.91133347270079e-05
0.00016007736849132925
8.843153773341328e-05
7.960484072100371e-05
0.00010318766726413742
0.0001488514244556427
0.0001945228868862614
0.0003707474679686129
0.00026106825680471957
8.660634921398014e-05
3.855321847368032e-05
