8.757878822507337e-05
0.0003825849562417716
0.0004287530609872192
0.00038936882629059255
0.0002303724322700873
0.00010456441668793559
0.00015151622937992215
0.00015823723515495658
0.0002926368033513427
0.00037993694422766566
0.00023616649559699
0.00016848518862389028
0.00024375147768296301
0.0004611126205418259
0.0006835304666310549
0.0004982296959497035
0.0005740046035498381
0.0001850913540693
0.0002721614728216082
0.00017233002290595323
0.00020243058679625392
0.00024149242381099612
0.00033739040372893214
0.0004379630263429135
0.00040028293733485043
0.00028807943454012275
0.00016953243175521493
0.00016401884204242378
0.0004538611392490566
0.0010609269374981523
0.0022209191229194403
0.004208390135318041
0.00439654802903533
0.004071520641446114
0.0032211686484515667
0.0023940904065966606
0.0019096110481768847
0.0006689290166832507
0.0002981927536893636
7.480446947738528e-05
0.0002766438410617411
0.00034838521969504654
0.00034350811620242894
0.00024809001479297876
0.00011036363139282912
0.00012009332567686215
0.00033526759943924844
0.0006041734013706446
0.0005224862252362072
0.00016511906869709492
0.00010212040069745854
0.00011081245611421764
0.00016838045848999172
0.00013468939869198948
0.00013387111539486796
9.298887744080275e-05
7.074538007145748e-05
0.00010519664647290483
0.00018676227773539722
0.00021819894027430564
0.00033536963746882975
0.00032823343644849956
0.00010479832417331636
4.2398067307658494e-05
