9.848499030340463e-05
0.00038572665653191507
0.0003702275862451643
0.0003577466122806072
0.00021249765995889902
0.00010494792513782158
0.00014903653936926275
0.00015734836051706225
0.00029438018100336194
0.00034413576941005886
0.00017822074005380273
0.00016176790813915431
0.0002691062691155821
0.0005110542988404632
0.0005589793436229229
0.0005846714484505355
0.00046887717326171696
0.00021970993839204311
0.00028098816983401775
0.00015268678544089198
0.00019103099475614727
0.00021222076611593366
0.0003543432685546577
0.0004047797992825508
0.0003878211136907339
0.0003336641239002347
0.0001975983177544549
0.0001274634851142764
0.0003175217134412378
0.0008592415833845735
0.001748374430462718
0.004138659220188856
0.004460477735847235
0.004047309514135122
0.0031107075046747923
0.0022928169928491116
0.0017073728376999497
0.0009319270611740649
0.00016478993347845972
8.26717441668734e-05
0.0002136958355549723
0.00041591693297959864
0.00032053858740255237
0.000158880531671457
8.971813804237172e-05
8.45418035169132e-05
0.00021501234732568264
0.0004957514465786517
0.000429134612204507
0.00017594819655641913
6.620022759307176e-05
8.677092409925535e-05
0.00010837185254786164
0.00011016375356120989
0.00010104945249622688
8.500558760715649e-05
7.294741226360202e-05
8.01733331172727e-05
0.0001658371911616996
0.0002046063164016232
0.0003464104374870658
0.00028682276024483144
7.769840158289298e-05
3.651101724244654e-05
