9.468503412790596e-05
0.00025141608784906566
0.0003610418061725795
0.0003522151382640004
0.0002778763882815838
0.00010680261038942263
0.00013662212586496025
0.00016634933126624674
0.00034901825711131096
0.00036920560523867607
0.0002183569740736857
0.0001548701839055866
0.00023460220836568624
0.000493412371724844
0.0005860328674316406
0.000492170627694577
0.000595218560192734
0.00021436905080918223
0.0002838605723809451
0.00018367009761277586
0.00019393065304029733
0.00021818396635353565
0.000317285128403455
0.000402974896132946
0.0003952988772653043
0.000339182501193136
0.0002077520766761154
0.00015285145491361618
0.0004542148963082582
0.0011079504620283842
0.002672723028808832
0.003733284305781126
0.0043768673203885555
0.004219210706651211
0.0033998398575931787
0.002391149289906025
0.0020325034856796265
0.0011520854895934463
0.000192701569176279
8.294290455523878e-05
0.00030817140941508114
0.0003591418208088726
0.00031969096744433045
0.0002942431892734021
0.0001093911996576935
6.980571197345853e-05
0.00023007758136373013
0.0005233758711256087
0.00030347754363901913
0.00017954099166672677
7.475763413822278e-05
9.329370368504897e-05
0.00010751021181931719
0.00012143163621658459
0.00011357872426742688
8.230554522015154e-05
5.69378025829792e-05
0.00011522672866703942
0.00015070555673446506
0.00021274584287311882
0.00032776594161987305
0.0003067940706387162
7.562535029137507e-05
3.855321847368032e-05
