3.153673969791271e-05
3.454202669672668e-05
3.5494729672791436e-05
3.940596798202023e-05
4.118728611501865e-05
3.6357188946567476e-05
3.9563987229485065e-05
4.144059857935645e-05
4.957910641678609e-05
5.0955477490788326e-05
4.507599805947393e-05
3.8328809750964865e-05
4.599450039677322e-05
5.286290979711339e-05
6.772267079213634e-05
7.474081212421879e-05
5.100877024233341e-05
3.915070556104183e-05
3.965936048189178e-05
3.743398337974213e-05
4.391936454339884e-05
3.7357072869781405e-05
4.170988540863618e-05
4.3190972064621747e-05
4.309279756853357e-05
4.3299438402755186e-05
4.1932416934287176e-05
4.3219955841777846e-05
7.021057535894215e-05
0.00010851881961571053
0.00015382109268102795
0.00018399082182440907
0.0001758522994350642
0.0001589712337590754
0.00013266413589008152
0.00014981540152803063
0.00012579726171679795
6.6745349613484e-05
4.301331864553504e-05
3.930965976906009e-05
3.80380151909776e-05
3.891227243002504e-05
3.605107485782355e-05
3.63418112101499e-05
3.5447046684566885e-05
4.296563201933168e-05
4.747124694404192e-05
7.465261296601966e-05
4.720039214589633e-05
4.491143408813514e-05
3.7939840694889426e-05
4.314609395805746e-05
3.960045432904735e-05
4.323585380916484e-05
4.0453203837387264e-05
4.1051622247323394e-05
3.6967405321775004e-05
3.6997327697463334e-05
3.608473707572557e-05
3.787999594351277e-05
4.830746911466122e-05
5.025232894695364e-05
4.2547671910142526e-05
3.527686567394994e-05
