9.559762111166492e-05
0.0004126106796320528
0.0004101122613064945
0.00038065508124418557
0.00023830996360629797
0.0001142401815741323
0.00015674119640607387
0.00017538672545924783
0.0003196617471985519
0.00033105630427598953
0.00022428786905948073
0.00017221034795511514
0.0002492719213478267
0.0005770925199612975
0.0005738929030485451
0.0006727466825395823
0.00041334747220389545
0.00027397170197218657
0.0003043265314772725
0.0001832063280744478
0.0001948613062268123
0.00021796624059788883
0.00029251116211526096
0.0004273168451618403
0.0004184153804089874
0.00036252292920835316
0.0002178548602387309
8.392842573812231e-05
0.00045896050869487226
0.0011195277329534292
0.0030498604755848646
0.0042084697633981705
0.004690200090408325
0.004271598067134619
0.0030275455210357904
0.002237268490716815
0.0018067652126774192
0.0010106100235134363
0.00014643342001363635
9.746526484377682e-05
0.00028255852521397173
0.00036087632179260254
0.0003346215817146003
0.00028330704662948847
0.00011678168812068179
7.26332509657368e-05
0.00022729493502993137
0.0005057996604591608
0.0004074820608366281
0.00010735844261944294
7.408441160805523e-05
8.352448639925569e-05
0.00010817936708917841
0.00014760032354388386
0.0001145376154454425
8.137017721310258e-05
5.6970111472764984e-05
0.00010265695163980126
0.00014356098836287856
0.00021852807549294084
0.0003339034738019109
0.00030375804635696113
0.00011015419295290485
4.1231149225495756e-05
