9.350314940093085e-05
0.0003267686115577817
0.0003950769896619022
0.00037682519177906215
0.00024886796018108726
0.00011265258945059031
0.00013700829003937542
0.0001555892376927659
0.0003340523689985275
0.00036471791099756956
0.00019206573779229075
0.00017421506345272064
0.0002734667796175927
0.0006126026855781674
0.0006050775991752744
0.0005712069687433541
0.0005529701593331993
0.00023118463286664337
0.0002934053773060441
0.00015509554941672832
0.00013482407666742802
0.0002065906737698242
0.00029615688254125416
0.000394737406168133
0.0003703771799337119
0.0003283980186097324
0.00019916918245144188
0.00013434531865641475
0.00036754965549334884
0.000885138229932636
0.0018588127568364143
0.003751660231500864
0.004883900750428438
0.004515932872891426
0.0038844349328428507
0.002752747619524598
0.0023700876627117395
0.0014945544535294175
0.00040616269689053297
5.825620246469043e-05
0.00012945324124302715
0.00037246313877403736
0.00033840566175058484
0.00025567712145857513
7.593297050334513e-05
0.00011586255277507007
0.0003318239760119468
0.0005006457795388997
0.0004091033770237118
0.00018419744446873665
7.440699118888006e-05
0.00010335275874240324
0.00011160255235154182
0.0001250660716323182
0.00011616457049967721
8.338797488249838e-05
6.626848335145041e-05
0.00010580066737020388
0.00014797435142099857
0.00018691651348490268
0.0003130485420115292
0.00032118704984895885
0.00011000458471244201
3.87626641895622e-05
