9.673461318016052e-05
0.0002891116018872708
0.0003632765437941998
0.00040876585990190506
0.00019108483684249222
7.789934170432389e-05
0.00013339942961465567
0.00016942588263191283
0.00028285846929065883
0.00044214713852852583
0.00017885655688587576
0.00015515630366280675
0.00025471902335993946
0.0005860683741047978
0.0005880898679606616
0.000642577011603862
0.00045122660230845213
0.00023688460350967944
0.00027053081430494785
0.00015322546823881567
0.0001786283974070102
0.0002103446749970317
0.00021909656061325222
0.00037684725248254836
0.000397014053305611
0.00028788496274501085
0.0002154462126782164
0.00011542029096744955
0.0004301443987060338
0.0008611266384832561
0.002587482798844576
0.004356840625405312
0.004769752733409405
0.0043515292927622795
0.003294906113296747
0.002532454440370202
0.002054286655038595
0.001188133261166513
0.0003243137907702476
7.531406299676746e-05
0.0002743364602793008
0.0003796648816205561
0.00035866309190168977
0.0002591608208604157
0.00011084237485192716
0.00013069206033833325
0.00034471257822588086
0.0005979563575237989
0.0004666031454689801
0.00024218062753789127
9.208190022036433e-05
9.949578816303983e-05
0.00010185858991462737
0.0001482286606915295
0.00012393281213007867
9.129929821938276e-05
7.242980063892901e-05
0.00012322964903432876
0.0001539435761515051
0.00019822685862891376
0.000390394328860566
0.00031049028621055186
8.285932563012466e-05
3.077375367865898e-05
