3.586032835301012e-05
4.923501910525374e-05
5.1972787332488224e-05
4.5261189370648935e-05
4.2248793761245906e-05
3.890304287779145e-05
3.930124148610048e-05
4.120122321182862e-05
4.415779767441563e-05
4.257759064785205e-05
3.885689511662349e-05
4.2059586121467873e-05
4.0279290260514244e-05
3.80380151909776e-05
3.927132274839096e-05
4.401379919727333e-05
4.167996667092666e-05
4.130680827074684e-05
4.286410694476217e-05
3.8364647480193526e-05
4.030359923490323e-05
4.07673760491889e-05
4.084217653144151e-05
4.522134622675367e-05
4.10027896577958e-05
3.937990913982503e-05
4.4088606955483556e-05
4.8786205297801644e-05
5.5458585848100483e-05
5.2900340961059555e-05
0.00015279161743819714
0.0003495505079627037
0.0003138624597340822
0.0003132625133730471
0.0001908361737150699
0.00010099836072186008
7.347103382926434e-05
7.543086394434795e-05
4.684133818955161e-05
4.184452700428665e-05
3.820912752416916e-05
4.3879157601622865e-05
3.9103018934838474e-05
3.867230043397285e-05
3.7685509596485645e-05
3.7894958950346336e-05
3.90645582228899e-05
4.245791205903515e-05
3.9095324609661475e-05
3.687764183268882e-05
3.6967405321775004e-05
3.611465581343509e-05
3.8035250327084213e-05
4.1171308112097904e-05
3.840361750917509e-05
3.716317587532103e-05
3.614952584030107e-05
3.663827374111861e-05
3.651859151432291e-05
3.596505121095106e-05
3.6398905649548396e-05
3.768551323446445e-05
3.55012780346442e-05
3.5501274396665394e-05
