0.00010096843470819294
0.0002331743889953941
0.0004040132334921509
0.00038339279126375914
0.0002651749236974865
0.00011471714242361486
0.00014445862325374037
0.00017226939962711185
0.00033857490052469075
0.00034521924681030214
0.00025473107234574854
0.00018694737809710205
0.00028201856184750795
0.0005642438190989196
0.0005695314612239599
0.0005700849578715861
0.000522016838658601
0.00023342874192167073
0.00027724806568585336
0.00016763241728767753
0.00018699133943300694
0.00022707052994519472
0.0002748842816799879
0.0004062374937348068
0.00039592970279045403
0.00035813951399177313
0.00025238367379643023
0.00013674974616151303
0.00041067751590162516
0.0011861120583489537
0.0026159873232245445
0.004282249603420496
0.004888738505542278
0.004412841517478228
0.003531462512910366
0.0026681115850806236
0.0021557039581239223
0.001233675517141819
0.00016175296332221478
8.022475958568975e-05
0.0002918261452578008
0.00036766374250873923
0.0003384000447113067
0.00022620937670581043
8.918984531192109e-05
0.00013547764683607966
0.0003551221452653408
0.0005505260196514428
0.0005041781696490943
0.00017855361511465162
8.078671817202121e-05
0.00010482824291102588
0.00012787958257831633
0.00012509971566032618
0.00013235557707957923
8.859609806677327e-05
7.78544635977596e-05
6.2430182879325e-05
0.00014881296374369413
0.00020910576859023422
0.0003383441362529993
0.0003069479134865105
7.158600055845454e-05
3.801463753916323e-05
