3.434973768889904e-05
4.764814366353676e-05
4.151913526584394e-05
4.363323751022108e-05
4.075241304235533e-05
3.8523299735970795e-05
3.7820154830114916e-05
4.0258713852381334e-05
4.51815030828584e-05
4.797118526767008e-05
4.635138247977011e-05
4.687593173002824e-05
4.215870285406709e-05
4.6661811211379245e-05
4.3774431105703115e-05
4.2996485717594624e-05
4.360986713436432e-05
4.3789394112536684e-05
4.491001527640037e-05
4.2464151192689314e-05
4.275642641005106e-05
3.762566848308779e-05
3.841950820060447e-05
3.811936403508298e-05
3.980990368290804e-05
4.6691733587067574e-05
4.734999674838036e-05
4.416340379975736e-05
5.4246786021394655e-05
4.440456905285828e-05
6.705352279823273e-05
9.721334936330095e-05
9.277008939534426e-05
6.388135079760104e-05
4.889092451776378e-05
7.01797180227004e-05
6.019280044711195e-05
4.589882155414671e-05
4.70059021608904e-05
4.923501910525374e-05
4.587912917486392e-05
4.4925396650796756e-05
4.7302033635787666e-05
4.674876981880516e-05
4.129660374019295e-05
4.5240562030812725e-05
4.2996485717594624e-05
3.874770482070744e-05
4.6527165977749974e-05
3.8239046261878684e-05
3.677291897474788e-05
3.837369513348676e-05
3.8510777812916785e-05
3.9356837078230456e-05
4.029518095194362e-05
3.9579885196872056e-05
3.680284135043621e-05
3.8433536246884614e-05
3.945084608858451e-05
3.663827374111861e-05
4.05579230573494e-05
4.069257192895748e-05
3.743118213606067e-05
3.467845090199262e-05
