0.00010578734509181231
0.00037220236845314503
0.000408057909226045
0.0003804278385359794
0.00020737315935548395
0.0001110462035285309
0.00016049720579758286
0.00019009264360647649
0.00041391223203390837
0.00040414303657598794
0.00026807727408595383
0.00019318498380016536
0.0002786842524074018
0.000563996029086411
0.0007022310746833682
0.0005956225795671344
0.0006287450669333339
0.00026462454115971923
0.0002619379083625972
0.00017108830797951669
0.00021607454982586205
0.0002465790312271565
0.0003108493110630661
0.0004327021015342325
0.00039532192749902606
0.0002886946895159781
0.0001400873443344608
0.00015173877181950957
0.0005135053070262074
0.001248228712938726
0.002915742341428995
0.004711928777396679
0.005026295315474272
0.004566818941384554
0.003594473470002413
0.002738768933340907
0.0020909940358251333
0.0009541136096231639
0.0002195650158682838
8.46119291963987e-05
0.00032887861016206443
0.00038127030711621046
0.0003395735111553222
0.0002516655658837408
7.828294474165887e-05
0.0001241082209162414
0.00034895059070549905
0.0005963051225990057
0.000512546394020319
0.00017582050350029022
7.64098294894211e-05
0.00010979045327985659
0.00012179159239167348
0.00013272771320771426
0.00012352419435046613
8.790230640443042e-05
6.273967301240191e-05
0.00012234793393872678
0.00016456647426821291
0.00023519032401964068
0.0003584761288948357
0.0003038749273400754
0.0001031938154483214
3.7670546589652076e-05
