9.786521695787087e-05
0.0003671606827992946
0.0004096784396097064
0.0003716018982231617
0.00022363479365594685
0.00012197298201499507
0.0001311437808908522
0.00015511047968175262
0.00033526759943924844
0.00037022496690042317
0.00019187500583939254
0.00017156705143861473
0.00025561515940353274
0.0004811148392036557
0.0006236884510144591
0.0004543504910543561
0.0006811068160459399
0.00025187755818478763
0.0002588382631074637
0.00016833370318636298
0.00019969561253674328
0.00020374709856696427
0.0003026958438567817
0.0003791141207329929
0.0003696890198625624
0.0003184044035151601
0.00023112480994313955
0.00011627303319983184
0.000314769014948979
0.0007883288199082017
0.001686692121438682
0.004078204743564129
0.004497861955314875
0.004072597716003656
0.0028689850587397814
0.0023182497825473547
0.0018365663709118962
0.0010148307774215937
0.00026379854534752667
7.505685061914846e-05
0.00023706411593593657
0.0003892274107784033
0.00032205472234636545
0.00025830804952420294
0.00010137236677110195
8.359929779544473e-05
0.00024023576406762004
0.0004990824381820858
0.000523452996276319
0.00021106611529830843
7.472182915080339e-05
8.583588351029903e-05
0.00010678807302610949
0.0001096305568353273
0.00013495871098712087
7.999395893421024e-05
6.579212640644982e-05
0.00010705641761887819
0.00016798402066342533
0.0002225692878710106
0.00032533390913158655
0.0003110139223281294
0.00010674318764358759
4.660197009798139e-05
