9.793444041861221e-05
0.0003728606679942459
0.00037868026993237436
0.0003324223798699677
0.00024222550564445555
8.823705138638616e-05
0.00012204778613522649
0.0001662411232246086
0.00023374288866762072
0.0004570732999127358
0.0002640529128257185
0.0001660316629568115
0.00019584795518312603
0.0003513773262966424
0.0007483842200599611
0.00041572246118448675
0.0007175805512815714
0.00015542465553153306
0.0002836661005858332
0.0001410027325619012
0.00018870820349548012
0.00021926299086771905
0.0003294985508546233
0.00040404859464615583
0.0003726231516338885
0.00028705745353363454
0.0001881236385088414
0.00020262505859136581
0.0005025233840569854
0.0010408920934423804
0.0021658020559698343
0.004026724491268396
0.005123344250023365
0.004633148200809956
0.003326387144625187
0.0026713625993579626
0.0020138670224696398
0.000998519011773169
0.00023693319235462695
7.442956120939925e-05
0.0002497393579687923
0.0003812226059380919
0.00035265833139419556
0.00023034217883832753
0.00010826397920027375
0.0001432823482900858
0.00035950931487604976
0.0005224606138654053
0.00041986469295807183
0.0001873354340204969
7.838088640710339e-05
0.00010920233034994453
0.00012102860637241974
0.00012428718036971986
0.00011781770444940776
8.774334855843335e-05
7.310356158996001e-05
0.00011223836918361485
0.00015331243048422039
0.00017290239338763058
0.00033380623790435493
0.00026040253578685224
8.163638995029032e-05
3.3348835131619126e-05
