0.00010304046008968726
0.00030604033963754773
0.0003946702345274389
0.00037586584221571684
0.0002607466303743422
0.00012946913193445653
0.00014857556379865855
0.00017140248382929713
0.0002552710648160428
0.0004409159591887146
0.00026922920369543135
0.00017370375280734152
0.00027508247876539826
0.0007059684139676392
0.0005808565765619278
0.0005555283860303462
0.0005803777603432536
0.0002456395304761827
0.0002409865555819124
0.00015481993614230305
0.00020851762383244932
0.00022349496430251747
0.0003157863102387637
0.0004124611150473356
0.0003960045287385583
0.0003390049678273499
0.00022840200108475983
0.0001057557892636396
0.00024337746435776353
0.0010570239974185824
0.002332017058506608
0.004264551680535078
0.004744109697639942
0.004255649633705616
0.0033797123469412327
0.002512691542506218
0.002038443461060524
0.0011540234554558992
0.00029491641907952726
7.374031702056527e-05
0.00023179803974926472
0.00042089878115803003
0.00032738069421611726
0.0002855511265806854
9.186706301989034e-05
0.00012590031838044524
0.00035434990422800183
0.0005484574940055609
0.0004780043673235923
0.0001693510275799781
7.929067214718089e-05
9.727318683872e-05
0.0001171977783087641
0.00010864318028325215
0.00012385801528580487
7.970957085490227e-05
6.59536526654847e-05
0.00010013417340815067
0.00014698601444251835
0.0002144307509297505
0.0003411593206692487
0.00026726938085630536
9.142363705905154e-05
3.669811485451646e-05
