3.41754021064844e-05
4.6856301196385175e-05
5.436272840597667e-05
6.400103302439675e-05
5.3738131100544706e-05
4.9324778956361115e-05
4.395395808387548e-05
4.9855574616231024e-05
5.6224045692943037e-05
6.186183600220829e-05
4.404653009260073e-05
3.978652603109367e-05
4.4612221245188266e-05
6.005146133247763e-05
5.263105049380101e-05
7.700170681346208e-05
6.47191409370862e-05
6.0470356402220204e-05
5.388773570302874e-05
5.1927905587945133e-05
4.402550257509574e-05
8.148050983436406e-05
4.83972326037474e-05
0.0001694875245448202
7.149624434532598e-05
0.0001440247579012066
6.00664243393112e-05
6.575141014764085e-05
0.00010522429511183873
0.00011198661377420649
0.00021642025967594236
0.0002470643084961921
0.0003200088976882398
0.00031197138014249504
0.00026667097699828446
0.00018465750326868147
0.00013295399548951536
8.143001468852162e-05
4.498623820836656e-05
4.4507498387247324e-05
5.4524247389053926e-05
6.197720358613878e-05
4.9463316827313974e-05
4.5969889470143244e-05
3.9959508285392076e-05
4.328073555370793e-05
5.126964606461115e-05
6.74120310577564e-05
7.315686525544152e-05
4.8179656005231664e-05
3.891842425218783e-05
3.831849608104676e-05
4.1566829168004915e-05
4.404653009260073e-05
4.399883982841857e-05
4.081973747815937e-05
4.099178113392554e-05
3.8433536246884614e-05
4.343034379417077e-05
4.4402771891327575e-05
4.8636597057338804e-05
5.303498619468883e-05
4.390907633933239e-05
3.2803767680888996e-05
