9.870939538814127e-05
0.00040336509118787944
0.00040888553485274315
0.0003805465530604124
0.00023817920009605587
0.00012511468958109617
0.00014534129877574742
0.00016917976608965546
0.00037848579813726246
0.00039458327228203416
0.00020906732243020087
0.0001694941020105034
0.0002640529128257185
0.0004866053641308099
0.0006330537144094706
0.00047888571862131357
0.0006736115901730955
0.00019988729036413133
0.0003133626887574792
0.00016206713917199522
0.00014400981308426708
0.00021987369109410793
0.00038801002665422857
0.000424172350903973
0.0004042075597681105
0.0003391948121134192
0.00019176374189555645
0.00013347760250326246
0.0004166500293649733
0.001064679236151278
0.002288613235577941
0.004025602247565985
0.004821531008929014
0.004434936214238405
0.0037520192563533783
0.002517628250643611
0.0021122884936630726
0.0012839104747399688
0.00035252931411378086
7.547183486167341e-05
0.0001519538345746696
0.0003785701410379261
0.00032087700674310327
0.00024184798530768603
6.860513531137258e-05
0.00012738681107293814
0.0003539776662364602
0.0005237822188064456
0.0004537221684586257
0.0002326208632439375
7.731588266324252e-05
9.261410014005378e-05
0.00011163279850734398
0.00011997795809293166
9.255969780497253e-05
8.48503623274155e-05
6.666399713139981e-05
0.00010170150926569477
0.00016131911252159625
0.00017301822663284838
0.000340766942827031
0.0002585613983683288
5.09134006279055e-05
3.457372076809406e-05
