9.4909431936685e-05
0.00029141901177354157
0.000404082442400977
0.0003757068479899317
0.000210045458516106
0.00012382621935103089
0.00014710663526784629
0.00017775566084310412
0.0004302921297494322
0.00039042424759827554
0.0002490325423423201
0.00019188341684639454
0.00028710573678836226
0.0005833763862028718
0.0004887241520918906
0.0005931577761657536
0.0004749585932586342
0.00023883039830252528
0.00023460217926185578
0.00015342372353188694
0.00020171432697679847
0.00025093252770602703
0.00035030016442760825
0.00044719938887283206
0.00041475004400126636
0.00033855618676170707
0.00020851948647759855
0.00013503350783139467
0.000401524972403422
0.00103209528606385
0.0025225502904504538
0.004465512000024319
0.004829653538763523
0.004244648385792971
0.003239796031266451
0.0025190769229084253
0.0019336759578436613
0.0009138502064161003
0.0003026945632882416
8.581999281886965e-05
0.00032234558602795005
0.0003847672778647393
0.00034023175248876214
0.00022454220743384212
0.00010642901906976476
0.00012098552542738616
0.00033295247703790665
0.0005298058968037367
0.00047026685206219554
0.00014047912554815412
8.098120451904833e-05
8.983782754512504e-05
0.00011884049308719113
0.00012151624105172232
0.00011110209743492305
8.135949610732496e-05
5.5856908147688955e-05
0.00011357360199326649
0.0001453646837035194
0.00021428770560305566
0.00035019454662688076
0.00024140549066942185
7.663237192900851e-05
3.4445623896317557e-05
