4.0263388655148447e-05
6.0350670537445694e-05
7.576785719720647e-05
7.873059075791389e-05
6.087428846512921e-05
4.269727651262656e-05
5.4112140787765384e-05
5.80617124796845e-05
7.004507642704993e-05
8.714493014849722e-05
7.363560143858194e-05
5.376804983825423e-05
6.40159851172939e-05
8.796776091912761e-05
0.00010336210834793746
0.00011685524077620357
9.832670184550807e-05
7.816756988177076e-05
8.295931183965877e-05
6.470764492405578e-05
7.666416058782488e-05
7.191140321083367e-05
8.130565402098e-05
0.00010327329073334113
9.195566963171586e-05
7.098945934558287e-05
6.497684080386534e-05
4.7321009333245456e-05
8.03379007265903e-05
0.00016311436775140464
0.0002815576153807342
0.00042081839637830853
0.0004956069169566035
0.0004587769217323512
0.0003403869632165879
0.00023096025688573718
0.00021330684830900282
0.00016324713942594826
6.84461701894179e-05
4.135083145229146e-05
6.652282172581181e-05
7.142144022509456e-05
5.8660138165578246e-05
5.421686728368513e-05
4.716359035228379e-05
4.3694773921743035e-05
5.873912959941663e-05
7.855983858462423e-05
6.936812133062631e-05
5.967183824395761e-05
4.4332646211842075e-05
4.631959382095374e-05
5.1294886361574754e-05
4.48730934294872e-05
4.159861782682128e-05
4.1725779738044366e-05
4.0215705666923895e-05
4.0724360587773845e-05
4.204368815408088e-05
4.8656234866939485e-05
6.504452903755009e-05
5.595228503807448e-05
4.108154462301172e-05
3.2838306651683524e-05
