9.650384890846908e-05
0.0003585584054235369
0.0004348941147327423
0.00048284276272170246
0.00027276735636405647
0.0001105281917261891
0.00015294122567865998
0.0001752473326632753
0.00023006262199487537
0.00029205737519077957
0.0001874775771284476
0.00014617483248002827
0.00032722545438446105
0.000739953073207289
0.0007819490856491029
0.0008879882516339421
0.0007905953098088503
0.00031355718965642154
0.00025256979279220104
0.00016646469885017723
0.0002084699517581612
0.00017040011880453676
0.0002495440130587667
0.00028323224978521466
0.00028380073490552604
0.00027913309168070555
0.00020548253087326884
0.00015095148410182446
0.00040746430750004947
0.001039680209942162
0.0023018380161374807
0.0046727294102311134
0.005726861301809549
0.00534396106377244
0.004469296429306269
0.0033576907590031624
0.002610564697533846
0.0008043617126531899
0.0003189310955349356
0.00010117507190443575
0.000346459069987759
0.0004224417789373547
0.0003018085262738168
0.00022863419144414365
6.437691627070308e-05
9.81708217295818e-05
0.00023474525369238108
0.0003410704666748643
0.0002826067211572081
0.00012110807438148186
6.906609633006155e-05
8.554976375307888e-05
0.00010106381523655728
0.00011576718679862097
0.00011387561244191602
8.254551357822493e-05
6.50286310701631e-05
0.00010575298801995814
0.00013728973863180727
0.0002322019572602585
0.00041209172923117876
0.0003025397309102118
0.00010295538231730461
3.643256422947161e-05
