0.00010101868974743411
0.00032123192795552313
0.00040252108010463417
0.00038123902049846947
0.00025606935378164053
0.00012253868044354022
0.00014215470582712442
0.0001624411524971947
0.00028858811128884554
0.00042031536577269435
0.000256408064160496
0.00016476490418426692
0.00026259938022121787
0.0005253602867014706
0.0005080372211523354
0.000623295723926276
0.0004632117925211787
0.0002609569928608835
0.0002543126465752721
0.00015653173613827676
0.00018951966194435954
0.00022024853387847543
0.00028179603395983577
0.000420277938246727
0.00038669066270813346
0.0003367309982422739
0.00021620919869747013
0.00014408459537662566
0.0004042327927891165
0.00122667639516294
0.0025543791707605124
0.004208681173622608
0.004983282182365656
0.004479170776903629
0.0038502938114106655
0.0026971246115863323
0.002216249005869031
0.0013078323099762201
0.0003125548246316612
6.335773650789633e-05
0.0002336830657441169
0.0004224547010380775
0.00035762644256465137
0.0002537850523367524
8.494573557982221e-05
0.00012785245780833066
0.00030485016759485006
0.0005345388199202716
0.00041134312050417066
0.00021458201808854938
8.072688069660217e-05
0.00011115654342574999
0.00012863040319643915
0.00013385163038037717
0.00013425554789137095
9.012207738123834e-05
7.384503987850621e-05
7.698674744460732e-05
0.0001633836654946208
0.0002066934248432517
0.00033250637352466583
0.00027101373416371644
9.411182691110298e-05
3.79262346541509e-05
