0.00012260225776117295
0.00032461300725117326
0.0003802361316047609
0.000307940092170611
0.00018855437519960105
8.894019265426323e-05
0.0001096305568353273
0.00013591618335340172
0.00020917777146678418
0.0003333200002089143
0.00018223973165731877
0.00013709899212699383
0.0002504088915884495
0.0004304585454519838
0.000567915674764663
0.0005009075975976884
0.0006890209042467177
0.00023541848349850625
0.00035371925332583487
0.00024636491434648633
0.00027740889345295727
0.00026559847174212337
0.0004683142469730228
0.0005992934457026422
0.000603887252509594
0.000520880741532892
0.00033623824128881097
0.00022033830464351922
0.0006349087925627828
0.0016520285280421376
0.004934533033519983
0.007678542751818895
0.008173814974725246
0.006818675436079502
0.005302900448441505
0.00427876366302371
0.004013648722320795
0.0020912731997668743
0.0006032509845681489
0.00011449273733887821
0.0004856034938711673
0.0005744328373111784
0.0005265349172987044
0.00037495864671655
0.0001202601270051673
0.00025288513279519975
0.0008253710111603141
0.0009158289758488536
0.000535912811756134
0.0003234382311347872
0.00012094218982383609
0.00017675833078101277
0.00012399286788422614
0.00018812832422554493
0.0001498897618148476
9.957711154129356e-05
5.6969598517753184e-05
9.704878902994096e-05
0.0001591783802723512
0.0002961856371257454
0.0004014058504253626
0.0001838241732912138
5.925445293541998e-05
3.2082800316857174e-05
