9.566548396833241e-05
0.00038033913006074727
0.00038300384767353535
0.0003676244814414531
0.00026481589884497225
0.0001054566164384596
0.00015005384921096265
0.00015973423433024436
0.00027494411915540695
0.0003788448520936072
0.00024469400523230433
0.00015907503257039934
0.0002529466582927853
0.0006480927695520222
0.0005350623978301883
0.0005366183468140662
0.0005902517004869878
0.00026499907835386693
0.00020470269373618066
0.00016381937894038856
0.00018376827938482165
0.00021146670042071491
0.0002726102829910815
0.00040113599970936775
0.00039044747245498
0.00031956180464476347
8.859609806677327e-05
0.000149829444126226
0.0005128848715685308
0.0015110772801563144
0.0028353447560220957
0.004203347489237785
0.004583153408020735
0.004086235072463751
0.0025728195905685425
0.002295824233442545
0.001859216601587832
0.0012197598116472363
0.00020170665811747313
8.334387530339882e-05
0.0003691102028824389
0.0003868038475047797
0.00033614752464927733
0.00025504667428322136
0.00010054954327642918
9.227638656739146e-05
0.000266356801148504
0.0004963745013810694
0.0004725574399344623
0.0002485687437001616
7.752532110316679e-05
9.994189167628065e-05
9.987164958147332e-05
0.00011329588596709073
0.00012305015115998685
8.222292672144249e-05
7.950011786306277e-05
5.8405807067174464e-05
0.00016075059829745442
0.00020326030789874494
0.000326453271554783
0.00017711739928927273
7.900641503510997e-05
3.608742918004282e-05
