3.446900154813193e-05
4.9986330850515515e-05
7.052233559079468e-05
5.646093995892443e-05
4.1934294131351635e-05
3.804456355283037e-05
4.401379919727333e-05
4.1949253500206396e-05
4.877124592894688e-05
5.1987746701342985e-05
3.9675254811299965e-05
3.948400990338996e-05
3.931620085495524e-05
3.464852852630429e-05
3.5471352020977065e-05
3.6249301047064364e-05
3.814928641077131e-05
3.6455974623095244e-05
4.432488640304655e-05
4.267950862413272e-05
4.7286648623412475e-05
5.1270792027935386e-05
5.905447687837295e-05
5.7271612604381517e-05
3.9866004954092205e-05
3.99798336729873e-05
4.075614924659021e-05
4.4979238737141714e-05
5.1962502766400576e-05
8.512526255799457e-05
0.00010059442138299346
0.0001319806178798899
0.0001314242836087942
0.00011064881982747465
0.00014542826102115214
0.00015394826186820865
0.0001263218146050349
6.730730092385784e-05
4.31311345892027e-05
3.451387965469621e-05
4.156028080615215e-05
5.939319817116484e-05
5.115789463161491e-05
4.657204408431426e-05
4.5225602661957964e-05
3.6264260415919125e-05
5.1464132411638275e-05
7.783950422890484e-05
8.687563968123868e-05
5.3885862143943086e-05
4.186422665952705e-05
4.616371006704867e-05
4.303197783883661e-05
4.353325493866578e-05
4.4348544179229066e-05
4.4217787944944575e-05
3.628950798884034e-05
4.132838876103051e-05
4.459466435946524e-05
5.1692284614546224e-05
6.26602050033398e-05
6.130815017968416e-05
4.244107549311593e-05
3.2120202376972884e-05
