9.713855251902714e-05
0.000291119038593024
0.0004174129862803966
0.00040556429303251207
0.0003059123700950295
0.00012568496458698064
0.0001653135404922068
0.0001784750638762489
0.00027301348745822906
0.0003671456943266094
0.00022392880055122077
0.00016595686611253768
0.00023182795848697424
0.000496583990752697
0.0007530220318585634
0.0004910037969239056
0.0005198561702854931
0.00025763074518181384
0.00027469792985357344
0.0001698258420219645
0.00021757060312666
0.00023239644360728562
0.0002959037956316024
0.0004443568759597838
0.00042460899567231536
0.0004017343744635582
0.0002920888946391642
0.00010170149471377954
0.00046062187175266445
0.001048282254487276
0.002428232692182064
0.004739110823720694
0.005034592933952808
0.004728426691144705
0.003945759031921625
0.0027861695270985365
0.0021391278132796288
0.0011102872667834163
0.00027932756347581744
6.741203833371401e-05
0.00033812879701144993
0.0003738630039151758
0.0003715590573847294
0.00026587810134515166
0.00011304156942060217
9.395195229444653e-05
0.0002576348197180778
0.0005501275882124901
0.0005431112367659807
0.00023006110859569162
8.768952102400362e-05
0.00011244809138588607
0.00013487617252394557
0.00012990753748454154
0.00011298545723548159
8.752080611884594e-05
6.595056765945628e-05
0.00011552874639164656
0.0001578426599735394
0.0002223467454314232
0.00037306820740923285
0.00028956899768672884
9.262328239856288e-05
3.861025834339671e-05
