0.00010475670569576323
0.0003708858566824347
0.00041636559762991965
0.0003773936477955431
0.00020191431394778192
0.00012495012197177857
0.0001457601902075112
0.00016609150043223053
0.00024506798945367336
0.0004224111617077142
0.00023044167028274387
0.00017344079969916493
0.0002602380991447717
0.0006143783684819937
0.0006268086726777256
0.0005694266874343157
0.0005200270679779351
0.00022614296176470816
0.0002773677697405219
0.00016642063565086573
0.00017907722212839872
0.00021498242858797312
0.00026100093964487314
0.00041187761235050857
0.00040692571201361716
0.00038539752131327987
0.0001964688126463443
0.0002019209787249565
0.0005216129356995225
0.0012017023982480168
0.002498094690963626
0.004544522147625685
0.00523587828502059
0.004738843999803066
0.003784438595175743
0.0027540791779756546
0.0021956185810267925
0.0012866331962868571
0.0003657843335531652
7.48372040106915e-05
0.0002613995166029781
0.00036289505078457296
0.00034931974369101226
0.0002290069533046335
9.705813863547519e-05
9.928042709361762e-05
0.00039503583684563637
0.0005744009977206588
0.00047699318383820355
0.00020470269373618066
8.230707317125052e-05
0.00010824858327396214
0.00012093323312001303
0.00012384211004246026
0.00011916882067453116
8.675596473040059e-05
8.457172953058034e-05
7.314190588658676e-05
0.0001735418481985107
0.0001546616986161098
0.0003056730201933533
0.00039112739614211023
0.00012258636706974357
4.35350630141329e-05
