0.0001050676146405749
0.0003773038915824145
0.0003649913996923715
0.0003683746908791363
0.00020466014393605292
0.00011259275197517127
0.00013246029266156256
0.00016752771625760943
0.0002307358372490853
0.00040993274888023734
0.00022833789989817888
0.00016840294119901955
0.0003538458258844912
0.0004957013297826052
0.0006642613443545997
0.0005210593808442354
0.0007939539500512183
0.00024176172155421227
0.0003582591889426112
0.0002120515564456582
0.00031183857936412096
0.0002960384590551257
0.00030087068444117904
0.00040896033169701695
0.0003720976528711617
0.0003275153285358101
0.00025108212139457464
0.00015372777124866843
0.0006327535375021398
0.0012004467425867915
0.00254233181476593
0.004127273801714182
0.00463486835360527
0.004176120273768902
0.003607067046687007
0.0024758887011557817
0.002083489438518882
0.001132839359343052
0.0002896353544201702
6.036563354427926e-05
0.00019448653620202094
0.000364887120667845
0.00031381152803078294
0.0002015030331676826
9.021183359436691e-05
0.00010059442138299346
0.0002792976447381079
0.0004982894752174616
0.0004839872708544135
0.0002472073829267174
7.036081660771742e-05
9.907277126330882e-05
0.00011441708920756355
0.00012005803728243336
0.00011664704652503133
8.382371015613899e-05
7.248362817335874e-05
6.232545274542645e-05
0.00015900023572612554
0.00020926728029735386
0.0003176158352289349
0.0002812356106005609
6.95906492182985e-05
3.511323666316457e-05
