0.0001032723521348089
0.0004010597476735711
0.0004073897434864193
0.00037963775685057044
0.00028532484429888427
0.00011102190183009952
0.00014172084047459066
0.00016758765559643507
0.00043062312761321664
0.0003339805407449603
0.0002650253300089389
0.00016018084716051817
0.000235071885981597
0.0006088176742196083
0.0006274435436353087
0.0005677469889633358
0.000462960044387728
0.0002532696817070246
0.00020241373567841947
0.00015781087859068066
0.00020103082351852208
0.00021816621301695704
0.0002801587979774922
0.00042754222522489727
0.00040719594107940793
0.00032919651130214334
0.00017351565475109965
0.0001629928156035021
0.0005064794095233083
0.0012970439856871963
0.003043470438569784
0.004602902103215456
0.004938701633363962
0.004486968740820885
0.0035799886099994183
0.0027017323300242424
0.002119275275617838
0.0011266755172982812
0.00030075100949034095
6.738210504408926e-05
0.00021783990086987615
0.00042139249853789806
0.00034468999365344644
0.0002832621685229242
0.00011717066809069365
8.825201075524092e-05
0.00023959243844728917
0.0005608175997622311
0.0004578452790156007
0.0002170432562706992
8.434375922661275e-05
0.00012158400932094082
0.00011760450433939695
0.00012958789011463523
0.00013157763169147074
8.72346936375834e-05
7.525132969021797e-05
9.631571447243914e-05
0.00015799785614944994
0.00021837725944351405
0.0003566727100405842
0.00029326495132409036
9.703454270493239e-05
3.4828051866497844e-05
