0.0001017186077660881
0.00033978247665800154
0.0003524694766383618
0.0003427600604481995
0.0002518301480449736
9.130395483225584e-05
0.00012679026986006647
0.000149021580000408
0.00027445569867268205
0.0003579956537578255
0.00021566651412285864
0.0001747098722262308
0.000327479763654992
0.0006138855824247003
0.0005482846754603088
0.0005166766932234168
0.0005455809296108782
0.00026132259517908096
0.00024231152201537043
0.00015054753748700023
0.0001710584037937224
0.00021324701083358377
0.0002080258127534762
0.00040336509118787944
0.0004014052974525839
0.000374476338038221
0.0002638733421918005
0.00015884253662079573
0.00043107924284413457
0.0012886669719591737
0.002692036097869277
0.00396912544965744
0.004738697316497564
0.004311168100684881
0.003410231787711382
0.0025544611271470785
0.0020820682402700186
0.0011460643727332354
0.0002948715118691325
5.942312054685317e-05
0.00017834416939876974
0.00042205076897516847
0.0003299389500170946
0.0003076926514040679
0.00011871159949805588
6.721754471072927e-05
0.00019174876797478646
0.0005360128125175834
0.0004465389356482774
0.00013339532597456127
7.999380613910034e-05
9.157323802355677e-05
0.00012689499999396503
0.00010654870857251808
0.00012212750152684748
8.446682477369905e-05
6.707659485982731e-05
9.86266604741104e-05
0.00015678124327678233
0.00022646368597634137
0.00034269181196577847
0.00027233822038397193
8.66624541231431e-05
3.541151454555802e-05
