0.0001131462850025855
0.0005533239454962313
0.0004936676705256104
0.00046937086153775454
0.00037467083893716335
0.0001388215459883213
0.0001756328420015052
0.0002051477786153555
0.0004214673244860023
0.00038302340544760227
0.000252623634878546
0.00018177012680098414
0.00032123850542120636
0.0008547028992325068
0.0006493457476608455
0.0006637228070758283
0.0005191589589230716
0.0003583233628887683
0.00029351009288802743
0.00022065246594138443
0.0002373034949414432
0.00028065903461538255
0.000369740417227149
0.00046639807987958193
0.0004342327010817826
0.0003667576820589602
0.00021382674458436668
0.00018728118448052555
0.0005182421300560236
0.0012986764777451754
0.0029136629309505224
0.004865170456469059
0.005705711897462606
0.005234560463577509
0.0037997993640601635
0.002826383337378502
0.0024734800681471825
0.0011680141324177384
0.00029967183945700526
7.622934936080128e-05
0.0004265837778802961
0.000443277764134109
0.00040312870987690985
0.00023123233404476196
0.00010439439211040735
0.00014804914826527238
0.00038092434988357127
0.0006597731844522059
0.0006192900473251939
0.0003120162582490593
9.048112406162545e-05
8.431739843217656e-05
0.00013053823204245418
0.00017490323807578534
0.00015162468480411917
9.511169628240168e-05
5.798691199743189e-05
9.739287634147331e-05
0.00017599468992557377
0.00024383235722780228
0.0003841617435682565
0.00023115288058761507
9.676453191787004e-05
3.9884704165160656e-05
