3.078871304751374e-05
3.9166599890450016e-05
3.9884704165160656e-05
3.660835136543028e-05
3.695400300784968e-05
3.8538259104825556e-05
3.686482159537263e-05
3.9987527998164296e-05
3.887996717821807e-05
3.7116074963705614e-05
4.314609395805746e-05
3.7221736420178786e-05
4.3041367462137714e-05
4.503111631493084e-05
4.762507160194218e-05
4.727895793621428e-05
4.565608105622232e-05
4.312458622734994e-05
4.2774885514518246e-05
3.8006226532161236e-05
3.7052490370115265e-05
3.767241651075892e-05
4.0088540117722005e-05
4.000906119472347e-05
3.937324072467163e-05
4.151913526584394e-05
4.422138226800598e-05
4.0978691686177626e-05
4.260751302354038e-05
4.175757203483954e-05
7.485206879209727e-05
6.821989518357441e-05
7.393481064355001e-05
0.00011835815530503169
0.00015973328845575452
0.0001388633972965181
7.35757639631629e-05
4.962399179930799e-05
3.6204419302521273e-05
4.628779788617976e-05
4.302640809328295e-05
4.462718061404303e-05
3.867290433845483e-05
4.212878047837876e-05
3.89272317988798e-05
3.779023245442659e-05
4.2667357774917036e-05
5.143421367392875e-05
5.186806447454728e-05
4.290672586648725e-05
3.9106758777052164e-05
4.070752765983343e-05
4.08870582759846e-05
3.434931568335742e-05
3.6339064536150545e-05
3.5480370570439845e-05
3.535731229931116e-05
3.5272707464173436e-05
3.4620472433744e-05
3.5718803701456636e-05
3.832413858617656e-05
3.547883534338325e-05
3.644179741968401e-05
3.12029333144892e-05
