0.00011067137529607862
0.000544472539331764
0.0005344340461306274
0.00048562654410488904
0.00048213216359727085
0.00014742850908078253
0.0001906618126668036
0.0002138604031642899
0.0003452435485087335
0.0005160626024007797
0.0003026509948540479
0.00019503051589708775
0.0003639741044025868
0.000647894514258951
0.0007871020352467895
0.0005794202443212271
0.0008174569229595363
0.0002289854601258412
0.0004042327927891165
0.00021281316003296524
0.00023587810574099422
0.00028201245004311204
0.00037669340963475406
0.0005290034459903836
0.000497391854878515
0.00043123651994392276
0.00026975286891683936
0.00018440101121086627
0.0008987653418444097
0.0015590500552207232
0.0033992282114923
0.005230568815022707
0.005857979878783226
0.005357610527426004
0.0042232307605445385
0.0030958070419728756
0.0025482825003564358
0.0015508057549595833
0.0004700141726061702
8.81586893228814e-05
0.0003331678453832865
0.00041840042104013264
0.00039057634421624243
0.0002827277348842472
9.329370368504897e-05
0.00013817987928632647
0.0003813282528426498
0.0006633053417317569
0.0003755684883799404
0.00019888492533937097
8.315048035001382e-05
8.427251304965466e-05
0.00014058318629395217
0.00016373991093132645
0.00012671919830609113
9.68197055044584e-05
7.661273411940783e-05
0.0001177690937765874
0.00018978893058374524
0.00024923941236920655
0.0003850154753308743
0.00022937257017474622
8.966671157395467e-05
3.925635974155739e-05
