9.797289385460317e-05
0.0004422923375386745
0.00046502132317982614
0.00048807243001647294
0.0003215307660866529
0.00024156442668754607
0.0001881732023321092
0.00021745091362390667
0.00037527817767113447
0.0003845847968477756
0.00023689473164267838
0.00018437796097714454
0.00033109087962657213
0.000569037685636431
0.0006747018778696656
0.0005414056940935552
0.00051399803487584
0.00021439896954689175
0.00025883165653795004
0.00016630094614811242
0.0001847622188506648
0.00024337746435776353
0.00029003925737924874
0.0004213906067889184
0.00039987932541407645
0.00036193945561535656
0.00023685468477196991
0.00011938481475226581
0.0002847283030860126
0.0007824493222869933
0.0017106886953115463
0.0038057276979088783
0.004931729752570391
0.004581235349178314
0.0039585791528224945
0.002640484133735299
0.0023108292371034622
0.0011163396993651986
0.00041361304465681314
6.483386096078902e-05
0.0002604765468277037
0.00034393169335089624
0.0003376052773091942
0.00021689456480089575
9.10346643649973e-05
9.203701483784243e-05
0.0002610158990137279
0.0005187406204640865
0.0004172116459812969
0.00020346029486972839
7.559865480288863e-05
0.00010006238153437153
0.0001088844146579504
0.00011657785216812044
0.00011589902715058997
8.090640767477453e-05
7.085294782882556e-05
7.88717734394595e-05
0.00016006242367438972
0.00015356957737822086
0.0002902487467508763
0.00038734241388738155
9.383494034409523e-05
3.6395642382558435e-05
