9.505903290119022e-05
0.0003158699255436659
0.00037743852590210736
0.0003631661820691079
0.00021091324742883444
0.00011290187831036747
0.00014116731472313404
0.00015686087135691196
0.00026454657199792564
0.0003431666409596801
0.0001715128164505586
0.00018405905575491488
0.0002728197432588786
0.0005367793492041528
0.0005854914779774845
0.0005865914281457663
0.00034752406645566225
0.00027586700161919
0.0002622875617817044
0.000170804065419361
0.00018142601766157895
0.00022333039669319987
0.0003285529965069145
0.0003987061500083655
0.0003730400057975203
0.0002863103582058102
0.00017176714027300477
0.00013266973837744445
0.00032494214246980846
0.0008454628987237811
0.001770336297340691
0.0040303487330675125
0.00437631132081151
0.004020440857857466
0.0032613002695143223
0.002299653831869364
0.001976118190214038
0.0012478556018322706
0.0004060430219396949
8.93969991011545e-05
0.0002866887953132391
0.0003927299694623798
0.0003258902579545975
0.00021044097957201302
8.933290519053116e-05
0.00011553996591828763
0.0003072139516007155
0.0004945045220665634
0.00041608154424466193
0.00019457630696706474
7.249860209412873e-05
7.423401984851807e-05
0.00011564468150027096
0.00011953954526688904
0.00011351719876984134
8.215170964831486e-05
6.700809899484739e-05
6.883328023832291e-05
0.00015875024837441742
0.00021031330106779933
0.0003597103641368449
0.0002834417100530118
9.742279507918283e-05
3.84784143534489e-05
