0.00010142633254872635
0.000420026684878394
0.000438282877439633
0.0004111445741727948
0.0002884085988625884
0.00010002592898672447
0.00014992053911555558
0.00018407028983347118
0.00045816542115062475
0.00038506934652104974
0.00025864600320346653
0.00019357394194230437
0.0002867330040317029
0.0005170350195840001
0.0007319725700654089
0.0006974166026338935
0.0003404346643947065
0.00024068659695331007
0.00023182046425063163
0.00017077414668165147
0.00019644635904114693
0.0002452937187626958
0.00035554211353883147
0.0004744873440358788
0.0004516276530921459
0.00038182197022251785
0.00016284205776173621
0.00015986549260560423
0.00046859783469699323
0.0014168326742947102
0.0029397837352007627
0.004750730004161596
0.005238166078925133
0.004765294026583433
0.003839508630335331
0.002869963413104415
0.002358523430302739
0.0013819764135405421
0.0003363869327586144
7.942126831039786e-05
0.00028413525433279574
0.000419619056629017
0.0003706043935380876
0.00024198614119086415
9.803617285797372e-05
0.00010918175394181162
0.00030938320560380816
0.0005472552729770541
0.0004912581061944366
0.00016624934505671263
8.057498052949086e-05
0.00013020126789342612
0.00012548870290629566
0.00011322109639877453
0.00015602308849338442
8.60973887029104e-05
6.996086449362338e-05
0.00010020339686889201
0.0001458892074879259
0.0002330920979147777
0.00037542072823271155
0.0002929388137999922
8.955357043305412e-05
3.729653326445259e-05
