9.866451728157699e-05
0.00025616795755922794
0.0003665330877993256
0.00036291187279857695
0.0002727748651523143
0.00012279300426598638
0.00014922727132216096
0.0001575041824253276
0.00031152256997302175
0.00042294838931411505
0.00020835969189647585
0.0001603577402420342
0.0002913707576226443
0.0005175585974939167
0.0005932438070885837
0.0005417696665972471
0.00041864224476739764
0.00024512450909242034
0.00025540022761560977
0.00014642968017142266
0.00019207790319342166
0.00021709185966756195
0.00026466624694876373
0.000401098164729774
0.00038310801028274
0.000337375036906451
0.0001250698114745319
0.00014242400357034057
0.0004285795148462057
0.0010666032321751118
0.0022933490108698606
0.004453881643712521
0.004736344330012798
0.004262101836502552
0.003295955015346408
0.0025628055445849895
0.0022314332891255617
0.0008821610826998949
0.0002613001561257988
6.165223749121651e-05
0.00022158001956995577
0.0003866991028189659
0.000325749977491796
0.00026411275030113757
0.00010566603305051103
9.82157071121037e-05
0.0002862467954400927
0.0005071311607025564
0.0004519269277807325
0.00018359343812335283
8.159023855114356e-05
0.00011289008398307487
0.00011414863547543064
0.00012804692960344255
0.0001306201593251899
8.905987488105893e-05
6.289247539825737e-05
0.00015941631863825023
0.00014809402637183666
0.00021589500829577446
0.0003188531845808029
0.00030384783167392015
0.00010120779916178435
3.820912752416916e-05
