9.630076237954199e-05
0.0002963404403999448
0.0004107107233721763
0.0003541300829965621
0.00016191034228540957
8.518212416674942e-05
0.00014472883776761591
0.0002379916695645079
0.00030963754397816956
0.00039857771480455995
0.00028490781551226974
0.0001881313364719972
0.00026405302924104035
0.0006635114550590515
0.0006903973408043385
0.0005174987600184977
0.000573451048694551
0.00023514920030720532
0.0002463097043801099
0.00019691015768330544
0.0002500122645869851
0.00035730836680158973
0.00046151402057148516
0.0005304057849571109
0.000392524350900203
0.00038728254730813205
0.0003700331144500524
0.00011384942627046257
0.0004090949660167098
0.001015175017528236
0.0021179583854973316
0.004349210765212774
0.0048016333021223545
0.004115147516131401
0.0028992185834795237
0.0024094292894005775
0.001828845008276403
0.0010497636394575238
0.000344405765645206
9.33984192670323e-05
0.00023523894196841866
0.0004119823279324919
0.0003500072343740612
0.00020441401284188032
9.259660873794928e-05
0.00011864428233820945
0.0004114287730772048
0.0005934383370913565
0.00039247385575436056
0.00019976760086137801
7.170569733716547e-05
9.31426984607242e-05
0.00011793974408647045
0.00014989488408900797
8.953861106419936e-05
7.59395188651979e-05
6.476402631960809e-05
8.965830056695268e-05
0.000195354237803258
0.00018064807227347046
0.00029451248701661825
0.0003547285159584135
8.230554522015154e-05
3.4557408071123064e-05
