0.00010101612861035392
0.0003072860126849264
0.0003677590866573155
0.0003660087240859866
0.00027210163534618914
9.46251893765293e-05
0.00013368704821914434
0.00016426632646471262
0.00021152656699996442
0.00046284805284813046
0.00026496549253351986
0.000162486030603759
0.00021004547306802124
0.0004284987517166883
0.0007154561462812126
0.00048074082587845623
0.000732152140699327
0.0002557386178523302
0.00026199943386018276
0.0001599427341716364
0.00019831642566714436
0.00023226179473567754
0.0002722811477724463
0.00041378126479685307
0.00038580771069973707
0.00031680057873018086
0.0001880698255263269
0.0001183319982374087
0.0005337459151633084
0.0011382101802155375
0.002457143273204565
0.004180847201496363
0.004715221468359232
0.00429858174175024
0.0034846668131649494
0.002513895044103265
0.0019918414764106274
0.0010232087224721909
0.00025733563234098256
6.780099647585303e-05
0.00021044939057901502
0.0004021981731057167
0.0003118217864539474
0.000277397659374401
0.00010626445146044716
6.874350947327912e-05
0.00023513422638643533
0.0005466204602271318
0.0004424624494276941
0.0001331036037299782
7.345605990849435e-05
8.828192949295044e-05
0.00011615335097303614
0.0001109022123273462
0.00012281078670639545
7.98142864368856e-05
6.951537216082215e-05
0.00011420172813814133
0.00016872596461325884
0.00020589075575117022
0.00036988910869695246
0.0002315661549801007
7.286513573490083e-05
3.423897942411713e-05
