9.577714081387967e-05
0.00030021026032045484
0.00039392500184476376
0.00037333223735913634
0.00011660964082693681
0.00011211119999643415
0.0001448027032893151
0.00017277884762734175
0.00028912670677527785
0.000447857630206272
0.00027554252301342785
0.00017907722212839872
0.0002855196944437921
0.0005492728087119758
0.0005109778721816838
0.0006581574562005699
0.00048787699779495597
0.00025904111680574715
0.00030576277640648186
0.00017620480502955616
0.0001669292978476733
0.00022361462470144033
0.0002226272481493652
0.0004279103595763445
0.00041638867696747184
0.0003681713715195656
0.00017130616470240057
0.00014662789180874825
0.00047887078835628927
0.0011487721931189299
0.002442855853587389
0.004254557657986879
0.004900447092950344
0.004495376721024513
0.0036363450344651937
0.0026550255715847015
0.0021014721132814884
0.0011844829423353076
0.00028001575265079737
6.98954681865871e-05
0.0002519049448892474
0.0004132539907004684
0.0003414136590436101
0.00028760070563293993
0.00011823285603895783
0.000119597498269286
0.00035662660957314074
0.0005333362496457994
0.000339639896992594
0.00015504502516705543
7.09576706867665e-05
0.00010624575952533633
0.0001117297142627649
0.0001319965231232345
0.00011265165085205808
8.481857366859913e-05
6.143624341348186e-05
0.00011187276686541736
0.00014932264457456768
0.00021818211826030165
0.000346268352586776
0.0002573964011389762
8.27998374006711e-05
3.4970176784554496e-05
