9.802122076507658e-05
0.0004062973312102258
0.00037813937524333596
0.00035285844933241606
0.0002444845449645072
0.00010704873420763761
0.00015173877181950957
0.0001636529341340065
0.0003075151180382818
0.0003672560560517013
0.00018718581122811884
0.00018955423729494214
0.0002925096487160772
0.000558894535060972
0.0006164176156744361
0.0005141326691955328
0.0006239278591237962
0.0002422529214527458
0.0002484395226929337
0.00015428205369971693
0.00018926533812191337
0.0002172713866457343
0.0002886794973164797
0.00039790626033209264
0.0003793853975366801
0.0002899663522839546
0.00016586710989940912
0.00013137658243067563
0.0004220956761855632
0.0010012167040258646
0.002048392314463854
0.003695932449772954
0.0045345136895775795
0.004155145026743412
0.00353100779466331
0.0022539354395121336
0.0017361693317070603
0.0009479020372964442
0.00016302459698636085
8.748902473598719e-05
0.00019895973673556
0.0004114886396564543
0.0003051343956030905
0.00030727378907613456
8.497444650856778e-05
0.00011244809866184369
0.00036547015770338476
0.0005040792166255414
0.0005316664464771748
0.00018027843907475471
7.045311213005334e-05
0.00010185110295424238
0.00010838884190889075
0.00011188960343133658
0.0001242020953213796
8.084417640930042e-05
6.238484638743103e-05
0.00013926079554948956
0.00014655683480668813
0.00020968640455976129
0.00032052877941168845
0.0002706055820453912
9.170788689516485e-05
3.820912752416916e-05
