0.00010014560393756256
0.0003302374389022589
0.000383098260499537
0.0003763464046642184
0.00027044102898798883
0.00010626445873640478
0.00013483900693245232
0.00016903362120501697
0.000412999652326107
0.00035870797000825405
0.00023881452216301113
0.0001670040946919471
0.0002010841271840036
0.000523068243637681
0.0005677320878021419
0.0005897280643694103
0.0004954918986186385
0.00022101150534581393
0.00024856257368810475
0.00016906439850572497
0.00020775462326128036
0.00022038316819816828
0.00028920150361955166
0.00041928308201022446
0.0004079579666722566
0.0003167159447912127
0.0001835011353250593
0.0001909558632178232
0.00043180500506423414
0.0009851491777226329
0.0027160828467458487
0.004811562597751617
0.004732515662908554
0.004248461220413446
0.0027927341870963573
0.0024354804772883654
0.0020877982024103403
0.0009504555491730571
9.839523409027606e-05
8.563391747884452e-05
0.0002793364110402763
0.00037966229137964547
0.00033571370295248926
0.00022967364930082113
0.00010439439211040735
7.73308493080549e-05
0.00033118348801508546
0.0005192456301301718
0.0004071800212841481
0.0002570214564912021
7.524484681198373e-05
9.84036159934476e-05
0.00012451627117116004
0.00010554635809967294
0.0001222370920004323
9.577059972798452e-05
8.102108404273167e-05
0.00012423917360138148
0.00015639215416740626
0.00020491394388955086
0.00032135387300513685
0.00021568652300629765
8.424259431194514e-05
3.524694693624042e-05
