0.0001033050793921575
0.0002823645481839776
0.00040832042577676475
0.000389007298508659
0.00016498443437740207
0.00010825232311617583
0.00014392893353942782
0.00017640968144405633
0.0003183003864251077
0.0003510033420752734
0.000266700895735994
0.0001780299935489893
0.00021064389147795737
0.0004242948489263654
0.0007344110636040568
0.0005943212890997529
0.00019734306260943413
0.00026683835312724113
0.0002514710940886289
0.00015542465553153306
0.0001776110875653103
0.00022442250337917358
0.00029096685466356575
0.00042021062108688056
0.00041147368028759956
0.0003927730431314558
0.0002181182790081948
0.00017506367294117808
0.00048756477190181613
0.0015437108231708407
0.0024324324913322926
0.004852080252021551
0.0049943928606808186
0.004587753675878048
0.00389364967122674
0.0026666985359042883
0.0020576613023877144
0.001326433732174337
0.00019092127331532538
7.604424172313884e-05
0.00020769053662661463
0.0004118353535886854
0.00033188381348736584
0.0002591458323877305
9.6136202046182e-05
0.0001146124122897163
0.00033768848516047
0.0005692022969014943
0.0005443678819574416
0.0002877652586903423
8.955357043305412e-05
0.00011462475958978757
0.0001289461215492338
0.00013082280929666013
0.00010966329864459112
9.162186324829236e-05
6.464713806053624e-05
8.836635242914781e-05
0.00015800161054357886
0.00020265497732907534
0.0003433734818827361
0.0003238948993384838
0.00011468722368590534
4.084217653144151e-05
