8.9981549535878e-05
0.00031904768547974527
0.00037064796197228134
0.0003396132087800652
0.00014132721116766334
9.900861186906695e-05
0.0001362303300993517
0.0001666749594733119
0.0002105391613440588
0.00037421679007820785
0.00023904064437374473
0.0001857393071986735
0.000260829838225618
0.0005128161865286529
0.000542422931175679
0.0005501726409420371
0.00038811512058600783
0.00020802125800400972
0.00019890083058271557
0.00015651679132133722
0.00019596763013396412
0.00021520683367270976
0.00032838378683663905
0.0003865306789521128
0.0003799468686338514
0.0002890444011427462
0.0001466045214328915
0.00015359856479335576
0.0005055752699263394
0.0011800845386460423
0.0025237819645553827
0.004118453245609999
0.00434963870793581
0.0038730106316506863
0.0028924152720719576
0.0021611254196614027
0.0015507843345403671
0.000636504904832691
0.0002390483277849853
9.012768714455888e-05
0.0002986135077662766
0.0003681406087707728
0.00031096432940103114
0.0001930802536662668
7.363560143858194e-05
0.000108777814602945
0.0003095029096584767
0.0005037051741965115
0.00042350191506557167
0.0001937235501827672
7.160096720326692e-05
8.935907681006938e-05
0.00011673681001411751
0.0001120840897783637
0.00011803836969193071
7.761509186821058e-05
7.878200995037332e-05
0.00010074200690723956
0.00015361240366473794
0.00020224504987709224
0.00032093850313685834
0.00027578239678405225
6.326423317659646e-05
3.406506948522292e-05
