0.00010777172428788617
0.0003940220922231674
0.0004242031427565962
0.00039953520172275603
0.00028305273735895753
0.00010779043077491224
0.00016911054262891412
0.00021948553330730647
0.0004268428310751915
0.0004110426234547049
0.00024558600853197277
0.0001831006520660594
0.0002792527957353741
0.0005404032999649644
0.0006265608826652169
0.0005288388929329813
0.0004945461987517774
0.00030109475483186543
0.00029264192562550306
0.00015014360542409122
0.00018384962459094822
0.00021071868832223117
0.00026302062906324863
0.0004184452991466969
0.0003999092150479555
0.00036539536085911095
0.0001751636591507122
0.00018002462456934154
0.00071348698111251
0.0014187877532094717
0.003011647379025817
0.004958748817443848
0.005404960364103317
0.004992320202291012
0.003539476776495576
0.0026479344815015793
0.0022652149200439453
0.001015170942991972
0.00027235972811467946
8.15517851151526e-05
0.00034846190828830004
0.0004087957786396146
0.0003373593499418348
0.0002722961362451315
0.00012233202869538218
8.353945304406807e-05
0.0003396680695004761
0.0005480575491674244
0.0004698515112977475
0.00016347342170774937
0.00010150701564271003
0.00011823286331491545
0.00014284288045018911
9.844011219684035e-05
0.00011649973748717457
9.004307503346354e-05
7.547558197984472e-05
0.00015229791461024433
0.00017412529268767685
0.0002013982884818688
0.0003067052748519927
0.0003339333925396204
9.227357804775238e-05
3.824926898232661e-05
