0.00011372974404366687
0.0004950028378516436
0.0004582252586260438
0.0004504009266383946
0.00034823562600649893
0.00010701248538680375
0.00017203328025061637
0.00021059899881947786
0.0003901699383277446
0.00047070233267731965
0.000276649632724002
0.0001938537461683154
0.0003176927857566625
0.0007995791384018958
0.0007281108992174268
0.0006738509982824326
0.0005537798861041665
0.00038964630221016705
0.00031939178006723523
0.00019717942632269114
0.00022122738300822675
0.00025459876633249223
0.0003985178773291409
0.0004952974268235266
0.0004735291877295822
0.0003909686056431383
0.00014644557086285204
0.00017958588432520628
0.0004511639126576483
0.0010871648555621505
0.0029563207644969225
0.00516553595662117
0.005605560727417469
0.005101846531033516
0.003988709766417742
0.0029950179159641266
0.00251005869358778
0.0015565657522529364
0.00046530156396329403
7.366552017629147e-05
0.0003298067022114992
0.0004669441550504416
0.00038851864519529045
0.00027065048925578594
0.00011721554619725794
9.030158980749547e-05
0.0004329174698796123
0.0006711253663524985
0.0005107515607960522
0.00022943428484722972
8.403314859606326e-05
9.541809413349256e-05
0.00013308864436112344
0.00013132329331710935
0.0001470168645028025
9.808106551645324e-05
8.623234316473827e-05
0.0001009013649309054
0.00017362539074383676
0.00031630523153580725
0.00042227518861182034
0.0002804645337164402
0.00011174000974278897
4.1216189856640995e-05
