0.00010292826482327655
0.00033876716042868793
0.000419557502027601
0.0003609081031754613
0.00019926641834899783
0.00010026902600657195
0.00014526929589919746
0.00017719219613354653
0.00033711997093632817
0.0004215271328575909
0.00024539712467230856
0.00018361027468927205
0.00027142843464389443
0.0005449812160804868
0.0006573645514436066
0.0005671826074831188
0.0005879777017980814
0.00021694223687518388
0.0003033092070836574
0.00016743794549256563
0.00017071430920623243
0.0002551214420236647
0.0003265916893724352
0.00042180338641628623
0.00035603006836026907
0.0003080068272538483
0.0001987951691262424
0.0001709103089524433
0.0005059241084381938
0.0014464618870988488
0.002912376308813691
0.004507629666477442
0.005010601133108139
0.00454888679087162
0.003632181091234088
0.002662620274350047
0.0021500736474990845
0.000729668652638793
0.00017027297872118652
7.74589425418526e-05
0.0003136824816465378
0.0003985874354839325
0.0003348076425027102
0.00021425590966828167
8.227528451243415e-05
0.00014104762522038072
0.00038576871156692505
0.0005764281959272921
0.0004619242390617728
0.00019605553825385869
7.610781904077157e-05
0.00010991762246703729
0.00012287248682696372
0.00013948330888524652
0.00011269933747826144
8.722034544916824e-05
6.801699782954529e-05
0.00010359120642533526
0.00016375764971598983
0.00021448872576002032
0.0003284017147962004
0.00031277924426831305
9.929285442922264e-05
4.0303595596924424e-05
