0.00010327235941076651
0.0003050946688745171
0.0003864681348204613
0.0003800940467044711
0.0002910190378315747
0.0001293578534387052
0.00015919379075057805
0.00016438601596746594
0.00030729250283911824
0.00038648967165499926
0.0001884620578493923
0.00015378159878309816
0.00023441041412297636
0.0005047944723628461
0.0005979862762615085
0.0005268041859380901
0.000642164668533951
0.0002397271164227277
0.0003057029389310628
0.00017782053328119218
0.00018405908485874534
0.0002658297889865935
0.00034525099908933043
0.0002891565964091569
0.00030944307218305767
0.00025554036255925894
0.00016048132965806872
0.0001506127300672233
0.0004282180452719331
0.0014348105760291219
0.0029397360049188137
0.004310932941734791
0.004656072240322828
0.00419141398742795
0.0034686392173171043
0.0024418234825134277
0.001956112217158079
0.0007012474816292524
0.00018273507885169238
8.329260163009167e-05
0.00021602801280096173
0.00034029161906801164
0.0003051147796213627
0.00020018834038637578
7.728595664957538e-05
0.00013183755800127983
0.00033249720581807196
0.0005328034167177975
0.00046422440209425986
0.0002192162355640903
7.286821346497163e-05
9.146598313236609e-05
9.767805750016123e-05
0.0001148293522419408
9.777343802852556e-05
8.238655573222786e-05
6.715863128192723e-05
0.00012454151874408126
0.00016652161139063537
0.00023283780319616199
0.00030164854251779616
0.0002109655470121652
7.815366552677006e-05
3.47233290085569e-05
