9.223149390891194e-05
0.0003804457955993712
0.0003829739289358258
0.00036006938898935914
0.0002028526650974527
0.00011126126628369093
0.0001353925617877394
0.00016030178812798113
0.00023752791457809508
0.00040842173621058464
0.0002583529567345977
0.00016730331117287278
0.00020708327065221965
0.0005287752719596028
0.0005542106810025871
0.000658838136587292
0.0003957670123782009
0.00024960757582448423
0.00025171044399030507
0.0001589703024365008
0.00017571110220160335
0.0002212359249824658
0.0002623025211505592
0.00040943565545603633
0.0003838715492747724
0.0003408750344533473
0.00024271919392049313
8.6995329183992e-05
0.0004773198743350804
0.0015198993496596813
0.0027353197801858187
0.0041070920415222645
0.00444316491484642
0.003947987221181393
0.003179690334945917
0.002260906156152487
0.001810011686757207
0.0009971177205443382
0.0002563931338954717
7.558046490885317e-05
0.00021893200755584985
0.0003529885725583881
0.0003040713199879974
0.00014250347157940269
7.127557910280302e-05
0.000138052724651061
0.0003533418639563024
0.0005233605043031275
0.0004042029322590679
0.00019436686125118285
8.198356226785108e-05
9.015075920615345e-05
9.710581798572093e-05
0.00012182336649857461
0.00011968403123319149
7.953003660077229e-05
6.857894913991913e-05
6.706793647026643e-05
0.00015144517237786204
0.00015775850624777377
0.00028121256036683917
0.0002874742785934359
8.486676961183548e-05
3.5718803701456636e-05
