9.598083124728873e-05
0.00042682315688580275
0.00040432089008390903
0.0003756115329451859
0.0002138604031642899
0.00011040851677535102
0.00014402122178580612
0.00016655340732540935
0.0003156376478727907
0.0003751346084754914
0.00023740822507534176
0.000170804065419361
0.000204091178602539
0.0005216068821027875
0.00046452361857518554
0.0005505315493792295
0.0005160027649253607
0.00023695940035395324
0.00025503101642243564
0.00018203207582700998
0.0002048831811407581
0.00022264874132815748
0.0003446301561780274
0.0004029911069665104
0.0003941643808502704
0.0003291011671535671
0.00020114396465942264
0.00012958787556272
0.0003576457966119051
0.0008897461229935288
0.0019355003023520112
0.0037751933559775352
0.004669307731091976
0.004219760186970234
0.003634414868429303
0.0024573674891144037
0.002104060258716345
0.0013678688555955887
0.0003505694621708244
5.746329406974837e-05
0.0001588057348271832
0.0003802622086368501
0.00033487536711618304
0.00019803218310698867
9.722831600811332e-05
8.934412471717224e-05
0.00024183656205423176
0.0005021493416279554
0.0005243656923994422
0.00026532451738603413
8.023317786864936e-05
7.179545355029404e-05
0.00012381313717924058
0.00010087867121910676
0.00013694845256395638
8.437452197540551e-05
6.819953705416992e-05
0.00012487532512750477
0.00014893182378727943
0.0001903574593598023
0.0003119564207736403
0.00029249279759824276
9.46251893765293e-05
3.7805195461260155e-05
