9.884404425974935e-05
0.0002870348980650306
0.00038224083255045116
0.0003615205641835928
0.0002714134461712092
0.00010783398465719074
0.00013749123900197446
0.0001509050198365003
0.000281827844446525
0.00035604971344582736
0.0001897739857668057
0.0001732426171656698
0.00024735694751143456
0.000491422601044178
0.0006380804697982967
0.0004694755480159074
0.0004143889236729592
0.00022702669957652688
0.0002522313443478197
0.00015938092838041484
0.0001930512662511319
0.00020337308524176478
0.000262781250057742
0.0003742369881365448
0.0003647370613180101
0.00031975083402357996
0.00019572826568037271
0.00014143659791443497
0.00039447855670005083
0.00095822021830827
0.002053314121440053
0.0039388760924339294
0.004919717088341713
0.004449313972145319
0.0038302328903228045
0.0026006740517914295
0.0019542663358151913
0.001029569306410849
0.0002609072544146329
8.270447142422199e-05
0.00028750256751663983
0.0003735132922884077
0.000327289046254009
0.0002372735907556489
8.823705138638616e-05
0.00010524433309910819
0.0003000777796842158
0.0005201337044127285
0.0004732605302706361
0.0002280429471284151
8.392842573812231e-05
7.547574205091223e-05
0.00014143659791443497
9.965190838556737e-05
0.00014683733752463013
8.384382090298459e-05
6.828414188930765e-05
0.00012201412027934566
0.00015016511315479875
0.00019542904919944704
0.0003212768060620874
0.0003549229877535254
0.00011640768207143992
4.1979175875894725e-05
