9.700390364741907e-05
0.00028596576885320246
0.00038683373713865876
0.00039888411993160844
0.00024587829830124974
0.00015061019803397357
0.00014914125495124608
0.00016722849977668375
0.00020715811115223914
0.00043554516742005944
0.00021493581880349666
0.00021619722247123718
0.0003519430465530604
0.00061245501274243
0.0005905209691263735
0.0006708140717819333
0.00044550883467309177
0.00033140505547635257
0.00024550186935812235
0.00020005185797344893
0.00017538198153488338
0.00022521922073792666
0.00033572909887880087
0.00038766028592363
0.00040824219468049705
0.00031415559351444244
0.00020549747569020838
9.589682304067537e-05
0.0003732346522156149
0.001117136562243104
0.002358880825340748
0.004124968312680721
0.004624070134013891
0.0041845147497951984
0.0029647082556039095
0.0023435780312865973
0.0018760322127491236
0.0010451108682900667
0.0002833968319464475
8.02182184997946e-05
0.00022104143863543868
0.00041855001472868025
0.00032500599627383053
0.00021618952450808138
5.656566645484418e-05
0.0001261619181605056
0.00041878840420395136
0.0005363743402995169
0.0003682200622279197
0.00016442341438960284
6.806467717979103e-05
8.9763016148936e-05
0.00011298172466922551
0.00012226229591760784
0.00011292495764791965
8.400322258239612e-05
7.049388659652323e-05
9.990623948397115e-05
0.00015652742877136916
0.0002210504753747955
0.0003806821769103408
0.00021679919154848903
7.838088640710339e-05
3.711700628628023e-05
