9.93975845631212e-05
0.00027507476625032723
0.00040059926686808467
0.0003852600639220327
0.00023911653261166066
0.00011862837709486485
0.0001475900353398174
0.0001707339397398755
0.000364897889085114
0.0003503375919535756
0.00020166665490251034
0.00017214864783454686
0.0003135394072160125
0.0006613496807403862
0.0005917908274568617
0.000650795002002269
0.00043386861216276884
0.0002322029904462397
0.00021927889611106366
0.00015520025044679642
0.00019050705304834992
0.00021726632257923484
0.0003104013449046761
0.00042266485979780555
0.00039575115079060197
0.0003300389798823744
0.0001673322985880077
0.00016593349573668092
0.0004473798326216638
0.0010861775372177362
0.0025449611712247133
0.004402696155011654
0.00497791264206171
0.004607425536960363
0.0038332492113113403
0.0026928468141704798
0.0021385536529123783
0.0010445115622133017
0.00023649376817047596
7.456595631083474e-05
0.0003019833820872009
0.00039719761116430163
0.00035696601844392717
0.00023344183864537627
9.448306082049385e-05
0.0001351120590697974
0.00038621382554993033
0.0005682494374923408
0.0004522120871115476
0.00021953323448542506
8.265678479801863e-05
0.00011188960343133658
0.00012255643378011882
0.0001214344083564356
0.00012963275366928428
8.701028855284676e-05
7.089782593538985e-05
7.347101927734911e-05
0.0001703103625914082
0.00016235139628406614
0.0003626412362791598
0.00029208813793957233
0.00010100330837303773
3.4366144973319024e-05
