9.93227877188474e-05
0.0002818278153426945
0.00041204405715689063
0.00038243536255322397
0.00023864718968980014
0.00012085094203939661
0.00013896811287850142
0.00016716864774934947
0.00035703423782251775
0.0004125199047848582
0.0002585921320132911
0.00020008377032354474
0.00034773070365190506
0.0006477271672338247
0.0006748346495442092
0.0006535608554258943
0.00040400089346803725
0.00023022630193736404
0.00024641258642077446
0.00017550258780829608
0.00019720000273082405
0.00021784829732496291
0.00029422822990454733
0.00039598956936970353
0.0003852329682558775
0.0003561647026799619
0.00016438032616861165
0.0001340455055469647
0.0005574246169999242
0.0012022710870951414
0.0026795759331434965
0.0043509784154593945
0.0050719850696623325
0.00468845758587122
0.0038998890668153763
0.002808295888826251
0.0025088912807404995
0.001108705997467041
0.00010635421494953334
7.643321441719308e-05
0.0002578513231128454
0.0003679086803458631
0.0003513623960316181
0.00023998667893465608
0.00010671799827832729
0.00014730110706295818
0.00040299794636666775
0.0005501650157384574
0.00042342711822129786
0.00024671366554684937
8.232092659454793e-05
0.00014216966519597918
0.0001256383111467585
0.0001333763648290187
9.081025200430304e-05
8.947877358878031e-05
7.80018453951925e-05
0.0001433066645404324
0.00015388158499263227
0.0002643670595716685
0.00036752523737959564
0.00020461480016820133
6.6941007389687e-05
3.3811342291301116e-05
