0.00010917155304923654
0.00033978294231928885
0.0003570174449123442
0.00037245667772367597
0.00023491037427447736
0.00011829354480141774
0.00014752552669961005
0.00019290072668809444
0.0002990454959217459
0.00045960163697600365
0.00026035765768028796
0.00018184492364525795
0.0001941873342730105
0.0005457886145450175
0.0005943981814198196
0.0006701875245198607
0.0004648228350561112
0.0002604474138934165
0.00025529254344291985
0.00017224093608092517
0.00023431607405655086
0.00024960757582448423
0.00037615193286910653
0.00044459811761043966
0.00039899381226859987
0.0003634873137343675
0.0001786976063158363
0.00015226640971377492
0.0005173042882233858
0.0009722529212012887
0.002940070116892457
0.00473264092579484
0.005018201656639576
0.004464603029191494
0.003683051560074091
0.002717411145567894
0.002365495078265667
0.0009643077501095831
6.850414501968771e-05
6.494353874586523e-05
0.00028276618104428053
0.0003971678961534053
0.00038919958751648664
0.00024715965264476836
9.689917351352051e-05
0.00010758097778307274
0.0003195713215973228
0.0006118547171354294
0.0005971485516056418
0.0002850425080396235
8.892523328540847e-05
7.119703514035791e-05
0.00012069325748598203
0.00013495309394784272
0.00013832961849402636
7.871468551456928e-05
5.752594006480649e-05
0.00014159741112962365
0.00015324885316658765
0.0002263047208543867
0.0003544386418070644
0.0003091322723776102
7.617139635840431e-05
3.6829955206485465e-05
