9.72575944615528e-05
0.00036208744859322906
0.0003447348717600107
0.00040064225322566926
0.0003165193775203079
0.00013443776697386056
0.00015754268679302186
0.0001878889452200383
0.00040311337215825915
0.00040506693767383695
0.00021093372197356075
0.00019465110381133854
0.0002581135486252606
0.0004008217656519264
0.00042986017069779336
0.0006235238397493958
0.0006409379420801997
0.00025449309032410383
0.0002649654634296894
0.00016718362167011946
0.00018975901184603572
0.00025353566161356866
0.0003669212746899575
0.0005089114420115948
0.0004046516551170498
0.0002641684259288013
0.00016651855548843741
0.0001228883775183931
0.000444439152488485
0.0012472750386223197
0.0027533769607543945
0.004164423327893019
0.004883170127868652
0.005105017218738794
0.004592320881783962
0.0035057472996413708
0.0022219489328563213
0.0010834396816790104
0.00027169770328328013
5.8450688811717555e-05
0.0002991872897837311
0.00042645668145269156
0.00037237853393889964
0.00025939923943951726
0.0001770942035363987
0.00015099636220838875
0.0003745362046174705
0.0006514850538223982
0.0007064349483698606
0.0003454230900388211
0.00014131386706139892
0.00020016067719552666
0.00021612030104734004
0.00021456353715620935
0.00019647629233077168
0.0001391775585943833
7.003011705819517e-05
9.672785381553695e-05
0.00018623925279825926
0.0002187815262004733
0.00041717832209542394
0.00024119322188198566
0.00010828412632690743
3.961541369790211e-05
