3.155263402732089e-05
3.75807867385447e-05
4.374861600808799e-05
4.169492603978142e-05
4.003430876764469e-05
4.142563557252288e-05
4.027979957754724e-05
3.8587695598835126e-05
3.619566996349022e-05
3.768780516111292e-05
3.925684723071754e-05
3.891227243002504e-05
3.839541022898629e-05
4.4579286623047665e-05
4.469824489206076e-05
4.481771611608565e-05
4.995556446374394e-05
4.360145248938352e-05
4.4348544179229066e-05
4.3744508730014786e-05
4.331020682002418e-05
4.3417887354735285e-05
4.209137841826305e-05
4.129660374019295e-05
4.155990973231383e-05
4.0549508412368596e-05
3.778368773055263e-05
3.772010313696228e-05
3.732631012098864e-05
4.151042230660096e-05
3.981831468991004e-05
4.8179364966927096e-05
6.84461701894179e-05
5.9417510783532634e-05
9.414925443707034e-05
7.420036126859486e-05
5.637117646983825e-05
5.499480903381482e-05
3.936108623747714e-05
3.895687768817879e-05
4.075241304235533e-05
4.078233541804366e-05
3.754935823963024e-05
3.7820580473635346e-05
3.741860200534575e-05
3.703403490362689e-05
3.757704689633101e-05
3.796975943259895e-05
3.744614150491543e-05
3.66831554856617e-05
3.6174496926832944e-05
3.6064917367184535e-05
3.6321300285635516e-05
3.589025072869845e-05
3.5471352020977065e-05
3.434931568335742e-05
3.54265357600525e-05
3.543114507920109e-05
3.466348789515905e-05
3.666819247882813e-05
3.915794150088914e-05
3.600338823162019e-05
3.506741995806806e-05
3.32123163389042e-05
