0.00011406328121665865
0.0004599158128257841
0.00043367122998461127
0.0004023178480565548
0.000102823534689378
0.00013002631021663547
0.00015857334074098617
0.00018356535292696208
0.0003348770260345191
0.0003994906728621572
0.0001974038314074278
0.00016965212125796825
0.0003009640204254538
0.0007550118025392294
0.0006684951367788017
0.0006459304713644087
0.0005083007272332907
0.00035470884176902473
0.00027359771775081754
0.00018676691979635507
0.00020551243505906314
0.000256497849477455
0.000374470604583621
0.0004710436624009162
0.00041722599416971207
0.0003340764669701457
0.0001859936601249501
0.0001585962891113013
0.0004926942638121545
0.001094839652068913
0.002074872376397252
0.004288772586733103
0.005479075014591217
0.0048506660386919975
0.003890296444296837
0.0028208778239786625
0.0021832012571394444
0.0012777168303728104
0.0004004777001682669
9.178133041132241e-05
0.0004372861876618117
0.0004281546571291983
0.00042686803499236703
0.00047909514978528023
0.00027138349832966924
0.00011558484402485192
0.0002629308437462896
0.0005636479472741485
0.000504024385008961
0.00025844600168056786
0.00010360708984080702
0.00012315859203226864
0.00014730110706295818
0.0001246060273842886
0.0001677521358942613
8.29111086204648e-05
7.978436769917607e-05
7.351591921178624e-05
0.00018074762192554772
0.0002539773122407496
0.0004873730067629367
0.0002831153979059309
8.350953430635855e-05
3.405010647838935e-05
