0.00010442431084811687
0.0003071365936193615
0.0004005059599876404
0.00038166975718922913
0.00016766609041951597
0.00011045807332266122
0.0001480828068451956
0.00018151110270991921
0.00038228760240599513
0.00038378179306164384
0.0002267497911816463
0.00018656588508747518
0.00030918873380869627
0.0006037012208253145
0.000667732150759548
0.0005058745155110955
0.0005297072348184884
0.00028035108698531985
0.00026972158229909837
0.00016964893438853323
0.00024170750111807138
0.00023929138842504472
0.0003491613024380058
0.00043765176087617874
0.0004143966070841998
0.0003293236659374088
0.00016156220226548612
0.00013182270049583167
0.0005687104421667755
0.0012606908567249775
0.002304555382579565
0.004817316774278879
0.005248959641903639
0.00468755979090929
0.0038433533627539873
0.002848150907084346
0.0022837058641016483
0.001301429234445095
0.0003234909672755748
6.673880125163123e-05
0.00023965230502653867
0.00042422005208209157
0.0003434781974647194
0.0002725654048845172
0.00010822428157553077
9.981648327084258e-05
0.00027528824284672737
0.0005261010956019163
0.00044097803765907884
0.0002046293520834297
7.589464075863361e-05
0.00010598020890029147
0.00011938572424696758
0.00012288530706427991
9.989128011511639e-05
8.955357770901173e-05
7.183755951700732e-05
0.00013752815721090883
0.00016920329653657973
0.00019563849491532892
0.0003536961448844522
0.00018680431821849197
9.362282435176894e-05
4.064768654643558e-05
