0.00011063292913604528
0.0003640937793534249
0.0004416097654029727
0.0004200909461360425
0.0002539395645726472
9.550785034662113e-05
0.00014688243390992284
0.0002002996188821271
0.0004056091420352459
0.00047174960491247475
0.0003065556811634451
0.00020472121832426637
0.000321023166179657
0.0006347087328322232
0.0006968782399781048
0.0007422101916745305
0.00045816542115062475
0.0002939720288850367
0.0003062751784455031
0.00019165899720974267
0.0002257988671772182
0.0002532214857637882
0.0002846235875040293
0.0004247718316037208
0.0003940532333217561
0.00031820041476748884
0.00010791478416649625
0.00020615573157556355
0.0006492709508165717
0.0011823885142803192
0.002256732201203704
0.004342974163591862
0.0054602543823421
0.00503998389467597
0.004185784608125687
0.002926573855802417
0.002539111766964197
0.0010381374740973115
0.0002939088735729456
7.357582217082381e-05
0.0002885578142013401
0.0004401781188789755
0.00036745707620866597
0.0002393830072833225
9.428109478903934e-05
0.00012720916129183024
0.00035395054146647453
0.0006164326332509518
0.000609580660238862
0.00028939597541466355
8.253628766397014e-05
0.00011906267900485545
0.00014174458920024335
0.00016399702872149646
0.00012756820069625974
9.07803259906359e-05
6.310013850452378e-05
0.0001063564996002242
0.00016930281708482653
0.0002841644745785743
0.000408896739827469
0.00025930386618711054
7.763379107927904e-05
3.535166979418136e-05
