9.492812387179583e-05
0.0002907424350269139
0.0004054445889778435
0.000365021318430081
0.00022974175226408988
0.00010530278814258054
0.00013482592476066202
0.0001604962017154321
0.0003954360436182469
0.0003929974336642772
0.00022328099294099957
0.00018533936236053705
0.0002663066261447966
0.0006230573053471744
0.0005441518733277917
0.0005817924975417554
0.0004080860526300967
0.00024981421302072704
0.00023353345750365406
0.00014896174252498895
0.00017744653450790793
0.00022320407151710242
0.00031214728369377553
0.0004127303836867213
0.00038342271000146866
0.00032738069421611726
0.0002149974025087431
0.00010864317300729454
0.00028450388344936073
0.0011312408605590463
0.0018287720158696175
0.003873274428769946
0.004907374270260334
0.004524789750576019
0.00393721554428339
0.0026239529252052307
0.0019379298901185393
0.0009814518271014094
0.0002614764089230448
8.187790081137791e-05
0.00029624789021909237
0.00038069995935074985
0.0003212020092178136
0.00025218920200131834
0.00010366132482886314
0.0001159220264526084
0.000347596884239465
0.0005174912512302399
0.0003882101154886186
0.00017231785750482231
8.001350943231955e-05
0.00011234040721319616
0.0001227612083312124
0.00013826497888658196
0.0001273138914257288
0.00010418494639452547
7.110727165127173e-05
9.172284626401961e-05
0.0001585513964528218
0.00017767092504072934
0.0003172075666952878
0.0003119564207736403
9.697398490970954e-05
3.9750058931531385e-05
