9.713855251902714e-05
0.00040737449307926
0.0003887381171807647
0.00036125126644037664
0.00027822048286907375
0.00010656417725840583
0.00013446852972265333
0.0001580277894390747
0.00022986813564784825
0.00034524331567808986
0.00017287982336711138
0.00017274892888963223
0.0003583648067433387
0.0006628755945712328
0.0005302114877849817
0.0005831753951497376
0.0005760541534982622
0.0002120950521202758
0.0003233114257454872
0.00018283231474924833
0.00017936139192897826
0.00021266686962917447
0.0003634654567576945
0.00039353605825453997
0.0003858762502204627
0.00032977439695969224
0.0002080108388327062
9.74826471065171e-05
0.0004935871693305671
0.0011885118437930942
0.0025621706154197454
0.004474624991416931
0.004575355909764767
0.004159214440733194
0.0029606688767671585
0.002246754476800561
0.0018053671810775995
0.0009645186364650726
0.0002716827439144254
7.390488462988287e-05
0.0002218044246546924
0.00039491240750066936
0.0003082312468905002
0.0002876156650017947
9.047256753547117e-05
0.00010819475573953241
0.000399475364247337
0.0005011768662370741
0.0004207043384667486
0.00015565831563435495
6.043482426321134e-05
9.671965381130576e-05
0.00010472352005308494
0.00010523217497393489
0.00010583188850432634
7.848293171264231e-05
5.4112140787765384e-05
9.68243766692467e-05
0.000144439356517978
0.00021123627084307373
0.0003651409933809191
0.0002793425228446722
9.475983097217977e-05
3.9600450691068545e-05
