0.00010489462874829769
0.00027491420041769743
0.00042661375482566655
0.00039602184551768005
0.0002533235528972
0.0001279272692045197
0.00015312075265683234
0.00017143241711892188
0.00035417304025031626
0.00035121277323924005
0.0002638583828229457
0.0001813335984479636
0.000289311574306339
0.0005800383514724672
0.0006576214218512177
0.0005853069014847279
0.0005888065206818283
0.0002760418283287436
0.0002781877701636404
0.00017558207036927342
0.0002057817328022793
0.0002384853723924607
0.00032395473681390285
0.0004494583990890533
0.00042197597213089466
0.0003609558043535799
0.00020343292271718383
0.00014055392239242792
0.0004196720547042787
0.0010136938653886318
0.003088991856202483
0.0046668569557368755
0.0052814604714512825
0.004805963486433029
0.00395592674612999
0.0028256503865122795
0.0022547272965312004
0.0015183715149760246
0.0004550087614916265
5.6221571867354214e-05
0.00013144298281986266
0.00044815687579102814
0.0003363366995472461
0.00025389270740561187
9.808057802729309e-05
0.0001609422906767577
0.0004066554829478264
0.0005823376122862101
0.0004986698622815311
0.00021179005852900445
8.09980119811371e-05
9.953425615094602e-05
0.00012554293789435178
0.00013825934729538858
0.00012718017387669533
9.208283881889656e-05
6.699968071188778e-05
0.00012482762394938618
0.00016084691742435098
0.000237797197769396
0.00038184254663065076
0.00025998736964538693
8.179841825040057e-05
3.6702789657283574e-05
