9.447131742490456e-05
0.0003394747618585825
0.00039379135705530643
0.00036876052035950124
0.00023788695398252457
0.00011408879800001159
0.00014788999396841973
0.00015485839685425162
0.0003463796165306121
0.00035164100700058043
0.00020589485939126462
0.00015784826246090233
0.00024629474501125515
0.0005003989208489656
0.000659144832752645
0.0007620880496688187
0.0006083240150474012
0.00022259732941165566
0.00032883184030652046
0.00017663865583017468
0.00014586489123757929
0.00019806860655080527
0.0002818662906065583
0.0003791562048718333
0.0003735188802238554
0.0003320035175420344
0.0002336980396648869
0.0001488745037931949
0.0004374553682282567
0.0009951656684279442
0.002559832064434886
0.003830547211691737
0.004718064330518246
0.004113646689802408
0.0031933183781802654
0.0023829613346606493
0.001677980413660407
0.0008729351102374494
0.00023248807701747864
8.228276419686154e-05
0.00026305054780095816
0.00036955581163056195
0.0003204232198186219
0.00016902375500649214
9.446716285310686e-05
8.892523328540847e-05
0.00022786343470215797
0.0005041090771555901
0.00042658744496293366
0.0002003837435040623
6.91296809236519e-05
9.007719199871644e-05
0.0001141635948442854
0.00011235338024562225
0.00010984070104314014
8.399764919886366e-05
6.816877430537716e-05
0.00011468722368590534
0.00015151996922213584
0.0001839842734625563
0.0003116572042927146
0.0003510033420752734
8.521287963958457e-05
3.243437095079571e-05
