9.50291141634807e-05
0.00046082743210718036
0.0004460445779841393
0.000422484619775787
0.00030070613138377666
8.472528134007007e-05
0.00011930880282307044
0.00016000258619897068
0.0002906526788137853
0.0005125468596816063
0.00036041351268067956
0.0002415557246422395
0.0002957723045255989
0.00047473551239818335
0.0004247604520060122
0.00045847491128370166
0.0003046538040507585
0.0002874548372346908
0.00029396481113508344
0.00017658347496762872
0.00027982500614598393
0.0002933838695753366
0.00038487857091240585
0.0004708821652457118
0.00035164100700058043
0.0002637087891343981
0.0001659119880059734
0.0001621868141228333
0.00038864396628923714
0.0012058913707733154
0.002922579413279891
0.005507574882358313
0.007405509240925312
0.006771258544176817
0.0056514497846364975
0.0034263592679053545
0.002522969152778387
0.0013979095965623856
0.00033887039171531796
6.0201062296982855e-05
0.00011447777797002345
0.0003495671262498945
0.0002973100636154413
0.0002987463085446507
0.00012936347047798336
7.317182462429628e-05
0.00032175553496927023
0.0008011648897081614
0.0008584038005210459
0.00027655152371153235
9.791905904421583e-05
0.00013878391473554075
0.00011532210191944614
0.00010670672781998292
8.798178896540776e-05
7.136839121812955e-05
5.037295341026038e-05
9.56593212322332e-05
0.0001223769213538617
0.00017276388825848699
0.0002555852406658232
0.0003139162145089358
0.000121269840747118
4.0528004319639876e-05
