0.00010659494728315622
0.00045127680641599
0.00041639944538474083
0.0004176972433924675
0.00024094042601063848
0.0001221007842104882
0.0001713276724331081
0.00018465748871676624
0.0003877074923366308
0.0003786952293012291
0.00023398226767312735
0.0001755016710376367
0.00024680342175997794
0.0006270403973758221
0.0006492762477137148
0.0007158395601436496
0.00045632902765646577
0.0002987163607031107
0.0002777866320684552
0.00017470875172875822
0.0002007849107030779
0.00027356776990927756
0.0002934502554126084
0.0004859202599618584
0.00043198681669309735
0.0003530808608047664
0.0001759317674441263
0.000161212490638718
0.0005344190867617726
0.0012638380285352468
0.0028719231486320496
0.004467879422008991
0.005075156223028898
0.004618367180228233
0.0036547165364027023
0.0027323116082698107
0.0023169033229351044
0.0014092198107391596
0.00044746865751221776
6.546716031152755e-05
0.0001695174432825297
0.00045348278945311904
0.0003465508343651891
0.00024032509827520698
6.63956452626735e-05
0.00014941803237888962
0.0004331692180130631
0.0005867201252840459
0.00043604630627669394
0.00018707454728428274
7.734580867690966e-05
0.0001035566019709222
0.00012047021300531924
0.00015874589735176414
0.00013826496433466673
9.118973684962839e-05
6.496915011666715e-05
0.00010073410521727055
0.0001652658829698339
0.00023835354659240693
0.00036428828025236726
0.0003152178251184523
0.00010690775525290519
3.0834773497190326e-05
