0.00011129118502140045
0.000502119364682585
0.0004861572233494371
0.0004623375425580889
0.00027356776990927756
0.00012447139306459576
0.00016030666301958263
0.00019360387523192912
0.00037354425876401365
0.0004188191669527441
0.0002651682880241424
0.00020578359544742852
0.0003450443909969181
0.0006810021004639566
0.0006682557868771255
0.0007262438884936273
0.00021786420256830752
0.00032531615579500794
0.0003381073765922338
0.0001877237082226202
0.00021734322945121676
0.0002535057137720287
0.0003799219848588109
0.0004988131695427
0.000478077883599326
0.0004321191809140146
0.0002872267214115709
0.0001157643782789819
0.0005626019556075335
0.0013770045479759574
0.0038445419631898403
0.005171890836209059
0.0054713101126253605
0.0048784781247377396
0.003903717501088977
0.002837573876604438
0.0023106650914996862
0.00130946293938905
0.0003398129192646593
8.38330524857156e-05
0.00027156309806741774
0.0004819227324333042
0.00037885468918830156
0.0003756133373826742
8.820432412903756e-05
0.00015277665806934237
0.0003646622644737363
0.0006190207786858082
0.0005311427521519363
0.0002624521148391068
8.436228381469846e-05
8.494574285577983e-05
0.0001395066938130185
0.00013003626372665167
0.00012921531742904335
9.278120705857873e-05
6.216744077391922e-05
0.00011414864275138825
0.00017393082089256495
0.00022135561448521912
0.0003546088410075754
0.00026061496464535594
6.129317625891417e-05
3.638394264271483e-05
