0.0001040951901813969
0.00046720157843083143
0.00045953731751069427
0.00042800320079550147
0.0002999132266268134
0.00015144517237786204
0.00014967982133384794
0.00017856326303444803
0.0004560746892821044
0.00037193961907178164
0.0002309452829649672
0.00019312513177283108
0.0003215076867491007
0.0007489826530218124
0.0006976083386689425
0.0005920918774791062
0.0005514115327969193
0.0002984258462674916
0.00029512622859328985
0.00017321269842796028
0.0002063053398160264
0.0002482246491126716
0.0003021900192834437
0.00046551102423109114
0.00044175374205224216
0.0003449741343501955
0.00019697644165717065
0.00017424498219043016
0.0005113051156513393
0.0011154251405969262
0.0024174528662115335
0.004293619189411402
0.0050893984735012054
0.004620715510100126
0.003722831606864929
0.0026525123976171017
0.0021360907703638077
0.0012022710870951414
0.000352798611856997
7.245371671160683e-05
0.0001754119002725929
0.0004347671929281205
0.000331285351421684
0.0002276881568832323
9.206590766552836e-05
0.00016817101277410984
0.00037039213930256665
0.0005734809674322605
0.0004937713965773582
0.00023064608103595674
8.361425716429949e-05
0.00010407985973870382
0.00010782034951262176
0.00013561455125454813
9.885433246381581e-05
8.813232852844521e-05
6.364198634400964e-05
9.4490525953006e-05
0.00016281513671856374
0.00024200949701480567
0.00034997353213839233
0.00021502732124645263
8.525991870556027e-05
3.853825546684675e-05
