0.00010023415961768478
0.0003643780364654958
0.00040186906699091196
0.0003982037305831909
0.00022715744853485376
0.00012401696585584432
0.0001381452748319134
0.00016076555766630918
0.00026508982409723103
0.0004067611589562148
0.00020769053662661463
0.00016780916485004127
0.0002573804813437164
0.0005139082786627114
0.0006015169783495367
0.000485079362988472
0.000629538029897958
0.0001860637858044356
0.0003264232072979212
0.00016945760580711067
0.00015825220907572657
0.00022963277297094464
0.0003124164941255003
0.0004301177687011659
0.0004041516804136336
0.00032480937079526484
0.00017399064381606877
0.00014875040506012738
0.0003889637300744653
0.0011275497963652015
0.0026127174496650696
0.004421915393322706
0.004791152663528919
0.004210750572383404
0.003533558454364538
0.0026718920562416315
0.002087887958623469
0.0010362517787143588
0.0002494289001333527
6.702736936858855e-05
0.000313960641506128
0.0003723262489074841
0.00033813777554314584
0.00024156724975910038
0.00010252994616166689
0.00010597272193990648
0.0003056304849451408
0.000549566640984267
0.0004712359805125743
0.00022235032520256937
8.063805580604821e-05
9.312912879977375e-05
0.0001262068108189851
0.00013050746929366142
0.00010621395631460473
8.877562504494563e-05
7.04639678588137e-05
0.00011690139945130795
0.00014079330139793456
0.00020407621923368424
0.00029938959050923586
0.00018383466522209346
9.3518101493828e-05
3.117768937954679e-05
