9.873932140180841e-05
0.0003182465734425932
0.0004103067622054368
0.00039416158688254654
0.0002475888468325138
0.0001177700178232044
0.00014369563723448664
0.00016763243183959275
0.00032558542443439364
0.00039589981315657496
0.00022992164304014295
0.00018620079208631068
0.00028481209301389754
0.0005540414713323116
0.0005134594975970685
0.0005813800962641835
0.0005003091646358371
0.0002456654910929501
0.0002696929732337594
0.00017286860384047031
0.00022134275059215724
0.00024164203205145895
0.00032138152164407074
0.000471614912385121
0.00042719717021100223
0.0003711401950567961
0.00023107993183657527
0.00011503130372148007
0.00034454037086106837
0.0008396433549933136
0.0019619504455477
0.003911677747964859
0.005044517107307911
0.00471667293459177
0.004197378642857075
0.002767663449048996
0.0024403126444667578
0.0015048920176923275
0.0004321939777582884
5.3618445235770196e-05
0.0002326608228031546
0.00042935149394907057
0.0003379826666787267
0.0002565616450738162
0.00010234930232400075
0.00010442596976645291
0.0004170034662820399
0.0005560099380090833
0.00045504147419705987
0.00019942536891903728
8.203685138141736e-05
0.0001063729141606018
0.0001255003735423088
0.00013135321205481887
0.00012656586477532983
8.611265366198495e-05
7.561039092252031e-05
6.026090704835951e-05
0.00015438921400345862
0.00020761364430654794
0.00034117457107640803
0.00031369327916763723
8.190875087166205e-05
3.734141500899568e-05
