0.00011748482938855886
0.00047658145194873214
0.00045852980110794306
0.000439150637248531
0.0002423751138849184
0.00011706594523275271
0.00016633393533993512
0.0001981817913474515
0.0003015738620888442
0.0004065360117238015
0.00018254804308526218
0.00018881651340052485
0.0002762008225545287
0.0005270735127851367
0.0007670699269510806
0.0006860496359877288
0.000518514949362725
0.00029275461565703154
0.0002702465280890465
0.00017607015615794808
0.0001943519018823281
0.00029262746102176607
0.0004227879107929766
0.0005302365752868354
0.0004631772171705961
0.0003828692133538425
0.00024820968974381685
0.00016600174421910197
0.0006279865046963096
0.0019880863837897778
0.003288363805040717
0.004851735662668943
0.005548321176320314
0.004895600024610758
0.004114377778023481
0.003051913110539317
0.002551454119384289
0.001088546821847558
0.0003046558704227209
0.0001016416572383605
0.0002709795953705907
0.00045146310003474355
0.00035857249167747796
0.00025380810257047415
7.488385745091364e-05
0.00016610833699814975
0.00045168749056756496
0.0006412670481950045
0.0005910595646128058
0.0003054486296605319
9.492439130553976e-05
8.546935714548454e-05
0.00013953661255072802
0.00013845266948919743
9.610440611140803e-05
9.244843386113644e-05
6.865281466161832e-05
0.00012144936772529036
0.0001736615231493488
0.0002241382608190179
0.0004017288738396019
0.0003240150981582701
7.74804429966025e-05
4.1650040657259524e-05
