9.803618013393134e-05
0.0004282743320800364
0.0004085896071046591
0.0003818070108536631
0.000252183701377362
8.711501868674532e-05
0.0001543123071314767
0.00017580461280886084
0.0003336940426379442
0.00044790247920900583
0.00022298871772363782
0.0001887912512756884
0.00027670947019942105
0.0005234818672761321
0.000706719234585762
0.0004594071360770613
0.0004681670980062336
0.0002510161430109292
0.0002885116555262357
0.00016140886873472482
0.00016125926049426198
0.0002022211265284568
0.0002054525975836441
0.0003655299951788038
0.00037160943611525
0.0003276838979218155
0.00021373599884100258
0.00015795297804288566
0.00040656665805727243
0.001009759260341525
0.0020912690088152885
0.003758662147447467
0.004489163402467966
0.004041501320898533
0.003152561606839299
0.0022251056507229805
0.0019169942243024707
0.0010150851448997855
0.00019591502496041358
0.00020071443577762693
0.0005243656923994422
0.0003200350620318204
0.00030087068444117904
0.0005441135144792497
0.0002927770547103137
0.00019601252279244363
0.0002759165654424578
0.000514208513777703
0.000416104041505605
0.00018588545208331198
6.444985046982765e-05
9.236615005647764e-05
0.00013389652303885669
0.00010847860539797693
0.00012924379552714527
8.852018072502688e-05
6.687661516480148e-05
9.712358587421477e-05
0.00017340719932690263
0.0002329051203560084
0.0003331554471515119
0.0003295948263257742
0.00011380454816389829
3.538807141012512e-05
