0.00010365478374296799
0.00028549128910526633
0.000419149873778224
0.0003961603215429932
0.0001729911018628627
0.0001123973197536543
0.00014795565220993012
0.00018093232938554138
0.00034228136064484715
0.0004677401448134333
0.00029086210997775197
0.00019974535098299384
0.0004058765771333128
0.0006428079796023667
0.000564717105589807
0.0006857652333565056
0.00047783844638615847
0.0002648158697411418
0.00029111644835211337
0.00018513623217586428
0.0002045139844994992
0.00021336575446184725
0.00035879400093108416
0.0004308643692638725
0.0004044937086291611
0.0003354752843733877
0.00016264310397673398
0.0001805096835596487
0.000566199014429003
0.001061019254848361
0.0032132030464708805
0.004827871453016996
0.005193802528083324
0.004733006935566664
0.0035845383536070585
0.0028834862168878317
0.002004061359912157
0.0013471312122419477
0.00016787272761575878
6.324628338916227e-05
0.0003747054433915764
0.0004027610702905804
0.0003771374758798629
0.0002350472641410306
9.19238809728995e-05
0.00010701028077164665
0.0004449001280590892
0.0006070981617085636
0.0005444195121526718
0.00017831611330620944
9.29427333176136e-05
0.00012838823022320867
0.00012177568714832887
0.00013857727753929794
0.00011824782268377021
9.019687422551215e-05
7.465290400432423e-05
8.777327457210049e-05
0.00016815605340525508
0.000177985115442425
0.00031433513504453003
0.0003964383795391768
8.495138172293082e-05
3.617259790189564e-05
