0.00013346265768632293
0.0006025342154316604
0.0009498124709352851
0.0008874570485204458
0.0006587674142792821
0.0004508307029027492
0.0003648102283477783
0.0002278035826748237
0.0003854573587886989
0.0005032414337620139
0.0002914455544669181
0.00019307689217384905
0.0003389210032764822
0.0006226262776181102
0.0005986894248053432
0.0006705447449348867
0.0007812973344698548
0.0005326837417669594
0.0005591638037003577
0.00032468780409544706
0.00017852368182502687
0.00015675615577492863
0.0002398318174527958
0.0004783621116075665
0.00038972109905444086
0.0004126596904825419
0.00028338152333162725
0.00014999743143562227
0.00028330704662948847
0.0006779800169169903
0.0024391436018049717
0.0049662599340081215
0.006405533757060766
0.006441906560212374
0.00554989418014884
0.005172878038138151
0.0046463883481919765
0.0032163287978619337
0.001058199442923069
0.00015798289678059518
0.0003104005299974233
0.0004859803302679211
0.0006291770841926336
0.0005867995205335319
0.00039422514964826405
0.00016834959387779236
0.0002718922041822225
0.00062525924295187
0.000726990750990808
0.00047571409959346056
0.0002493915962986648
0.0001835653674788773
0.00018597401503939182
0.00014899166126269847
0.0002268805546918884
0.00011436837667133659
7.87072058301419e-05
8.035286009544507e-05
0.0001102140304283239
0.00019103525846730918
0.000472243526019156
0.00044380847248248756
0.000121410092106089
7.649085455341265e-05
