0.00010186474537476897
0.0003979677567258477
0.0004175423819106072
0.0003844001912511885
0.0001714174431981519
0.00011561477731447667
0.00013907284301239997
0.00016674978542141616
0.0002762756193988025
0.00044286082265898585
0.00025998358614742756
0.00017415521142538637
0.00020723290799651295
0.00040676112985238433
0.0007104144897311926
0.000465241726487875
0.0007206324953585863
0.00025783840101212263
0.00025663853739388287
0.0001657340326346457
0.00019741879077628255
0.00022505085507873446
0.0002901290135923773
0.00040794300730340183
0.0003858313721138984
0.00030081014847382903
8.794999303063378e-05
0.00013203035632614046
0.0006148869870230556
0.0012628366239368916
0.0027843741700053215
0.004282833077013493
0.004719739779829979
0.004356184042990208
0.0032806231174618006
0.002337563782930374
0.0020175736863166094
0.0012542736949399114
0.00036204420030117035
5.954280641162768e-05
0.0001440696360077709
0.0004346624482423067
0.00033339858055114746
0.0002448784071020782
7.453322905348614e-05
0.00012462098675314337
0.0003061218303628266
0.000524814473465085
0.000464523647679016
0.00022373432875610888
7.905130041763186e-05
8.786303078522906e-05
0.0001258028787560761
0.0001156829675892368
0.00011094826913904399
8.329004049301147e-05
7.33604611014016e-05
0.00013134480104781687
0.00015382109268102795
0.0002173012908315286
0.0003472482494544238
0.0003419671847950667
8.505905861966312e-05
3.663407915155403e-05
