0.00010900233610300347
0.0004198728420305997
0.00040029818774200976
0.00041525036795064807
0.0001793016417650506
0.00013045464584138244
0.00016956235049292445
0.00019922901992686093
0.00039175315760076046
0.0003642284427769482
0.00024610027321614325
0.00019297552353236824
0.0002664315979927778
0.0006468918872997165
0.0006629899144172668
0.0007474417798221111
0.0005739896441809833
0.00027449530898593366
0.0003196909965481609
0.00018506142077967525
0.00019484559015836567
0.00026099185924977064
0.000372186244931072
0.0004626713343895972
0.00042375907651148736
0.0003505096537992358
0.0002144139289157465
0.00016176792269106954
0.00066925841383636
0.001438428065739572
0.003796736476942897
0.004732486326247454
0.005192974116653204
0.004957656376063824
0.004040607251226902
0.0027828183956444263
0.0024492437951266766
0.001073171733878553
8.711501868674532e-05
0.00010757175914477557
0.0004643403517547995
0.00040140526834875345
0.00035300804302096367
0.0002742260112427175
0.00011280219769105315
8.868586155585945e-05
0.0004042593645863235
0.000583391753025353
0.00037961715133860707
0.00018595905567053705
7.182537956396118e-05
9.387715545017272e-05
0.00012652098666876554
0.00012646948744077235
0.0001219854093506001
9.181260247714818e-05
7.179546082625166e-05
0.000118487179861404
0.0001728835777612403
0.00021284307877067477
0.00035064428811892867
0.000308306043734774
0.00012553359556477517
4.218862159177661e-05
