0.00010156477947020903
0.00042775654583238065
0.00042481845594011247
0.00041314924601465464
0.00030757300555706024
0.00012526194041129202
0.0001677614782238379
0.00018286223348695785
0.0002689898537937552
0.00048653053818270564
0.0002553013910073787
0.00020101440895814449
0.00030708633130416274
0.0007435931474901736
0.0006114507559686899
0.0006537291337735951
0.0005963107687421143
0.0002769189013633877
0.0003296696813777089
0.00019319994316902012
0.0002004707494052127
0.0002550017961766571
0.00034444915945641696
0.00046308309538289905
0.0004351249081082642
0.0003294190391898155
0.0001709405769361183
0.0001601970725459978
0.0004188193124718964
0.0011013923212885857
0.002463187091052532
0.004221779759973288
0.004969654604792595
0.00456597562879324
0.003804905107244849
0.002628740156069398
0.0021741052623838186
0.0009171980782411993
0.00027218283503316343
0.00012004308518953621
0.0003807298489846289
0.00044610726763494313
0.00036250794073566794
0.000302022643154487
0.00012118007725803182
7.396473665721714e-05
0.0003392995276954025
0.0005910447798669338
0.0004724434984382242
0.00015453639207407832
7.234058284666389e-05
9.63755592238158e-05
0.0001170659379567951
0.00014050626487005502
9.448306082049385e-05
8.816224726615474e-05
7.064349483698606e-05
8.596304542152211e-05
0.00016966968541964889
0.00024139419838320464
0.0003676560299936682
0.00022368197096511722
9.193229197990149e-05
3.870282307616435e-05
