9.562753984937444e-05
0.0003137316962238401
0.00040659186197444797
0.0003912471001967788
0.00026162926224060357
0.00010773058602353558
0.00013615294301416725
0.0001636922243051231
0.0003314648929517716
0.00038463453529402614
0.00023502949625253677
0.0001700261200312525
0.00021836350788362324
0.00039495728560723364
0.0005795383476652205
0.0005664476193487644
0.00037242675898596644
0.00022126584372017533
0.0002558463311288506
0.00016417655569966882
0.00016576236521359533
0.0002237941516796127
0.000294972414849326
0.00039022258715704083
0.00036867166636511683
0.0003368656325619668
0.00017822484369389713
0.00021973987168166786
0.0005594274844042957
0.0011733672581613064
0.0022955695167183876
0.0038925285916775465
0.004552863072603941
0.004111662041395903
0.0027720381040126085
0.002358261728659272
0.0018458568956702948
0.00113428954500705
0.0002797913330141455
7.227418973343447e-05
0.00022123591043055058
0.0004172035551164299
0.0003306420985609293
0.00029473687754943967
9.199655323754996e-05
0.00010826228390214965
0.00035991851473227143
0.0005453117191791534
0.0004405165382195264
0.00021889687923248857
6.817501707701012e-05
8.633706602267921e-05
0.00010875035513890907
0.00012212384899612516
9.045120532391593e-05
8.255935972556472e-05
5.11359357915353e-05
8.115183300105855e-05
0.00015232784789986908
0.00019882508786395192
0.0003248673165217042
0.00029810299747623503
8.603585592936724e-05
3.448396091698669e-05
