3.150392512907274e-05
4.461374555830844e-05
4.242798968334682e-05
4.35799483966548e-05
4.4317774154478684e-05
4.1201226849807426e-05
4.520998118096031e-05
3.752094562514685e-05
3.9765018300386146e-05
3.870282307616435e-05
3.589025072869845e-05
3.87626641895622e-05
3.8538259104825556e-05
3.596789974835701e-05
3.718785956152715e-05
3.762473352253437e-05
3.7815476389368996e-05
3.9735099562676623e-05
3.7266618164721876e-05
3.989966353401542e-05
3.939100861316547e-05
3.9705177186988294e-05
3.829889101325534e-05
3.77453543478623e-05
4.145555794821121e-05
5.0072805606760085e-05
5.114996019983664e-05
4.6362594730453566e-05
5.321451317286119e-05
4.785865166923031e-05
4.9519268941367045e-05
4.96987922815606e-05
6.872855010442436e-05
6.305852002697065e-05
8.141505531966686e-05
6.52427552267909e-05
6.353725621011108e-05
8.232764230342582e-05
5.613181201624684e-05
4.5898825192125514e-05
3.8826605305075645e-05
3.8403613871196285e-05
3.70207017112989e-05
3.9691152778686956e-05
4.118626384297386e-05
3.919838854926638e-05
3.656346962088719e-05
3.729653326445259e-05
3.897211354342289e-05
4.28019993705675e-05
4.252055805409327e-05
3.821286736638285e-05
3.681406087707728e-05
3.814928641077131e-05
3.850833672913723e-05
3.7670550227630883e-05
3.6563473258866e-05
3.6234338040230796e-05
3.725165515788831e-05
3.50524605892133e-05
3.937604924431071e-05
3.787999594351277e-05
3.7939840694889426e-05
3.5007578844670206e-05
