9.622595825931057e-05
0.000395555718569085
0.00037944692303426564
0.0003461570886429399
0.000183847761945799
0.00010672822099877521
0.0001382649497827515
0.00016143880202434957
0.00025896631996147335
0.0004036493774037808
0.00024366170691791922
0.0001601521798875183
0.00019403772603254765
0.000381283403839916
0.0006766037549823523
0.0004488300473894924
0.00041467350092716515
0.0002441861724946648
0.00026663736207410693
0.00015156484732870013
0.00017424498219043016
0.0002022681146627292
0.0002874810015782714
0.00040113969589583576
0.0003943205520045012
0.00034976162714883685
0.00019378338765818626
0.0001442342036170885
0.0004053697921335697
0.0009183953516185284
0.0020382192451506853
0.003894982161000371
0.004791011568158865
0.004371968097984791
0.0035791059490293264
0.002487513003870845
0.002059418009594083
0.0013110637664794922
0.000380355806555599
7.329044456128031e-05
0.0002809664001688361
0.0003346168959978968
0.0003323924611322582
0.00024674355518072844
9.477479034103453e-05
9.441574366064742e-05
0.00027793622575700283
0.0005143121816217899
0.0005041540134698153
0.00018940040899906307
7.568325236206874e-05
0.00010688157635740936
0.00010083379311254248
0.00011078252282459289
0.00011829270806629211
8.259781316155568e-05
6.908404611749575e-05
0.00012648076517507434
0.00014641376037616283
0.0002036573423538357
0.0003213516029063612
0.00029422822990454733
9.45802967180498e-05
3.951069083996117e-05
