9.917317220242694e-05
0.0003088476660195738
0.00038592307828366756
0.00036297173937782645
0.0002249162207590416
0.00010301802103640512
0.0001367240329273045
0.0001595388021087274
0.0002495711378287524
0.0003726178838405758
0.0002153511595679447
0.00017580203711986542
0.0003020469448529184
0.000553927558939904
0.0005620960146188736
0.0005291979177854955
0.0005149106145836413
0.0001960873050848022
0.00029062273097224534
0.0001698589330771938
0.00019392295507714152
0.00020554516231641173
0.00032965748687274754
0.0004051902797073126
0.0003826597530860454
0.0003170878626406193
0.00017514059436507523
0.0002185507764806971
0.0005752163706347346
0.0011194346006959677
0.002211880637332797
0.0038698783610016108
0.004770904779434204
0.004120784346014261
0.003206793451681733
0.002290276577696204
0.0017600173596292734
0.0008440211531706154
0.00019445008365437388
7.917566108517349e-05
0.0002710992703214288
0.00040916979196481407
0.0003391978971194476
0.0002333874726900831
7.122789247659966e-05
0.00013252014468889683
0.00028308265609666705
0.0005044981371611357
0.0005066673620603979
0.0002659229503478855
7.256054959725589e-05
0.00011589434143388644
0.00011616457049967721
0.00013307367044035345
0.00012810678163077682
8.566383621655405e-05
6.813013169448823e-05
8.39733038446866e-05
0.00015162468480411917
0.000210713260457851
0.00031942332861945033
0.00019512984727043658
9.154332656180486e-05
3.692251993925311e-05
