9.872435475699604e-05
0.0003398824483156204
0.00041438068728893995
0.00041574769420549273
0.00023118467652238905
9.915821283357218e-05
0.00013618546654470265
0.00018535474373493344
0.00047746446216478944
0.0004210484039504081
0.0002764551609288901
0.00018969268421642482
0.00029026527772657573
0.0006656227051280439
0.0006051224772818387
0.000598764221649617
0.0005285695660859346
0.00023021221568342298
0.00032670749351382256
0.00018177012680098414
0.0001760103041306138
0.00022570377041120082
0.00031527000828646123
0.00042725607636384666
0.00039932577055878937
0.00033276647445745766
0.00023292007972486317
0.00013073983427602798
0.00030968242208473384
0.0008468691958114505
0.0019402875332161784
0.004523020703345537
0.005056821741163731
0.004560384899377823
0.0036609391681849957
0.0027386031579226255
0.002243085764348507
0.0011727751698344946
0.00031053207931108773
8.755260932957754e-05
0.00029985338915139437
0.0004832498962059617
0.0003238079370930791
0.00029581590206362307
0.00015334421186707914
0.00013546174159273505
0.0002870195312425494
0.0006182727520354092
0.00047125492710620165
0.0001880535128293559
8.292700658785179e-05
9.573226270731539e-05
0.00012527925719041377
0.00012985715875402093
0.00013400123862084
0.00010089363786391914
9.157324529951438e-05
9.288304136134684e-05
0.0001675568928476423
0.00021234383166301996
0.00035595742519944906
0.0002520713896956295
8.364417590200901e-05
3.767054295167327e-05
