9.989574027713388e-05
0.000438716757344082
0.0004119075310882181
0.0003936375433113426
0.000255138729698956
0.0001248154731001705
0.00012936347047798336
0.0001420200424036011
0.000312262651277706
0.00036014922079630196
0.00022159657964948565
0.00017313790158368647
0.0002849676529876888
0.0005101531860418618
0.0006028783973306417
0.0005239168531261384
0.0005121566355228424
0.00028154326719231904
0.00028144323732703924
0.0001623214629944414
0.00017894258780870587
0.00021234383166301996
0.0002900960680563003
0.0003814292431343347
0.00037082695052959025
0.00033016334054991603
0.00022072726278565824
0.0001097203348763287
0.00028275352087803185
0.001134379766881466
0.0032516203355044127
0.004037570673972368
0.004591961391270161
0.004443852696567774
0.003648148849606514
0.0024175276048481464
0.0017776335589587688
0.0009272968745790422
0.00026384537341073155
9.393699292559177e-05
0.00026700011221691966
0.00041656027315184474
0.00036463234573602676
0.0003474277618806809
0.00024910736829042435
0.00018721572996582836
0.00038283882895484567
0.000623586995061487
0.0003083733899984509
0.00017424498219043016
9.124410280492157e-05
0.00010408023081254214
0.00012103046901756898
0.0001257131079910323
0.0001307633938267827
9.62423364399001e-05
7.021467899903655e-05
0.00013892323477193713
0.00015711520973127335
0.0001889212435344234
0.0003550882975105196
0.0002721443888731301
5.8559155149850994e-05
3.327216109028086e-05
