0.00010678621038096026
0.0003094281128142029
0.0004089895519427955
0.00038947651046328247
0.00024442459107376635
0.00011932777852052823
0.00015310577873606235
0.00017472371109761298
0.00027995588607154787
0.0004472143482416868
0.00027582680922932923
0.00015812723722774535
0.00024070199287962168
0.00047872739378362894
0.0006252637249417603
0.000604189233854413
0.0003964028728660196
0.0002530092024244368
0.0002352380397496745
0.0001634378859307617
0.00019608731963671744
0.0002070552291115746
0.00034625240368768573
0.00043140994966961443
0.00038937703357078135
0.0003039067087229341
0.0002103440638165921
0.00017453296459279954
0.0004974984331056476
0.0012345426948741078
0.002820058725774288
0.00468244357034564
0.005063681863248348
0.00463307136669755
0.003923076670616865
0.0028046800289303064
0.0023324210196733475
0.000894394121132791
0.0003303220437373966
7.1307375037577e-05
0.0002835165068972856
0.0003950171230826527
0.00034748759935609996
0.0002669701643753797
0.0001006991442409344
0.00010514241876080632
0.0002664914645720273
0.0005524764419533312
0.0005437993677332997
0.0003094580315519124
7.857521995902061e-05
0.0001060488575603813
0.00012657715706154704
0.00013815269630867988
0.00013015366857871413
8.473909110762179e-05
6.0466616560006514e-05
0.0001160691972472705
0.00016292923828586936
0.0002284983202116564
0.00037535716546699405
0.00028527717222459614
0.00010166783613385633
3.681406087707728e-05
