0.00011757459287764505
0.000462967756902799
0.0004991123569197953
0.0004834636056330055
0.0003871179651468992
0.00014694395940750837
0.00019643139967229217
0.00021293874306138605
0.00041373513522557914
0.0004020139458589256
0.0002657434088177979
0.00017364656378049403
0.00032001559156924486
0.0006625053938478231
0.0006762746488675475
0.0006898887222632766
0.0007615495123900473
0.00035268091596663
0.00023476114438381046
0.00018085753254126757
0.00022506581444758922
0.0002856259234249592
0.0004391782567836344
0.000515061488840729
0.00047432020073756576
0.00036805830313824117
0.0002153115492546931
0.00014182557060848922
0.0006053352844901383
0.0013930564746260643
0.0038050413131713867
0.005217310972511768
0.005748288705945015
0.00545748695731163
0.004681216087192297
0.0031442937906831503
0.0023315981961786747
0.001315219677053392
0.00038997645606286824
0.00011699112656060606
0.00033871797495521605
0.0004727519117295742
0.0003898408031091094
0.0003505246131680906
0.00011281429760856554
0.0001479438360547647
0.0004188499297015369
0.0006921477033756673
0.0005559472483582795
0.00027165282517671585
7.865981751820073e-05
0.00011361006181687117
0.00012676918413490057
0.00014029091107659042
0.00010313022357877344
9.413334919372573e-05
7.311197987291962e-05
0.0001166255387943238
0.0001952495367731899
0.00022113118029665202
0.0004197805537842214
0.00017842739180196077
8.039961539907381e-05
3.717684739967808e-05
