0.00015000897110439837
0.0005414736806415021
0.0006330537726171315
0.0006577828316949308
0.0004580067761708051
0.00017997487157117575
0.00022859648743178695
0.0002715905720833689
0.0006706495187245309
0.0005801978404633701
0.00036987883504480124
0.000272610253887251
0.00039036438101902604
0.0005830556619912386
0.0007818603771738708
0.0007008931133896112
0.0004950823495164514
0.00034148377017118037
0.0003349058097228408
0.0001910755381686613
0.00020317858434282243
0.00025393959367647767
0.000315891025820747
0.0004614716744981706
0.0004192681226413697
0.00038898803177289665
0.00017681732424534857
0.00011763208021875471
0.00047482014633715153
0.0017356813186779618
0.0026886246632784605
0.004564243368804455
0.004522406496107578
0.00398291228339076
0.0031697764061391354
0.002622143365442753
0.001987021416425705
0.0008401902741752565
0.000182448944542557
8.235475979745388e-05
0.0002897756057791412
0.0002964199229609221
0.0003065771597903222
0.00021061583538539708
8.551798237022012e-05
0.0001235877862200141
0.00026439042994752526
0.0003889001382049173
0.0003223932581022382
0.00015593519492540509
8.488215826218948e-05
0.00011112568608950824
9.427641634829342e-05
8.133744995575398e-05
7.574223127448931e-05
5.897243681829423e-05
4.980071389582008e-05
6.839942943770438e-05
9.905349725158885e-05
0.000126820188597776
0.00021044939057901502
0.00020024632976856083
8.355441241292283e-05
3.656346962088719e-05
