0.0001019339615595527
0.0003630642604548484
0.00038936882629059255
0.0003701976384036243
0.00023269567464012653
0.00011500139225972816
0.00014662789180874825
0.00016736314864829183
0.000319617276545614
0.0003730784519575536
0.000220058296690695
0.0001657324464758858
0.0002739268238656223
0.0005235450807958841
0.0005776463658548892
0.0006777707021683455
0.0006059302831999958
0.0002264571376144886
0.0003391546197235584
0.0001606038713362068
0.00018233204900752753
0.0002153564419131726
0.00037647804128937423
0.0004248491895850748
0.00039746786933392286
0.00031883822521194816
0.00014788231055717915
0.0002134863898390904
0.0005728077376261353
0.0011288748355582356
0.0023840460926294327
0.004335074219852686
0.004645106382668018
0.003978127613663673
0.0029881063383072615
0.0023900901433080435
0.001899625058285892
0.0010548351565375924
0.00030531396623700857
7.578990334877744e-05
0.00021585015929304063
0.0003918455040547997
0.0003065706405322999
0.000274196092505008
0.00010729672794695944
0.00012326987052801996
0.00032738392474129796
0.0005302273202687502
0.0003940821043215692
0.00018666220421437174
7.484739762730896e-05
8.092135976767167e-05
0.00011479193926788867
0.00010986993584083393
0.00012509971566032618
8.388354763155803e-05
6.373084033839405e-05
0.00010200317774433643
0.00014159742568153888
0.00020997067622374743
0.00031882329494692385
0.00029315106803551316
0.00010348179785069078
3.9151640521595255e-05
