0.00011503131099743769
0.0003902148746419698
0.0004525776894297451
0.0004107855202164501
0.000341293984092772
0.00010903214570134878
0.00015727864229120314
0.00021105936320964247
0.0003766318841371685
0.00038958367076702416
0.0003142547211609781
0.0002014880592469126
0.0002415073977317661
0.0006019357242621481
0.0006526450160890818
0.0008003420662134886
0.0005399993970058858
0.00024071449297480285
0.00030859385151416063
0.00018563932098913938
0.00023386257817037404
0.0003052840183954686
0.0003844309539999813
0.0004647521418519318
0.0004327400238253176
0.00037152913864701986
0.0002207871148129925
0.00018042456940747797
0.0009253903990611434
0.0016044990625232458
0.0036782491952180862
0.004786687903106213
0.005080827511847019
0.005039274226874113
0.004094433505088091
0.0030844968277961016
0.0021760801319032907
0.0010658110259100795
7.984420517459512e-05
0.0001007889150059782
0.0002488530008122325
0.00043878649012185633
0.0003381749556865543
0.0002427171275485307
8.175914990715683e-05
0.0001285855396417901
0.0003470088995527476
0.0006110468530096114
0.0005031937034800649
0.00020770593255292624
7.2435948823113e-05
0.0001047833648044616
0.00012913532555103302
0.00011435247142799199
0.00015596323646605015
9.93975845631212e-05
7.43960845284164e-05
0.00012946143397130072
0.0001787863002391532
0.0002575151447672397
0.0003413687809370458
0.0002914386277552694
9.46579166338779e-05
3.5834174923365936e-05
