9.21582177397795e-05
0.000371798436390236
0.00038258504355326295
0.0003668945864774287
0.0002555079117882997
0.00011678449664032087
0.0001235877862200141
0.00016855997091624886
0.0002398318174527958
0.0004562953836284578
0.0002180047013098374
0.0001790324313333258
0.00034742869320325553
0.0006361393025144935
0.0005398917710408568
0.0006123596103861928
0.0003880754520650953
0.00025377501151524484
0.00027811573818325996
0.00014196020492818207
0.0001685450115473941
0.00019074641750194132
0.00020141324785072356
0.00036508115590550005
0.0003768850292544812
0.000324584252666682
0.00022165810514707118
0.00015791188343428075
0.0006754808127880096
0.0012031536316499114
0.0024058734998106956
0.00390140013769269
0.004990180488675833
0.004400661680847406
0.003945264499634504
0.0025963126681745052
0.0020347642712295055
0.0007979783113114536
0.0002925377048086375
7.348966755671427e-05
0.00027580547612160444
0.0003881766169797629
0.0003385056625120342
0.00020091957412660122
0.00010396053403383121
8.974806405603886e-05
0.00025370021467097104
0.0004766565980389714
0.00042407235014252365
0.00021761242533102632
8.255935972556472e-05
0.00011810381693067029
0.00011378958879504353
0.0001255934330401942
0.00013783112808596343
8.561895810998976e-05
7.040413038339466e-05
7.151119643822312e-05
0.00014930522593203932
0.00020336027955636382
0.0003323294804431498
0.0003174158919136971
6.974586722208187e-05
4.226342571200803e-05
