0.00010383372864453122
0.0004403025668580085
0.00047991954488679767
0.00039823364932090044
0.0001673107617534697
0.00014215470582712442
0.00021101321908645332
0.00024375147768296301
0.0003936856519430876
0.0004417027812451124
0.00031393117387779057
0.0002666410291567445
0.00030450610211119056
0.0007443524082191288
0.0007891815039329231
0.0007734742248430848
0.0007013314752839506
0.0004995013005100191
0.00046601970097981393
0.00029431094299070537
0.0002935264492407441
0.0002925227163359523
0.0004640748375095427
0.0006404890445992351
0.0005864517297595739
0.00046741339610889554
0.00022211959003470838
0.0001052335646818392
0.0005911493208259344
0.0012195204617455602
0.0038633765652775764
0.006056090816855431
0.006838072091341019
0.006478361319750547
0.0048193237744271755
0.0036826475989073515
0.0032804044894874096
0.0016811835812404752
0.0003166231617797166
0.0001509365247329697
0.0003451894735917449
0.00040601310320198536
0.0004164425190538168
0.00022725004237145185
0.0001464782835682854
0.00011885372077813372
0.00047848120448179543
0.0006327993469312787
0.0005196532583795488
0.000174502216395922
8.39733038446866e-05
0.00011151558283017948
8.041270484682173e-05
0.000120047181553673
9.217359911417589e-05
8.895173959899694e-05
4.542008900898509e-05
0.000170385159435682
0.00012962787877768278
0.00029708503279834986
0.0004248782934155315
0.00022406346397474408
3.8687867345288396e-05
3.145818118355237e-05
