3.7018653529230505e-05
5.7208970247302204e-05
4.5105916797183454e-05
4.272719525033608e-05
4.2667357774917036e-05
3.910676241503097e-05
4.269727651262656e-05
4.4992248149355873e-05
4.262247966835275e-05
4.687900946009904e-05
4.740983422379941e-05
4.5435052015818655e-05
5.7014480262296274e-05
6.818997644586489e-05
7.320662552956492e-05
7.67754390835762e-05
7.366811041720212e-05
7.96048334450461e-05
5.474422141560353e-05
5.5462598538724706e-05
6.439281423809007e-05
6.0292790294624865e-05
6.995317380642518e-05
9.405388118466362e-05
5.7747543905861676e-05
6.75317132845521e-05
5.809817594126798e-05
5.9991623857058585e-05
6.2998675275594e-05
0.00010116291377926245
0.00012097063154214993
8.638966392027214e-05
0.0001221238635480404
0.00015474302927032113
0.00010789888619910926
0.00011290691327303648
0.00011495650687720627
0.00010921167995547876
7.935050962259993e-05
4.009414988104254e-05
4.233822619426064e-05
4.494135282584466e-05
5.104523370391689e-05
3.841857687802985e-05
4.871139753959142e-05
3.949573147110641e-05
5.02298898936715e-05
5.22720038134139e-05
5.848060754942708e-05
5.242160477791913e-05
3.670279329526238e-05
4.054296368849464e-05
3.785007356782444e-05
4.3968921090709046e-05
4.106658525415696e-05
4.013903162558563e-05
3.8463454984594136e-05
3.9361089875455946e-05
4.138075019000098e-05
4.23531855631154e-05
5.348380364011973e-05
5.242160477791913e-05
4.331065429141745e-05
3.416979234316386e-05
