0.00010505266254767776
0.00045909895561635494
0.0004056381294503808
0.0004157822986599058
0.000269558368017897
0.00011220377928111702
0.00015349476598203182
0.00019835319835692644
0.000375693547539413
0.0003535325813572854
0.0002347134577576071
0.0001945762924151495
0.00029931479366496205
0.0006273634498938918
0.0005102466675452888
0.0006660116487182677
0.0005338057526387274
0.00027018669061362743
0.00032280280720442533
0.00018601890769787133
0.00020995951490476727
0.0002234435232821852
0.0003387656470295042
0.00041907362174242735
0.00038909274735488
0.0003363270661793649
0.0002031935437116772
0.0001616037479834631
0.0005330978310666978
0.001663877279497683
0.002754423301666975
0.004491547122597694
0.0051367636770009995
0.004537649918347597
0.003276874078437686
0.002726492006331682
0.0023151678033173084
0.0013611814938485622
0.00039358093636110425
6.956634024390951e-05
0.0002063502324745059
0.0004634764336515218
0.00036048830952495337
0.00034293963108211756
0.00012182337377453223
0.00013578374637290835
0.0003649948048405349
0.0005940479459241033
0.00043103922507725656
0.00020015655900351703
7.782454486005008e-05
8.412291208514944e-05
0.00014273816486820579
0.00013424549251794815
0.00012989985407330096
9.015199611894786e-05
7.236395322252065e-05
9.954719280358404e-05
0.00017542685964144766
0.0002014431665884331
0.0003397530526854098
0.00032208467018790543
0.00011892103793798015
3.8837464671814814e-05
