8.587328920839354e-05
0.0003697142528835684
0.0004920304054394364
0.00034741280251182616
0.00032292245305143297
0.00011215889389859512
9.873932140180841e-05
0.0002380407677264884
0.00033958247513510287
0.00042703357758000493
0.00019300359417684376
0.00021215488959569484
0.00022944924421608448
0.0004944446845911443
0.0005263601196929812
0.0004772275569848716
0.0005243680789135396
0.00027783805853687227
0.00031580126960761845
0.00016585215053055435
0.00024820968974381685
0.0002517254324629903
0.00019225743017159402
0.000529601878952235
0.00032310199458152056
0.0006012776284478605
0.00015129728126339614
0.0003481660387478769
0.0005925368168391287
0.0013936409959569573
0.0024480149149894714
0.004516965243965387
0.005224521737545729
0.004576148930937052
0.003828377928584814
0.002747900318354368
0.0023769547697156668
0.001365998643450439
0.00037402755697257817
6.066484274924733e-05
0.00017228515935130417
0.00043198454659432173
0.00036859686952084303
0.0003221894148737192
0.00013646970910485834
7.492220174754038e-05
0.0002489577454980463
0.0004941454390063882
0.0005489307804964483
0.0003003021702170372
6.398465484380722e-05
0.00012406977475620806
0.00013025365478824824
0.00015054662071634084
0.00012036098632961512
9.619977936381474e-05
6.19607963017188e-05
0.00014357594773173332
0.00014056888176128268
0.00021902176376897842
0.00032619881676509976
0.00036352529423311353
0.00011188960343133658
3.7461104511749e-05
