0.00011542464926606044
0.00047296652337536216
0.00048498957767151296
0.00046937563456594944
0.00021883906447328627
0.00013286422472447157
0.00016528791456948966
0.00020154791127424687
0.00033240742050111294
0.00046136724995449185
0.00027747449348680675
0.00020804075757041574
0.00026756859733723104
0.0005158680723980069
0.0008205088088288903
0.000574258912820369
0.0008237403235398233
0.0002360318467253819
0.00042585073970258236
0.0002090431225951761
0.00023180303105618805
0.0002769514685496688
0.0004453891597222537
0.0005110657657496631
0.00047324562910944223
0.0004163358826190233
0.00020605996542144567
0.00020242194295860827
0.000755161396227777
0.001452305936254561
0.0029173430521041155
0.0052350894547998905
0.005693473387509584
0.004924038890749216
0.003824306419119239
0.0029571419581770897
0.0023023253306746483
0.001263679121620953
0.0003167344257235527
9.392204810865223e-05
0.00027648507966659963
0.0004553532344289124
0.0004069556307513267
0.0003116272855550051
0.00012308005534578115
0.00011317621101625264
0.00030658559990115464
0.0006490300293080509
0.0005279445322230458
0.00015013331722002476
8.087648166110739e-05
0.00011803837696788833
0.0001354224659735337
0.00013910274719819427
0.0001511309965280816
0.00010137237404705957
8.08315962785855e-05
7.634345820406452e-05
0.00018295198970008641
0.00023269069788511842
0.0003989907563664019
0.00032321520848199725
7.968431600602344e-05
3.714786362252198e-05
