9.77220042841509e-05
0.0003162006614729762
0.00040106120286509395
0.0003827196196652949
0.0003223390085622668
9.428109478903934e-05
0.00012834616063628346
0.00017342540377285331
0.00032423814991489053
0.0003239033103454858
0.00023293316189665347
0.00018721572996582836
0.00027555751148611307
0.0006208026898093522
0.0006073119584470987
0.0006847160402685404
0.0005775232566520572
0.0002859924570657313
0.0002493214560672641
0.00016537713236175478
0.00021554344857577235
0.00023231323575600982
0.0003520702011883259
0.00043967048986814916
0.0004257619148120284
0.0003584836085792631
0.00020914783817715943
0.0001421098131686449
0.0004212952626403421
0.001141800545156002
0.002568105235695839
0.004485280252993107
0.004956522956490517
0.004471227061003447
0.003565550548955798
0.002588828792795539
0.00210950942710042
0.0007740013534203172
0.00029741827165707946
8.252213592641056e-05
0.0002515309606678784
0.00041027681436389685
0.00033354441984556615
0.00026785285444930196
0.00010641405970091
9.010711801238358e-05
0.0003713628393597901
0.0005746466922573745
0.0004738125717267394
0.00022225033899303526
7.068744889693335e-05
0.00011244501365581527
0.00011438426736276597
0.0001315355475526303
0.00011452733451733366
8.446886931778863e-05
6.521937757497653e-05
0.0001124291229643859
0.00015396415255963802
0.00021931069204583764
0.00035612352075986564
0.00026426324620842934
8.477088704239577e-05
3.678787834360264e-05
