9.548088564770296e-05
0.0003395209205336869
0.0003663602692540735
0.0003341428528074175
0.0002611954405438155
9.655852045398206e-05
0.00013223035784903914
0.00016338044952135533
0.00033401287510059774
0.00036690072738565505
0.0002115377865266055
0.0001734969555400312
0.0002762802760116756
0.00048335891915485263
0.0006092814728617668
0.0004546048294287175
0.0004594149359036237
0.00022345787147060037
0.00024480148567818105
0.00015190895646810532
0.00019566697301343083
0.00022089664707891643
0.0003837817639578134
0.0004059382772538811
0.0003798172692768276
0.0003280688833910972
0.00022081703355070204
7.93654762674123e-05
0.00046983614447526634
0.001151631586253643
0.002424617763608694
0.004066506400704384
0.004788411781191826
0.004188728053122759
0.003200311679393053
0.002368876012042165
0.0018002423457801342
0.0010721894213929772
0.0002037351077888161
7.168325100792572e-05
0.0002905928122345358
0.0003692113677971065
0.0003065864148084074
0.00022717282990925014
6.590288103325292e-05
0.00012250688450876623
0.00033044759766198695
0.0004999650409445167
0.0004480072529986501
0.00015362778503913432
6.914744881214574e-05
9.244095417670906e-05
0.00011071260087192059
0.00011099442053819075
9.549289097776636e-05
8.245166827691719e-05
5.0659065891522914e-05
0.00010496289905859157
0.00014516177179757506
0.000252398633165285
0.00030829390743747354
0.00017295838915742934
9.64204446063377e-05
3.661869777715765e-05
