9.778184903552756e-05
0.0003822109429165721
0.00037641290691681206
0.00035125797148793936
0.00013061361096333712
0.00010295817628502846
0.00013539254723582417
0.000158880531671457
0.00033596751745790243
0.0003608799306675792
0.00018265277321916074
0.00017848484276328236
0.000264476053416729
0.0005961611168459058
0.0005455193459056318
0.0006523677730001509
0.00048174316179938614
0.00024685508105903864
0.00019723927835002542
0.00015312015602830797
0.00022409524535760283
0.00021857948740944266
0.0003302082186564803
0.00042139249853789806
0.0004091398441232741
0.0003696291532833129
0.00019025418441742659
0.00018676691979635507
0.0005372127052396536
0.0012112846598029137
0.0027832072228193283
0.003960299771279097
0.004738365299999714
0.004338112194091082
0.003150407923385501
0.0022601704113185406
0.0017787740798667073
0.0009340441320091486
0.00015011282812338322
9.410156053490937e-05
0.0003245688567403704
0.00032396966707892716
0.00032052877941168845
0.0002362947998335585
7.260332495206967e-05
0.00010096844198415056
0.00028738463879562914
0.0004832037666346878
0.0003338137175887823
0.0002127084298990667
7.16375870979391e-05
9.558087185723707e-05
0.00010384552297182381
0.00011817301856353879
0.000112532899947837
7.947019184939563e-05
6.8011308030691e-05
0.00010197241499554366
0.0001405240036547184
0.0001841937191784382
0.00030253129079937935
0.0002517698740120977
5.505465014721267e-05
3.7820154830114916e-05
