0.00011851709859911352
0.0004307033377699554
0.0005029347375966609
0.000479514041217044
0.0003951817052438855
0.00011847222049254924
0.00018113986880052835
0.00021346675930544734
0.0005009000888094306
0.0004951328155584633
0.00029766911757178605
0.00020645494805648923
0.0003022321034222841
0.0005995272658765316
0.0007834815769456327
0.0006538488087244332
0.0008177860290743411
0.00025992377777583897
0.00043879158329218626
0.00022973348677624017
0.00018832282512448728
0.00027746381238102913
0.00039346833364106715
0.0005305289523676038
0.00048392367898486555
0.0003970863181166351
0.0001846902014221996
0.00017624968313612044
0.00047046292456798255
0.0011606657644733787
0.0023296198341995478
0.005508963949978352
0.006081733852624893
0.0053161997348070145
0.004377533216029406
0.0032203232403844595
0.0026972442865371704
0.0016853605629876256
0.00027606700314208865
0.00012315860658418387
0.0003990714030805975
0.00048036681255325675
0.00040922960033640265
0.00032277285936288536
0.0001275981339858845
0.00016050387057475746
0.0005957010434940457
0.000703758851159364
0.0005503828870132565
0.00023561296984553337
9.076538117369637e-05
0.00010533689783187583
0.0001342854811809957
0.000144279096275568
0.0001538687793072313
0.00010092355660162866
7.392794213956222e-05
0.00013127659622114152
0.00018343191186431795
0.000301363441394642
0.0004212952626403421
0.00032848777482286096
0.00010955575999105349
4.214373620925471e-05
