9.519368904875591e-05
0.00035987835144624114
0.00040768866892904043
0.0003830936038866639
0.00027980629238300025
0.00010914878657786176
0.00013367633800953627
0.00015429692575708032
0.0003604434314183891
0.00033609828096814454
0.00017808983102440834
0.00017331742856185883
0.00020681400201283395
0.0005616789567284286
0.0006032509263604879
0.0005711086560040712
0.00034719027462415397
0.00026646151673048735
0.0002774126478470862
0.00016209705790970474
0.00016286002937704325
0.0002086242166114971
0.00022349494975060225
0.00038768647937104106
0.00038246531039476395
0.00032768386881798506
0.00011804024688899517
0.00015905073087196797
0.0004690267669502646
0.0010913986479863524
0.002355247037485242
0.0040444075129926205
0.004646508023142815
0.004168265499174595
0.003348729107528925
0.0024345379788428545
0.0020385482348501682
0.0012380714761093259
0.00033513022935949266
7.282230217242613e-05
0.0002688140084501356
0.00036895586526952684
0.0003120293258689344
0.00019999199139419943
7.947019184939563e-05
9.287480497732759e-05
0.00035183486761525273
0.0005249833920970559
0.00033571370295248926
0.00017801410285755992
7.391984399873763e-05
9.113938722293824e-05
0.00011356518371030688
0.00011123134027002379
0.0001317122660111636
8.20132700027898e-05
6.420770660042763e-05
0.00014512622146867216
0.00015026048640720546
0.00020943209528923035
0.00033089640783146024
0.0002879896783269942
9.971175313694403e-05
3.948076846427284e-05
