9.905349725158885e-05
0.00031079360633157194
0.0004604244604706764
0.00044462617370299995
0.000211620848858729
0.00013478388427756727
0.0001321995659964159
0.00021281316003296524
0.00038111882167868316
0.0004238609690219164
0.0002934502554126084
0.00017370640125591308
0.00033422090928070247
0.0006579928449355066
0.0007482795044779778
0.0006487992941401899
0.0005188071518205106
0.00032762286718934774
0.000299756444292143
0.00016418496670667082
0.0002183410688303411
0.0002473980712238699
0.0003855302929878235
0.00045354728354141116
0.00041461913497187197
0.0003229177964385599
0.0001531693706056103
0.00015773139602970332
0.0005613985122181475
0.0014480197569355369
0.0031405126210302114
0.0046032569371163845
0.005155134946107864
0.004723072052001953
0.003798950929194689
0.0028001724276691675
0.0022533959709107876
0.0014695404097437859
0.00023641018196940422
7.519869541283697e-05
0.00024980088346637785
0.00035912779276259243
0.0003498925070744008
0.00023980003606993705
9.55639552557841e-05
0.00012999368482269347
0.000363801111234352
0.0005673275445587933
0.00041981699177995324
0.00016170527669601142
7.819013262633234e-05
9.921992750605568e-05
0.00011724547221092507
0.00012327454169280827
0.00011764746159315109
8.7220330897253e-05
5.612713357550092e-05
0.00012830874766223133
0.0001500220678281039
0.00023034219339024276
0.0003620525822043419
0.0002393072791164741
7.292871305253357e-05
3.290375752840191e-05
