0.00010281606228090823
0.0004250307392794639
0.0004143162223044783
0.00039929585182107985
0.0002545387833379209
0.00013694845256395638
0.000147046783240512
0.0001666300668148324
0.00032060782541520894
0.00036897894460707903
0.0002232271508546546
0.00016618127119727433
0.00024101370945572853
0.0004816683358512819
0.0006383497384376824
0.00047761405585333705
0.000715052243322134
0.000257292267633602
0.00027837438392452896
0.0001610947074368596
0.00018329608428757638
0.00022786342015024275
0.0002741212956607342
0.0004318499122746289
0.0004009366384707391
0.00032622250728309155
0.000137098046252504
0.00015286642883438617
0.0004249081830494106
0.0009087458602152765
0.0027323502581566572
0.004346956964582205
0.0046876235865056515
0.004040104802697897
0.003108785254880786
0.002449603285640478
0.0019325230969116092
0.0010564331896603107
0.0002947667962871492
7.511668809456751e-05
0.00021770525199826807
0.0003794010845012963
0.00032607640605419874
0.00018812832422554493
9.452045924263075e-05
9.727319411467761e-05
0.00029155027004890144
0.0005154641112312675
0.00047505582915619016
0.00024285385734401643
7.782454486005008e-05
6.967106310185045e-05
0.00011176843690918759
0.00012202387006254867
0.00011653221008600667
8.677092409925535e-05
6.848918565083295e-05
9.766216680873185e-05
0.00016511906869709492
0.00016140886873472482
0.00033063377486541867
0.00026814485318027437
6.180183845572174e-05
3.656346962088719e-05
