3.291310713393614e-05
3.546499283402227e-05
4.218675530864857e-05
3.6324105167295784e-05
4.242798968334682e-05
3.883746830979362e-05
3.6309142160462216e-05
3.4932778362417594e-05
3.7042209442006424e-05
4.3953961721854284e-05
3.5711113014258444e-05
3.581110286177136e-05
3.651204315247014e-05
3.61110687663313e-05
3.6593395634554327e-05
3.891227243002504e-05
4.188940874882974e-05
3.7087091186549515e-05
4.022879511467181e-05
3.6937482946086675e-05
3.808944165939465e-05
4.4597261876333505e-05
3.840361750917509e-05
4.377168806968257e-05
4.6494438720401376e-05
4.523304960457608e-05
4.1495040932204574e-05
3.8049296563258395e-05
4.6033470425754786e-05
4.6907724026823416e-05
7.626677688676864e-05
7.40255054552108e-05
5.6635795772308484e-05
6.356624362524599e-05
5.536414755624719e-05
5.2670624427264556e-05
4.871981218457222e-05
4.0485927456757054e-05
4.006443850812502e-05
3.749756797333248e-05
3.799968180828728e-05
3.894219116773456e-05
3.7820154830114916e-05
3.889731306117028e-05
3.62343416782096e-05
3.749102324945852e-05
3.600993295549415e-05
3.7087091186549515e-05
3.595008820411749e-05
3.651101724244654e-05
3.7864701880607754e-05
3.7980073102517053e-05
3.5955701605416834e-05
3.541151454555802e-05
3.7221736420178786e-05
3.523198756738566e-05
3.7131972931092605e-05
3.661869777715765e-05
3.748013114091009e-05
3.760319668799639e-05
3.848001506412402e-05
4.071821240358986e-05
3.551062400219962e-05
3.0535320547642186e-05
