9.481966844759881e-05
0.0002920035331044346
0.0003739424282684922
0.00036785443080589175
0.00018782912229653448
0.00010629437019815668
0.00012846585013903677
0.00016777993005234748
0.0004154232738073915
0.0003854424285236746
0.0002183354226872325
0.00018791887850966305
0.000327335816109553
0.0005877281073480844
0.000601105042733252
0.000724725192412734
0.0004069733840879053
0.0002595581754576415
0.0002282374625792727
0.00014556570386048406
0.00017063951236195862
0.00022879097377881408
0.00023541848349850625
0.0004090949660167098
0.0004088556161150336
0.00030180238536559045
0.0001741253217915073
0.00016094227612484246
0.0006064146873541176
0.0012515668058767915
0.0024861826095730066
0.004329292103648186
0.004546033218502998
0.004205307923257351
0.003250094596296549
0.002310455311089754
0.0018647819524630904
0.001085698720999062
0.00025302698486484587
7.265285239554942e-05
0.0002425017737550661
0.0003032073436770588
0.0002939084661193192
0.00015986138896550983
0.00014389817079063505
0.00023399722704198211
0.0004266137257218361
0.0006149216205812991
0.0005094971274957061
0.0002012220793403685
7.519869541283697e-05
8.071342745097354e-05
0.00011727538367267698
0.00012928867363370955
0.00014733104035258293
9.200709610013291e-05
7.942530646687374e-05
7.990404265001416e-05
0.00018051342340186238
0.0002105680905515328
0.00031602566014043987
0.00026956008514389396
8.582050213590264e-05
3.7010959204053506e-05
