9.200709610013291e-05
0.00027382877306081355
0.00037670828169211745
0.000343971885740757
0.00019698493997566402
8.998742850963026e-05
0.00011467224976513535
0.00015388928295578808
0.0003110781835857779
0.0003539961180649698
0.00021958911383990198
0.00016793375834822655
0.0002944170846603811
0.0005641325260512531
0.0005210593808442354
0.0005484221037477255
0.0004490544961299747
0.00018996847211383283
0.00025238367379643023
0.00014049408491700888
0.00014483263657893986
0.00021595486032310873
0.00021984460181556642
0.00037915899883955717
0.00035944159026257694
0.00030887970933690667
0.0001678344124229625
0.00018651261052582413
0.0005253602867014706
0.0010301230940967798
0.0026268325746059418
0.0038796551525592804
0.004412711597979069
0.0039727711118757725
0.0031479198951274157
0.002296189544722438
0.0018214863957837224
0.000916286080610007
0.00024372157349716872
5.710424011340365e-05
0.0001923771051224321
0.0003640039940364659
0.0002963825245387852
0.00024856877280399203
9.323385893367231e-05
9.802122804103419e-05
0.00025745530729182065
0.0004797982983291149
0.0004724078462459147
0.0001732177333906293
7.129147707019001e-05
8.623584290035069e-05
0.00011090245970990509
0.00012023382441839203
0.00011241321772104129
7.581982936244458e-05
6.750179454684258e-05
7.982924580574036e-05
0.00014300744805950671
0.00015701046504545957
0.0002696331648621708
0.000325375993270427
0.00011096204980276525
3.585724698496051e-05
