0.00017621976439841092
0.0004440469201654196
0.000569552939850837
0.0006405938183888793
0.0005703692440874875
0.00019161411910317838
0.00024511286756023765
0.0002886731526814401
0.0005866067949682474
0.0008146410691551864
0.0005150948418304324
0.0004585992719512433
0.0005750966956838965
0.0009754757047630847
0.000736505608074367
0.0008620508015155792
0.0007292422815226018
0.00042270903941243887
0.0003815851523540914
0.0002438693045405671
0.0002515608794055879
0.0002781007788144052
0.0003970525285694748
0.0004225594166200608
0.0003814030787907541
0.00032358436146751046
0.00022098126646596938
0.00018823303980752826
0.00039799429941922426
0.0011492242338135839
0.0021469818893820047
0.003263002261519432
0.0035815024748444557
0.003291456727311015
0.0024242596700787544
0.001711062854155898
0.0013110338477417827
0.0006862587761133909
0.0002215504355262965
7.758517313050106e-05
0.0001782394538167864
0.00025615369668230414
0.00021169005776755512
0.00013752815721090883
5.800187136628665e-05
7.047892722766846e-05
0.00014318697503767908
0.00033755964250303805
0.00032425354584120214
0.00015367429296020418
6.787649908801541e-05
9.431101352674887e-05
7.501196523662657e-05
6.560180918313563e-05
6.959936581552029e-05
4.809988968190737e-05
4.3250816815998405e-05
4.699094279203564e-05
6.024595131748356e-05
7.700170681346208e-05
0.00012987213267479092
0.00012055174011038616
5.4456235375255346e-05
3.521702456055209e-05
