4.3131130951223895e-05
9.042127931024879e-05
8.623584290035069e-05
7.656786328880116e-05
6.81002129567787e-05
4.386669388622977e-05
4.9864291213452816e-05
4.832242848351598e-05
5.334915840649046e-05
4.922005973639898e-05
4.169492603978142e-05
4.23980709456373e-05
4.537149652605876e-05
6.258072244236246e-05
4.932384399580769e-05
5.387277269619517e-05
5.509392576641403e-05
4.1620118281571195e-05
4.0542967326473445e-05
4.293664460419677e-05
4.5494558435166255e-05
4.449467814993113e-05
4.803630508831702e-05
5.532394425245002e-05
5.1553895900724456e-05
5.287829117150977e-05
4.8524965677643195e-05
4.027928662253544e-05
4.1884733946062624e-05
3.960045432904735e-05
4.6183078666217625e-05
5.4186944907996804e-05
6.061582826077938e-05
6.939939339645207e-05
7.131672464311123e-05
5.946800229139626e-05
7.89914556662552e-05
5.2183837397024035e-05
4.2079584090970457e-05
3.932606341550127e-05
3.62259270332288e-05
3.592390930862166e-05
3.6845853173872456e-05
3.7939840694889426e-05
3.880754593410529e-05
3.662331437226385e-05
3.608473707572557e-05
3.977997766924091e-05
4.262247966835275e-05
3.8418573240051046e-05
3.900203591911122e-05
3.886739068548195e-05
3.650362850748934e-05
3.6922523577231914e-05
3.5456392652122304e-05
3.723669578903355e-05
3.603985169320367e-05
3.348161044414155e-05
3.551623740349896e-05
3.529058085405268e-05
3.6241821362636983e-05
3.550344627001323e-05
3.4259555832250044e-05
3.2165084121515974e-05
