0.00010011568519985303
0.00030773240723647177
0.0003863250894937664
0.00037065206561237574
0.0002317886974196881
0.000106150378996972
0.00013716256944462657
0.00016520227654837072
0.00029968880699016154
0.0004286334151402116
0.0001593209308339283
0.0001637277309782803
0.00024524753098376095
0.00047774871927686036
0.000632215931545943
0.0005336112226359546
0.0005518481484614313
0.00022895552683621645
0.00028951565036550164
0.00016280017734970897
0.00018564701895229518
0.0002092134382110089
0.00026968313613906503
0.00040975099545903504
0.0003925879136659205
0.00033353600883856416
0.00023250294907484204
0.00015648685803171247
0.0004124891711398959
0.0011231747921556234
0.0026584516745060682
0.004283595830202103
0.004985213745385408
0.004652283154428005
0.003920983523130417
0.002641084138303995
0.0021955068223178387
0.0012191772693768144
0.00020022016542498022
7.935050962259993e-05
0.00029775514849461615
0.00037395834806375206
0.0003257995122112334
0.0002026699366979301
9.420629794476554e-05
0.00011037859076168388
0.0003050595987588167
0.0005307836690917611
0.000513564154971391
0.00018534706032369286
8.005197014426813e-05
0.0001307566708419472
0.00012090143718523905
0.00013108392886351794
0.00012695482291746885
8.514022192684934e-05
6.272326572798193e-05
0.00010652570927049965
0.00015748887381050736
0.00022901539341546595
0.0003210075374227017
0.0002718520991038531
9.466559276916087e-05
3.603985169320367e-05
