3.8388654502341524e-05
4.4979238737141714e-05
5.157844498171471e-05
5.082082861918025e-05
5.9512880397960544e-05
5.85554116696585e-05
5.34538812644314e-05
3.8508340367116034e-05
4.1769726522034034e-05
5.818140198243782e-05
5.1287381211295724e-05
4.746355625684373e-05
9.074299305211753e-05
4.5906304876552895e-05
0.00010073000157717615
9.528344526188448e-05
5.593732203124091e-05
7.586472202092409e-05
5.951288403593935e-05
8.611265366198495e-05
6.290891906246543e-05
7.404499046970159e-05
7.265285239554942e-05
8.9308712631464e-05
7.412087143165991e-05
7.221435225801542e-05
5.423197944764979e-05
3.8006226532161236e-05
7.77768436819315e-05
0.0002149974025087431
0.0003930837265215814
0.000738013768568635
0.0006689140573143959
0.00047741958405822515
0.00039624489727430046
0.00043553250725381076
0.00036124192411080003
0.0002922076091635972
8.947877358878031e-05
7.278285193024203e-05
6.715769995935261e-05
9.872435475699604e-05
5.9362133470131084e-05
5.882373443455435e-05
3.9405033021466807e-05
4.903772787656635e-05
6.269199366215616e-05
8.117569086607546e-05
7.110727165127173e-05
5.049170067650266e-05
3.938759982702322e-05
4.3299438402755186e-05
4.770904706674628e-05
5.412710379459895e-05
4.760432420880534e-05
4.233339859638363e-05
4.1610412154113874e-05
4.417368836584501e-05
4.9369660700904205e-05
4.7963374527171254e-05
5.8764853747561574e-05
6.189259875100106e-05
4.713282760349102e-05
3.191823634551838e-05
