9.496556594967842e-05
0.0003675197367556393
0.0003771842166315764
0.00036555627593770623
0.000129815234686248
0.00013238417159300297
0.00014495231152977794
0.0001521333761047572
0.00028315745294094086
0.0003752692718990147
0.00022590359731111676
0.00015778111992403865
0.0002566462499089539
0.0005981957074254751
0.0006052571116015315
0.000527986150700599
0.00045425540884025395
0.0002131123619619757
0.00032387993996962905
0.0001648187608225271
0.00020481397223193198
0.00019248183525633067
0.0002766047546174377
0.00038077475619502366
0.000373762974049896
0.00031264720018953085
0.00019067719404119998
0.00013197408406995237
0.0004985288833267987
0.0009975514840334654
0.0022235196083784103
0.003784409025683999
0.004554037004709244
0.0041856043972074986
0.003159965854138136
0.002331648487597704
0.0017984850564971566
0.0009627233375795186
0.00012590854021254927
8.801357762422413e-05
0.00030040970887057483
0.00037072127452120185
0.000326183857396245
0.0002798960485961288
8.407455607084557e-05
0.00011510930926306173
0.00029498006915673614
0.000525622395798564
0.00045831501483917236
0.00023131929629016668
6.932247924851254e-05
8.732032438274473e-05
0.00010324149479856715
0.00012274531763978302
0.00012046197662129998
8.428747241850942e-05
6.158494215924293e-05
0.00014393498713616282
0.00015280659135896713
0.00022138890926726162
0.00039106752956286073
0.0002384554682066664
9.830545604927465e-05
4.124610859435052e-05
