9.543311898596585e-05
0.0003746705478988588
0.00040677611832506955
0.00038214659434743226
0.00013833977573085576
0.00011981866555288434
0.00015666639956180006
0.00017934931383933872
0.0003147241077385843
0.00038871876313351095
0.00024038535775616765
0.00018301182717550546
0.00025521122734062374
0.0005186956259422004
0.0006088326335884631
0.0005409119767136872
0.0005463426350615919
0.00021855799423065037
0.0003085155040025711
0.00015784826246090233
0.00018145593639928848
0.00024300346558447927
0.0002268311509396881
0.0004527347919065505
0.00040417295531369746
0.00035154190845787525
0.0002689000975806266
0.00015192027785815299
0.00044851560960523784
0.0010963919339701533
0.0023833992891013622
0.004035548307001591
0.004634368699043989
0.004111157730221748
0.003052292624488473
0.00237096194177866
0.0020339260809123516
0.0007709652418270707
0.00030644028447568417
8.29270138638094e-05
0.0003077693691011518
0.00038518806104548275
0.0003396931861061603
0.00027244570082984865
0.00011420847295084968
8.677092409925535e-05
0.0002294342702953145
0.00048651560791768134
0.0004754148831125349
0.00023078072990756482
7.534109317930415e-05
7.697178807575256e-05
0.00012581783812493086
0.00010678807302610949
0.00010399524762760848
8.08595577836968e-05
6.967627996345982e-05
0.0001394038408761844
0.00015062608872540295
0.00017273318371735513
0.0003501786559354514
0.00024621994816698134
8.512526255799457e-05
3.804455991485156e-05
