5.474729914567433e-05
0.00016028682875912637
0.00018936196283902973
0.00015834259102120996
7.061357609927654e-05
4.8816124035511166e-05
6.223569653229788e-05
8.867090218700469e-05
0.0001449822448194027
0.0001780299935489893
0.00011821789667010307
8.361307118320838e-05
0.00012808621977455914
0.00018899791757576168
0.00017194199608638883
0.00016453467833343893
0.00012233202869538218
9.398187830811366e-05
8.511030318913981e-05
5.4157022532308474e-05
4.751455708174035e-05
5.110508209327236e-05
5.948296166025102e-05
7.831824041204527e-05
0.00010129756992682815
9.197717008646578e-05
7.607416046084836e-05
4.752951645059511e-05
5.098539622849785e-05
9.38472367124632e-05
0.00017920933896675706
0.000261259003309533
0.00029026370611973107
0.00024672862491570413
0.0001942229428095743
0.00018660844943951815
0.00014976774400565773
0.00013651458721142262
8.370401337742805e-05
4.535083280643448e-05
5.53015161131043e-05
6.521527393488213e-05
7.019929762464017e-05
9.051105007529259e-05
4.5958666305523366e-05
4.583898407872766e-05
5.3573563491227105e-05
0.00010451827984070405
9.398876136401668e-05
4.987831925973296e-05
3.9555568946525455e-05
4.069256829097867e-05
4.033352161059156e-05
4.7050780267454684e-05
4.363978951005265e-05
3.868786370730959e-05
4.0258713852381334e-05
3.656346962088719e-05
3.7533973227255046e-05
4.093356983503327e-05
4.6571356506319717e-05
4.1724844777490944e-05
3.799967817030847e-05
3.23595704685431e-05
