9.38472367124632e-05
0.0003006563347298652
0.00036325654946267605
0.0003549790708348155
0.00021697218471672386
0.0001117100691772066
0.00015403333236463368
0.00017696777649689466
0.00028279839898459613
0.0004008218238595873
0.00023444605176337063
0.00015252231969498098
0.00028581899823620915
0.000523424067068845
0.000625340617261827
0.0005800934741273522
0.0004492938460316509
0.00024794042110443115
0.00028217752696946263
0.00020653069077525288
0.0002377018245169893
0.00027976141427643597
0.00027796521317213774
0.00035582153941504657
0.0003468723443802446
0.0003533736162353307
0.00017451705934945494
0.00012636950123123825
0.0004659149853978306
0.0010653374483808875
0.002260352484881878
0.003935659769922495
0.004527123179286718
0.004115335177630186
0.0031592543236911297
0.0023696389980614185
0.0019090201240032911
0.0010184661950916052
0.00022307608742266893
6.379158730851486e-05
0.00019958808843512088
0.00036603864282369614
0.0002996439579874277
0.0002864337875507772
0.00011238329898333177
6.600574124604464e-05
0.00022828229703009129
0.0005021343822591007
0.0005256672156974673
0.00026103085838258266
8.060719119384885e-05
7.5326141086407e-05
0.00012276589404791594
9.91133347270079e-05
0.00015006880857981741
8.432068716501817e-05
6.416156247723848e-05
0.00010120328079210594
0.00015790623729117215
0.0002177529240725562
0.0003517681616358459
0.00026060728123411536
8.596305997343734e-05
3.448396091698669e-05
