9.760232933331281e-05
0.0002962645667139441
0.00039495632518082857
0.00038127030711621046
0.00023202244483400136
0.00011524074943736196
0.00013925236999057233
0.00017420222866348922
0.0003101936890743673
0.00033482356229797006
0.00020812024013139307
0.00016902375500649214
0.00027564726769924164
0.0005174838588573039
0.0006486725178547204
0.0005343742086552083
0.0005700400215573609
0.000209237594390288
0.0003141855413559824
0.00016833558038342744
0.00016845525533426553
0.00022518550395034254
0.00022497605823446065
0.0003957352600991726
0.0003556497977115214
0.00029705677297897637
0.00016776456322986633
0.00013546840636990964
0.0004006136441603303
0.000991343054920435
0.0028549651615321636
0.004072802606970072
0.004568369127810001
0.004193130414932966
0.003599601797759533
0.002386143198236823
0.0021648299880325794
0.0013673602370545268
0.00037932355189695954
5.6251494243042544e-05
0.00014906645810697228
0.00040384382009506226
0.0003094245330430567
0.00020142976427450776
7.952895248308778e-05
0.00011469396849861369
0.0003241535450797528
0.0005329747218638659
0.00036640799953602254
0.00016215034702327102
7.092588202795014e-05
0.00010142939572688192
0.00011503131099743769
0.0001245312305400148
0.00012275093467906117
8.125049498630688e-05
7.019467739155516e-05
8.259693277068436e-05
0.00015259713109117
0.000162486030603759
0.00028920150361955166
0.0002791571314446628
8.065188740147278e-05
3.521886537782848e-05
