0.0001052770676324144
0.00027560238959267735
0.00040719498065300286
0.00037514741416089237
0.0002523082948755473
0.00013827525253873318
0.00015015856479294598
0.000177985115442425
0.0002853416954167187
0.00044259155401960015
0.0002922085695900023
0.00021598955208901316
0.00029635688406415284
0.0005924265715293586
0.0007176039507612586
0.0006432567606680095
0.0007236844394356012
0.0002582482120487839
0.00031422858592122793
0.00018229357374366373
0.00020931240578647703
0.00023615153622813523
0.00026671585510484874
0.000432777451351285
0.0004178500093985349
0.0003569803957361728
0.00015548452211078256
0.00015006880857981741
0.00042632946860976517
0.0010755256516858935
0.0023544689174741507
0.004069256596267223
0.004760907497256994
0.004332135897129774
0.0028430491220206022
0.0024000387638807297
0.0019867250230163336
0.0011372227454558015
0.0003362971474416554
0.00010214163194177672
0.0002936033415608108
0.00038325818604789674
0.0003537411103025079
0.0002625568304210901
0.00010378100705565885
0.00011512106721056625
0.0003919608425348997
0.0005418429500423372
0.0003564639191608876
0.0001838197058532387
7.317182462429628e-05
9.354265785077587e-05
0.00011055600043619052
0.00013361225137487054
0.0001098101056413725
7.704658492002636e-05
8.17292311694473e-05
7.261828432092443e-05
0.00015355854702647775
0.00027780159143731
0.00032491222373209894
0.0002744803496170789
0.00010194086644332856
3.8403613871196285e-05
