0.0001108329015551135
0.0003334097855258733
0.0004831644182559103
0.00048720373888500035
0.00028164644027128816
0.00012557845911942422
0.00012394777149893343
0.00015232784789986908
0.00022897051530890167
0.00047996288049034774
0.00023104158753994852
0.00018307041318621486
0.00026486729620955884
0.000579408195335418
0.0006095619173720479
0.0006174938171170652
0.0004591079195961356
0.0002202186151407659
0.0003278744115959853
0.00016143880202434957
0.00018717085185926408
0.00026243715547025204
0.0002739866613410413
0.00046715952339582145
0.00041212764335796237
0.00032293828553520143
0.00018148598610423505
0.00021873846708331257
0.000500963709782809
0.0012211662251502275
0.0028243486303836107
0.004123653285205364
0.005168195813894272
0.004551583435386419
0.003861994482576847
0.0027112450916320086
0.002128253225237131
0.0010663187131285667
0.00025097461184486747
0.0002000668173423037
0.00038556207437068224
0.000580168329179287
0.0005321152275428176
0.0006199782365001738
0.0002449782332405448
0.00023639090068172663
0.0004266137257218361
0.0004949982394464314
0.0005512347561307251
0.000327829533489421
0.00012632094149012119
0.00022549611458089203
0.0001977225037990138
0.00015418294060509652
0.0001460444473195821
0.00011552500654943287
7.730092329438776e-05
0.00010163400293095037
0.00015836721286177635
0.000421183998696506
0.0004631323099602014
0.00016222981503233314
0.00013591450988315046
4.215495937387459e-05
