0.00010368759831180796
0.0005422135000117123
0.0003818818076979369
0.00031554693123325706
0.00024490916985087097
0.00014980515697970986
0.00016133407189045101
0.0002029840979957953
0.00036605383502319455
0.0003858769196085632
0.00019416396389715374
0.00019640522077679634
0.0002891565964091569
0.0005379348294809461
0.0006486575584858656
0.0005001446115784347
0.0006232994492165744
0.0002023408014792949
0.0003234909672755748
0.00016558283823542297
0.0001785536005627364
0.00023073324700817466
0.00037414723192341626
0.00044670567149296403
0.0004049210110679269
0.0003440588479861617
0.00019299998530186713
0.00013531457807403058
0.0005847171996720135
0.0012012097286060452
0.002811538754031062
0.004458872601389885
0.00476198410615325
0.0044972700998187065
0.00330587406642735
0.002631118753924966
0.0020428868010640144
0.0011636130511760712
0.0003077824367210269
7.184033893281594e-05
0.00022115459432825446
0.0003920474846381694
0.000339244375936687
0.00025745530729182065
0.00010156686039408669
0.0001079699577530846
0.00028111255960538983
0.0005394627223722637
0.0004763574106618762
0.0002283075446030125
8.284752402687445e-05
9.502351167611778e-05
0.00012179158511571586
0.00012749341840390116
0.00012725403939839453
8.458668162347749e-05
7.136160274967551e-05
8.17292311694473e-05
0.00016429624520242214
0.00016484980005770922
0.00030769268050789833
0.0003960643953178078
9.26197026274167e-05
3.8210811908356845e-05
