0.0001182478154078126
0.0003381639835424721
0.00043670929153449833
0.00040772047941572964
0.0002869887393899262
0.00012172800779808313
0.00012785245780833066
0.00016655526997055858
0.00028927630046382546
0.0004135980852879584
0.0002652919210959226
0.00016792606038507074
0.00027805904392153025
0.0006667746929451823
0.0006061696331016719
0.0005786573165096343
0.0005220617167651653
0.0002539096458349377
0.0002682867052499205
0.00016523875819984823
0.00017180641589220613
0.000217151697142981
0.00035830328124575317
0.0004704124585259706
0.00040799067937768996
0.000347233290085569
0.0002055928489426151
0.0001987203722819686
0.0005339852650649846
0.0014110597549006343
0.0016912102000787854
0.005168180447071791
0.0055804322473704815
0.0036853256169706583
0.003867322113364935
0.0026539212558418512
0.0018170502735301852
0.0009449577773921192
0.00019338508718647063
6.502863834612072e-05
0.00031419115839526057
0.00041873607551679015
0.00033520502620376647
0.0002769668644759804
8.810240979073569e-05
0.00011148566409246996
0.0003285775310359895
0.0005731069832108915
0.0005112452781759202
0.0002629907103255391
9.028663043864071e-05
0.0001278923882637173
0.00012440051068551838
0.00011864734551636502
0.00011268344678683206
0.00010621396359056234
7.038542389636859e-05
9.440078429179266e-05
0.00014218462456483394
0.00020645494805648923
0.00035249939537607133
0.0003275452763773501
0.00011390927829779685
4.681141217588447e-05
