9.115063585340977e-05
0.00037354882806539536
0.00039712173747830093
0.0003942410403396934
0.00018368878227192909
0.00012918395805172622
0.00014748064859304577
0.00015332781185861677
0.0002977490075863898
0.0003647866251412779
0.00017888835282064974
0.00013816397404298186
0.00026839610654860735
0.000494033214636147
0.0005021558608859777
0.0005922994459979236
0.00037879994488321245
0.00023906886053737253
0.0002994195092469454
0.00017114814545493573
0.00018096505664288998
0.00018397030362393707
0.00037920387694612145
0.00038680192665196955
0.000344631087500602
0.0002739436167757958
0.00015480660658795387
0.000218929213588126
0.0005149517091922462
0.0011320165358483791
0.0027710208669304848
0.004980755038559437
0.004905497655272484
0.0039865365251898766
0.003425982780754566
0.0024495497345924377
0.0018995323916897178
0.0009031047811731696
0.00020619686983991414
7.237237150548026e-05
0.0002925255394075066
0.0003651681181509048
0.00032619229750707746
0.00021508248755708337
9.4069771876093e-05
0.0001432168937753886
0.0003668763965833932
0.0005147011834196746
0.0004251027130521834
0.00015059736324474216
7.705232565058395e-05
0.00011784949310822412
0.00012116511061321944
0.00011748482938855886
0.0001148218652815558
8.440716192126274e-05
7.483243098249659e-05
7.665761950192973e-05
0.0001659867848502472
0.00017192559607792646
0.00027479021809995174
0.0002506700111553073
6.889124779263511e-05
3.377801112947054e-05
