9.721334936330095e-05
0.00024978056899271905
0.0003939990419894457
0.00037378608249127865
0.00017636096163187176
0.00012020203575957566
0.00014741517952643335
0.00016240468539763242
0.000312077027047053
0.00033952860394492745
0.00019945716485381126
0.00015652332513127476
0.0002650262613315135
0.0005541024729609489
0.0005274774739518762
0.0005636874702759087
0.0004117420467082411
0.00022902287309989333
0.000235014536883682
0.00014975463273003697
0.00016025692457333207
0.00021278324129525572
0.0002938802645076066
0.0003914993430953473
0.0003803775762207806
0.0003221691877115518
0.0001371307735098526
0.000161482734256424
0.00048808829160407186
0.001248228712938726
0.0027534724213182926
0.004432485904544592
0.004850618075579405
0.0045122369192540646
0.0033185265492647886
0.0025614863261580467
0.0020081147085875273
0.000952651200350374
0.0003162775537930429
7.896901661297306e-05
0.0002791929291561246
0.00038796235457994044
0.0003350619808770716
0.0002626765053719282
0.0001025841775117442
9.203700756188482e-05
0.0002740315394476056
0.0005046476726420224
0.0004655110533349216
0.00022714718943461776
7.655289664398879e-05
9.199214400723577e-05
0.00011667321814456955
0.00011753158469218761
0.000117110823339317
8.211821113945916e-05
6.938681326573715e-05
9.746768046170473e-05
0.0001487423578510061
0.00019138479547109455
0.0003621788346208632
0.000269468582700938
0.00010087305417982861
3.8530779420398176e-05
