0.0001027038597385399
0.0003238294739276171
0.00039517879486083984
0.00037705490831285715
0.00017769617261365056
9.755756036611274e-05
0.00014393407036550343
0.00016694425721652806
0.0002858054649550468
0.00041790667455643415
0.00024627981474623084
0.0001562325342092663
0.0002028494782280177
0.00040206353878602386
0.0007258986006490886
0.0004851092817261815
0.00068514613667503
0.00021878238476347178
0.00029906045529060066
0.0001571002503624186
0.00015867110050749034
0.00024315304472111166
0.00034479721216484904
0.00045073070214129984
0.00043117921450175345
0.00032442790688946843
0.00016456647426821291
0.00017362691869493574
0.0005111256032250822
0.0011662461329251528
0.0025504818186163902
0.004493596497923136
0.005227977875620127
0.004751844797283411
0.0038183245342224836
0.00280039687640965
0.002254817169159651
0.0011423241812735796
0.0002919093531090766
6.76065101288259e-05
0.00024970577214844525
0.0003986824303865433
0.0003297444782219827
0.0002589812793303281
0.00010497785115148872
0.00010388572991359979
0.0003294901398476213
0.0005508607719093561
0.00048522898578085005
0.00021863279107492417
8.181898738257587e-05
9.827554458752275e-05
0.0001306500780628994
0.00011275731958448887
0.00015368926688097417
8.922444249037653e-05
7.121455564629287e-05
0.00011774745507864282
0.0001652802457101643
0.000269906158791855
0.0003666941192932427
0.0002637068973854184
8.655119017930701e-05
4.2487230530241504e-05
