9.571530972607434e-05
0.0003628950798884034
0.00033990261727012694
0.00033516017720103264
0.00029327074298635125
0.00010289538477081805
0.00012942298781126738
0.0001882928772829473
0.00027298429631628096
0.0003438357962295413
0.0002152357919840142
0.0001702719455352053
0.0002529697376303375
0.0004827345837838948
0.0005387575947679579
0.0005535086966119707
0.0005353466840460896
0.00020199670689180493
0.0002686158404685557
0.0001740654552122578
0.0001900772622320801
0.00021366676082834601
0.0003713197074830532
0.00037859982694499195
0.0003618300543166697
0.0003112028061877936
0.0001743581087794155
0.00015180422633420676
0.00048325417446903884
0.0012094370322301984
0.002440147800371051
0.0039629326201975346
0.0046540480107069016
0.00444558821618557
0.0035329230595380068
0.0023765359073877335
0.0022441204637289047
0.0009606697713024914
0.00017750637198332697
8.721974154468626e-05
0.00017259932064916939
0.0004172270419076085
0.00033442926360294223
0.00031666981521993876
0.00011569385242182761
0.00013813033001497388
0.0003029202634934336
0.0005424977862276137
0.0004313407407607883
0.0002023681008722633
8.232861728174612e-05
0.00010012597340391949
0.00010894799197558314
0.0001203927822643891
0.00010925000242423266
8.090827759588137e-05
6.862102600280195e-05
0.00011508366878842935
0.00014684294001199305
0.000208406345336698
0.0003452351375017315
0.0002813191676978022
8.427251304965466e-05
3.783511419896968e-05
