9.537320875097066e-05
0.0002214453706983477
0.00039712170837447047
0.0003763165441341698
0.0002495239896234125
0.00011413367610657588
0.0001448775001335889
0.00016018211317714304
0.00028240939718671143
0.0004415443108882755
0.00022418431763071567
0.0001532739697722718
0.00023368744587060064
0.0006298447260633111
0.0006014588288962841
0.0006188449915498495
0.00041992636397480965
0.00023788695398252457
0.00024897270486690104
0.00014731608098372817
0.00016791668895166367
0.00021000058040954173
0.00024553178809583187
0.00039959503919817507
0.00038524792762473226
0.00032663013553246856
0.00018726990674622357
0.00013526073598768562
0.0005148881464265287
0.0010497336043044925
0.002207063138484955
0.0038957600481808186
0.00460455846041441
0.004236993845552206
0.003599901217967272
0.002490341430529952
0.0019170246087014675
0.0010672954376786947
0.00014878220099490136
7.676234235987067e-05
0.00025859230663627386
0.00041901375516317785
0.0003435435355640948
0.0002549694909248501
7.984420517459512e-05
9.116930596064776e-05
0.0003843232989311218
0.0004795841814484447
0.0004616699297912419
0.00021673280571121722
7.209138129837811e-05
0.00011251794057898223
0.00011811663716798648
0.00014926092990208417
0.00010934846068266779
9.659997158451006e-05
6.978429883019999e-05
0.00015342369442805648
0.0001514601317467168
0.00021208758698776364
0.0003655100881587714
0.00021828871103934944
4.4284963223617524e-05
3.5172142816009e-05
