9.236894402420148e-05
0.0002682418271433562
0.00033793653710745275
0.0003463354951236397
0.00016895362932700664
0.00010802605538628995
0.0001323462201980874
0.00017417017079424113
0.0003549229877535254
0.0004007619572803378
0.00024203103384934366
0.0001864826917881146
0.0002720997727010399
0.0005457591614685953
0.0006259175715968013
0.0005416151252575219
0.0007201238768175244
0.00017572606157045811
0.00031134302844293416
0.00017111824126914144
0.0001995222846744582
0.0002045437431661412
0.00030016753589734435
0.00040978315519168973
0.0003933864354621619
0.000356718257535249
0.000232665755902417
0.0001038408518070355
0.0003425805480219424
0.0009290173184126616
0.0021270844154059887
0.004116981290280819
0.005041076336055994
0.004651849158108234
0.0038291108794510365
0.002664795145392418
0.0023254461120814085
0.0014408311108127236
0.00034898368176072836
5.4216863645706326e-05
0.00014740585174877197
0.00045237570884637535
0.0003461923042777926
0.00024640129413455725
9.402721480000764e-05
0.00010954074241453782
0.00031029366073198617
0.0005669937236234546
0.00042199468589387834
0.00018046201148536056
7.345326594077051e-05
0.00010179499804507941
0.00011187277414137498
0.00012935786799062043
0.00010769224900286645
8.267268276540563e-05
6.436101830331609e-05
0.00010858239693334326
0.00015577624435536563
0.00021589316020254046
0.0003546537191141397
0.0002820653317030519
8.180403528967872e-05
3.331704283482395e-05
