9.985575161408633e-05
0.0002895605575758964
0.0004213496285956353
0.0003944451455026865
0.00018853225628845394
0.0001071920050890185
0.0001327295758528635
0.0001583569246577099
0.00035425761598162353
0.00040971257840283215
0.00026110722683370113
0.00019082121434621513
0.00027322364621795714
0.0004355301789473742
0.0007237144163809717
0.0006131266709417105
0.00032900579390116036
0.00026284853811375797
0.00029479857767000794
0.00016742298612371087
0.0001845377846620977
0.0002284019865328446
0.0002617489662952721
0.00042916450183838606
0.0004122507234569639
0.00035598050453700125
0.00021904302411712706
0.00017330901755485684
0.0005226003122515976
0.0010329928481951356
0.0022209465969353914
0.003947463817894459
0.0049780891276896
0.004546133801341057
0.0036476405803114176
0.002717821393162012
0.002214196603745222
0.0007958689238876104
0.00027762207901105285
6.444984319387004e-05
0.00020292426052037627
0.0004382080805953592
0.0003419970744289458
0.0003330507024656981
0.00010655901860445738
0.0001259541604667902
0.00034630473237484694
0.0005452655605040491
0.0003589847474358976
0.00016927154501900077
7.685210584895685e-05
0.00010563611431280151
0.00012330447498243302
0.0001180383624159731
0.00011757055472116917
8.49513744469732e-05
5.26301191712264e-05
0.00012807032908312976
0.00016131915617734194
0.00023202244483400136
0.0003450939548201859
0.00032420907518826425
0.00010247944737784564
4.009415351902135e-05
