9.846514876699075e-05
0.0003777377714868635
0.00037840858567506075
0.0003744859714061022
0.00017329311231151223
0.00011200928565813228
0.00014261847536545247
0.00014966486196499318
0.00022382408496923745
0.0004023627261631191
0.00024683334049768746
0.00015604351938236505
0.000275397818768397
0.0005364665994420648
0.0004813009290955961
0.0006212947191670537
0.000432747503509745
0.00025447161169722676
0.0002805244002956897
0.00017268909141421318
0.0002568568743299693
0.0001823834900278598
0.00029707071371376514
0.00040445724152959883
0.00039566043415106833
0.00034184748074039817
0.00023606176546309143
0.00017515597573947161
0.0005064625293016434
0.0014167055487632751
0.00280746934004128
0.004280762746930122
0.004581855610013008
0.004368760623037815
0.0028949473053216934
0.0026670838706195354
0.0017930762842297554
0.0010144119150936604
0.0003994604048784822
9.288976434618235e-05
0.00017710243992041796
0.000521583016961813
0.000283740897430107
0.0003568379324860871
7.821372128091753e-05
0.00011387099948478863
0.0003714940685313195
0.0004925390821881592
0.00038915450568310916
0.0001869315019575879
7.906625978648663e-05
7.739068678347394e-05
0.0001379956811433658
0.000123946723761037
0.0001297537237405777
8.017708023544401e-05
6.992446287767962e-05
0.00010660854604793712
0.00014678244770038873
0.0002606419147923589
0.00033948375494219363
0.0002966368629131466
0.00011256282596150413
4.242798968334682e-05
