9.660833165980875e-05
0.0004105893603991717
0.0004166201106272638
0.0003930145176127553
0.00018711101438384503
0.00013456853048410267
0.0001645505690248683
0.00017502292757853866
0.00036753297899849713
0.00027457947726361454
0.00021146671497263014
0.00017370640125591308
0.0002338476333534345
0.0005783616215921938
0.0006106654764153063
0.0006858128472231328
0.0004231550556141883
0.0002913408388849348
0.000269438634859398
0.00017907722212839872
0.00017686306091491133
0.0002146682672901079
0.0002881093823816627
0.0004227389581501484
0.0004144807462580502
0.0003795629017986357
0.0002596993581391871
9.775193029781803e-05
0.0004034660232719034
0.0011547466274350882
0.00246702809818089
0.00452773179858923
0.004539526533335447
0.004163485951721668
0.0030647190287709236
0.0023976750671863556
0.0019812495447695255
0.0011964663863182068
0.0003758377570193261
6.130815017968416e-05
0.00014483262202702463
0.00038275422411970794
0.0003397977852728218
0.00017680601740721613
8.313365106005222e-05
0.00012587672972586006
0.0003419288550503552
0.0005219140439294279
0.00043989307596348226
0.00020982105343136936
7.459306652890518e-05
7.342614844674245e-05
0.000117095849418547
0.00010333218961022794
0.00013723268057219684
8.23347145342268e-05
6.439998833229765e-05
9.888047497952357e-05
0.0001422650384483859
0.00022370441001839936
0.00033971937955357134
0.0002910715702455491
9.69440588960424e-05
3.889731306117028e-05
