0.00010396053403383121
0.00031195752671919763
0.0004144581325817853
0.00039360678056254983
0.00019870541291311383
0.00010874789586523548
0.00013829489762429148
0.00017333310097455978
0.00033017591340467334
0.0003636898472905159
0.0002145512553397566
0.00018062096205540001
0.00029171485221013427
0.0005443079862743616
0.0006595338345505297
0.0005484370631165802
0.0005188800860196352
0.00024171506811399013
0.0002865734277293086
0.00017404841491952538
0.00019423222693149
0.00021251394355203956
0.00024337747890967876
0.0004184653516858816
0.000390155881177634
0.0003359979309607297
0.00015834259102120996
0.0001912849984364584
0.00040789812919683754
0.001033830689266324
0.0028918003663420677
0.004953779745846987
0.005184439942240715
0.004613759461790323
0.003718448104336858
0.002727240091189742
0.0021715920884162188
0.0011396612972021103
0.00027851969934999943
6.853406375739723e-05
0.0002537151740398258
0.0004148098814766854
0.0003394239174667746
0.0002588765346445143
9.737791697261855e-05
0.00010023537470260635
0.00030516431434080005
0.0005743110668845475
0.0004168949672020972
0.00016768199566286057
7.602835103170946e-05
0.00011145949247293174
0.00011799348430940881
0.00013367208885028958
0.00012290054291952401
8.587328920839354e-05
7.436866144416854e-05
0.00010316763655282557
0.00015983800403773785
0.00017099856631830335
0.0003143800131510943
0.00029246456688269973
8.763567166170105e-05
3.708786971401423e-05
