9.362282435176894e-05
0.0004316406848374754
0.0004025544330943376
0.0003903793985955417
0.0002498852845747024
9.972671250579879e-05
0.00014584409655071795
0.00017767092504072934
0.00026243715547025204
0.00035281936288811266
0.00023801768838893622
0.00018910918151959777
0.00027167057851329446
0.000539116736035794
0.000628550595138222
0.0006271249731071293
0.0005237296572886407
0.0002893623022828251
0.00026833158335648477
0.00016734818927943707
0.00016965210670605302
0.00020808563567698002
0.00029100035317242146
0.00041739625157788396
0.00039821394602768123
0.0003116160514764488
0.00018177012680098414
0.00012919891742058098
0.00040568396798335016
0.001050556544214487
0.002323171589523554
0.004033501259982586
0.004719051532447338
0.0044440473429858685
0.00362377823330462
0.0024505157489329576
0.001769996015354991
0.0004617334925569594
0.00021345647110138088
8.904492278816178e-05
0.0002329948911210522
0.0003841857542283833
0.0003070194215979427
0.00024654596927575767
9.241971565643325e-05
0.00018462662410456687
0.00039497221587225795
0.0005062035634182394
0.00039127698983065784
0.00021727137209381908
8.163946040440351e-05
9.030159708345309e-05
0.00014000038208905607
8.726461965125054e-05
8.698959572939202e-05
0.00011063292913604528
7.604424172313884e-05
7.547200220869854e-05
0.0001047833648044616
0.00020534786744974554
0.00038077475619502366
0.00038982584374025464
0.00013935707102064043
4.0483122575096786e-05
