0.00010017552267527208
0.00032518530497327447
0.0004247184260748327
0.00039482919964939356
0.00020201635197736323
0.00011425709817558527
0.00014911600737832487
0.00017370640125591308
0.0003599796327762306
0.00039657301385886967
0.00022742956934962422
0.00017415521142538637
0.0002485388540662825
0.0005001595127396286
0.0006520984461531043
0.0005281806224957108
0.0005186357884667814
0.00018184492364525795
0.00031663908157497644
0.0001716333208605647
0.00019218471425119787
0.00021910405484959483
0.00030600494937971234
0.00042273892904631793
0.0003910378727596253
0.00035998778184875846
0.00020294496789574623
0.0001344070042250678
0.0003685943956952542
0.0012024655006825924
0.0025108512490987778
0.0042926170863211155
0.005014446564018726
0.004604737740010023
0.0037481298204511404
0.0027543334290385246
0.0022705341689288616
0.0011020215461030602
0.00023317159502767026
7.024236401775852e-05
0.000307324284221977
0.00038986976142041385
0.00034266672446392477
0.00019058746693190187
0.00010196473158430308
0.0001525017578387633
0.0003841558354906738
0.0005777298356406391
0.0004940556827932596
0.00023292007972486317
7.927571277832612e-05
9.902357851387933e-05
0.00012441154103726149
0.00013020126789342612
0.00014438381185755134
9.332362242275849e-05
9.39669189392589e-05
9.721334936330095e-05
0.00015938919386826456
0.00017261429456993937
0.0003449144132900983
0.0004141366225667298
0.00014659797307103872
5.5593231081729755e-05
