0.00010099836072186008
0.00031498540192842484
0.0004201058764010668
0.00039833836490288377
0.00024267433036584407
9.81708217295818e-05
0.00012822648568544537
0.00015810260083526373
0.00020907304133288562
0.00040626683039590716
0.00021420448319986463
0.00019638420781120658
0.0003000025753863156
0.0006878634449094534
0.0006188608822412789
0.0005539524718187749
0.00048697559395805
0.000241716843447648
0.0002791779406834394
0.00017702762852422893
0.0001800197351258248
0.0002290572301717475
0.00038567333831451833
0.0004050669085700065
0.00037091574631631374
0.0003183894441463053
0.0001962668466148898
0.00012921387678943574
0.0003989779215771705
0.0010545257246121764
0.002588002709671855
0.004395979456603527
0.005195647943764925
0.004669173154979944
0.004062584135681391
0.0028453234117478132
0.002569421660155058
0.0017288209637627006
0.00045521819265559316
7.59678368922323e-05
0.0003561871708370745
0.0004176972433924675
0.0003631213039625436
0.00029989826725795865
0.00011757459287764505
0.0001349607773590833
0.0004760282172355801
0.0005570693174377084
0.0004396627773530781
0.00020985951414331794
7.894657028373331e-05
0.0001200879632961005
0.00013410595420282334
0.00013331303489394486
0.00014930580800864846
9.185749513562769e-05
8.210324449464679e-05
6.364197906805202e-05
0.00016649543249513954
0.0001534947514301166
0.0003535033902153373
0.0003296775685157627
8.74818506417796e-05
3.788008325500414e-05
