0.00010424478386994451
0.0002920804836321622
0.00039696021121926606
0.0003705716517288238
0.00023736334696877748
0.00010651878983480856
0.0001358712906949222
0.00017001114611048251
0.00024823963758535683
0.0003654793545138091
0.00021015178936067969
0.0001562690013088286
0.0002752788714133203
0.0005747348768636584
0.0006415464449673891
0.0006249488797038794
0.0004486037651076913
0.0002491624909453094
0.00023368025722447783
0.000152628927025944
0.00018659768102224916
0.00020495701755862683
0.00030144292395561934
0.0003827962791547179
0.0003599225892685354
0.00033128345967270434
0.00020756747107952833
0.00015913019888103008
0.00042085390305146575
0.0010581414680927992
0.0022819703444838524
0.004080417566001415
0.004825719632208347
0.004393160343170166
0.0036026753950864077
0.00258720968849957
0.0021511558443307877
0.0012752334587275982
0.00037016774876974523
7.281436410266906e-05
0.00023424121900461614
0.00036804520641453564
0.0003204857639502734
0.00023916419013403356
9.815492376219481e-05
9.642230725148693e-05
0.0002916830708272755
0.0005383536918088794
0.0005008841981180012
0.00022535100288223475
8.138513658195734e-05
8.913468627724797e-05
0.00012973748380318284
0.00013928335101809353
0.00013657596718985587
8.45866888994351e-05
7.288757478818297e-05
0.00010737946286099032
0.00015684276877436787
0.00024147747899405658
0.00033436724334023893
0.0003559103643056005
8.855863416101784e-05
3.202950028935447e-05
