9.54347342485562e-05
0.0003698096261359751
0.0003673551545944065
0.00035022536758333445
0.0002502144197933376
8.88653812580742e-05
0.00012315485219005495
0.00015870301285758615
0.00031625450355932117
0.00037099409382790327
0.00018046199693344533
0.00014959288819227368
0.0002544033632148057
0.0005217985017225146
0.0005491651245392859
0.0005534260999411345
0.0004472772707231343
0.00022501924831885844
0.00018950657977256924
0.00014504675345961004
0.00018812365306075662
0.00020739746105391532
0.0003254956682212651
0.0003972612030338496
0.00038584633148275316
0.0003289105661679059
0.00024999002926051617
0.00014049856690689921
0.00040385170723311603
0.0013555713230744004
0.002290871925652027
0.004234170541167259
0.004653466399759054
0.004274050239473581
0.0034541257191449404
0.002540257992222905
0.0020673067774623632
0.0007304465398192406
0.0002538498374633491
6.55718904454261e-05
0.00019553376478143036
0.0003935210988856852
0.0003293298068456352
0.00023820997739676386
6.769908213755116e-05
0.00012306323333177716
0.00034866854548454285
0.0005270959227345884
0.0004033968725707382
0.0001740084117045626
7.702977018197998e-05
0.00011284241190878674
0.00011519494728418067
0.0001250501663889736
0.00011536043894011527
8.503550634486601e-05
7.689699123147875e-05
0.00010453701543156058
0.000149412895552814
0.00023247126955538988
0.000315831188345328
0.00032174057560041547
0.00010811955144163221
4.151539906160906e-05
