0.00010014956205850467
0.00037275589420460165
0.0004117579373996705
0.0003905691846739501
0.00028412987012416124
0.00010391565592726693
0.000133178400574252
0.0001584915880812332
0.00023012245947029442
0.00038234659587033093
0.00022578838979825377
0.00016796811542008072
0.00026586311287246644
0.0004150043532717973
0.0005656093126162887
0.0005633864784613252
0.0005216606659814715
0.00028903692145831883
0.00033394835190847516
0.0001681106659816578
0.00017715572903398424
0.0001973589533008635
0.00029327074298635125
0.0003962139890063554
0.00038729753578081727
0.00035477339406497777
0.00024016096722334623
0.00011126126628369093
0.00026586311287246644
0.0007766595808789134
0.0016710135387256742
0.004201951436698437
0.004631907679140568
0.004004133865237236
0.00351544888690114
0.0025279063265770674
0.0021258278284221888
0.0013280888088047504
0.00025303036090917885
7.649085455341265e-05
0.00025180066586472094
0.0003547135565895587
0.0003270066808909178
0.0002554206585045904
0.00010028025280917063
9.311416943091899e-05
0.00024357193615287542
0.000511200400069356
0.0004316022095736116
0.00012892867380287498
7.52812484279275e-05
9.393700020154938e-05
0.00011933992936974391
0.00010253928485326469
0.0001423641515430063
8.286700904136524e-05
5.379796857596375e-05
9.869443601928651e-05
0.00015006880857981741
0.00019414244161453098
0.00031487373053096235
0.0003101910697296262
0.00011527067545102909
3.661869413917884e-05
