3.446510891080834e-05
5.574283204623498e-05
4.9101818149210885e-05
4.250261190463789e-05
4.3190972064621747e-05
4.1379669710295275e-05
4.7335033741546795e-05
3.8239046261878684e-05
4.3161053326912224e-05
4.407364394864999e-05
4.43130120402202e-05
5.911644620937295e-05
6.887638301122934e-05
9.654948371462524e-05
0.0001221889688167721
0.0001237682590726763
0.00011283210915280506
7.240883132908493e-05
6.256482447497547e-05
4.306984192226082e-05
5.578563650487922e-05
4.941921724821441e-05
6.883328023832291e-05
7.63883363106288e-05
6.889312498969957e-05
7.323166937567294e-05
7.706155156483874e-05
4.709437052952126e-05
8.468217856716365e-05
0.00035113238845951855
0.0006619695341214538
0.0010858933674171567
0.0011646453058347106
0.0017243027687072754
0.0017270854441449046
0.001502438448369503
0.0015141527401283383
0.0012032134691253304
0.0004394348943606019
7.085294782882556e-05
0.00020096443768125027
0.0005577332922257483
0.00042836408829316497
0.00034970176056958735
0.00011868167348438874
0.0001931550505105406
0.0005261908518150449
0.0009037996060214937
0.000660382560454309
0.00021344525157473981
8.347960829269141e-05
0.00010415502765681595
0.0001509365247329697
0.00011920903489226475
0.00013446852972265333
9.05568667803891e-05
6.510811363114044e-05
0.00010783530888147652
0.00014622395974583924
0.00016110966680571437
0.00030854542274028063
0.0003303877601865679
0.0001036014873534441
3.6134140827925876e-05
