9.664485696703196e-05
0.0004147119470871985
0.00037781253922730684
0.0003643179661594331
9.37724398681894e-05
0.00010122276580659673
0.00014182149607222527
0.00017150721396319568
0.0002793126041069627
0.00037932355189695954
0.00026317022275179625
0.00016914345906116068
0.0001907015248434618
0.0005130387144163251
0.000422344368416816
0.0005638941074721515
0.00046513701090589166
0.00024123811454046518
0.0002705368970055133
0.00021941991872154176
0.00020649837097153068
0.00025682695559225976
0.00035094350459985435
0.0004570134333334863
0.00043762463610619307
0.00035806468804366887
0.0002162989549105987
0.000144658493809402
0.00047169742174446583
0.0015066583873704076
0.002839800901710987
0.004319680854678154
0.004813736770302057
0.004269293509423733
0.0035297214053571224
0.0025257067754864693
0.002059328369796276
0.0011323606595396996
0.00030618166783824563
7.18552983016707e-05
0.0002072179486276582
0.00036762759555131197
0.0003176081518176943
0.00014469798770733178
9.766216680873185e-05
9.552280971547589e-05
0.00033276533940806985
0.0005276292213238776
0.0004214573127683252
0.00019939923367928714
7.470902346540242e-05
8.641186286695302e-05
8.612761303083971e-05
0.00011079748946940526
0.00012101551692467183
8.285126386908814e-05
7.320175063796341e-05
7.074822497088462e-05
0.00014887185534462333
0.00021269764692988247
0.0003253687755204737
0.00027462869184091687
6.396362732630223e-05
3.491781899356283e-05
