9.545614011585712e-05
0.0002932649222202599
0.00036834253114648163
0.00033481381251476705
0.0002395098126726225
0.00010297998960595578
0.00015254945901688188
0.00017341772036161274
0.0003064941265620291
0.00036847899900749326
0.00021271302830427885
0.0001581810793140903
0.00022480387997347862
0.0005889295716769993
0.000567915674764663
0.0005543166189454496
0.0003939549205824733
0.0001822338963393122
0.00031224064878188074
0.00016727337788324803
0.0001526420091977343
0.0002108363260049373
0.0003707633586600423
0.00036016100784763694
0.00039074404048733413
0.00033374264603480697
0.00014477278455160558
0.00015053257811814547
0.00037314489600248635
0.000988560263067484
0.0022601881064474583
0.003977893386036158
0.0045591783709824085
0.0040989709086716175
0.003278700402006507
0.002466412726789713
0.001752308919094503
0.0008841807139106095
0.0002676284348126501
7.57300658733584e-05
0.00021896192629355937
0.0003629796556197107
0.00031651597237214446
0.0002416864736005664
9.215820318786427e-05
0.00010128018766408786
0.0003958623856306076
0.000529798271600157
0.00038053913158364594
0.00015439237176906317
7.776470010867342e-05
0.00010678722901502624
9.397439862368628e-05
0.00011426326091168448
0.00010464029764989391
8.50354990689084e-05
6.676872726529837e-05
9.683932876214385e-05
0.00015460184658877552
0.00019216767395846546
0.00030607692315243185
0.00028878258308395743
0.00010008576646214351
4.036344034830108e-05
