0.00010192591435043141
0.00032597637618891895
0.00042375701013952494
0.00038376590237021446
0.0002354035241296515
0.0001065786273102276
0.00013637993833981454
0.00017315286095254123
0.00028336691320873797
0.0004590780008584261
0.0002604922919999808
0.00019134485046379268
0.00031908490927889943
0.0006261866656132042
0.0006625746027566493
0.000586206850130111
0.00032005656976252794
0.0002738323819357902
0.00026682246243581176
0.0001849286345532164
0.00021603619097732008
0.0002227600198239088
0.00031775175011716783
0.0004079747886862606
0.0003828121698461473
0.00032788937096484005
0.00019714950758498162
0.00014828849816694856
0.00042860349640250206
0.0010832003317773342
0.002309228293597698
0.004179546143859625
0.005182168912142515
0.004734401125460863
0.0038954608608037233
0.0027596894651651382
0.0022942831274122
0.0013578901998698711
0.0003343373246025294
5.64759066037368e-05
0.00027912724181078374
0.0004107508575543761
0.000358641758793965
0.0002673910930752754
0.00010458748874953017
0.00017087698506657034
0.00032291526440531015
0.0005854485207237303
0.0004349495575297624
0.00025515409652143717
7.30820611352101e-05
0.00010390069655841216
0.00013232564378995448
0.00013616064097732306
0.00015748922305647284
8.367461850866675e-05
7.119148358469829e-05
9.78190655587241e-05
0.00015844668087083846
0.00024083325115498155
0.0003542320046108216
0.00031671853503212333
0.00010389321687398478
3.677291897474788e-05
