9.968089580070227e-05
0.00032446812838315964
0.00041105851414613426
0.0003956753935199231
0.00023953261552378535
0.00011130614439025521
0.00014707671653013676
0.0001680962013779208
0.0002505435550119728
0.00046163625665940344
0.0002783251984510571
0.000168425336596556
0.00020497385412454605
0.0005181130836717784
0.0006939429440535605
0.0004421127669047564
0.0006766037549823523
0.00018482205632608384
0.00028083051438443363
0.00017987935279961675
0.0002031987824011594
0.00022924950462765992
0.0003779322432819754
0.0004326446505729109
0.00041256859549321234
0.0003484777989797294
0.00018049379286821932
0.00014809402637183666
0.0004306530172470957
0.0010743438033387065
0.002487453166395426
0.004392014816403389
0.005032877903431654
0.004602584056556225
0.003641012590378523
0.0027539145667105913
0.002195842796936631
0.0012420209823176265
0.0003071391547564417
6.682856474071741e-05
0.00023806649551261216
0.00043366014142520726
0.0003509584639687091
0.00034009708906523883
0.0001304555917158723
0.00012487736239563674
0.0003476276760920882
0.0005834773764945567
0.00043707952136173844
0.00020599023264367133
8.419864752795547e-05
0.00011087136226706207
0.00012482765305321664
0.00013560480147134513
0.00012713247269857675
8.52299781399779e-05
6.729234155500308e-05
9.420629066880792e-05
0.00016091516590677202
0.00018714093312155455
0.0003226831031497568
0.0002646452921908349
8.719726611161605e-05
3.8810743717476726e-05
