0.00014927444863133132
0.000564717105589807
0.0009345378493890166
0.0009176174062304199
0.0007042208453640342
0.0004501538642216474
0.00035468064015731215
0.00023357833561021835
0.00037764801527373493
0.0004743124882224947
0.00025730571360327303
0.00020291419059503824
0.00045966144534759223
0.0006025342736393213
0.0005053667118772864
0.0008267622324638069
0.0007805044879205525
0.0005902217817492783
0.0004552032332867384
0.0003226831031497568
0.0001901779032777995
0.00018064807227347046
0.00024047514307312667
0.0005775353056378663
0.0004819227324333042
0.00046766718151047826
0.00030470971250906587
0.00014080826076678932
0.0002856259234249592
0.0004864407819695771
0.002790304832160473
0.005586232058703899
0.007162983994930983
0.007089272607117891
0.00626413244754076
0.005801122169941664
0.004617305006831884
0.003361326176673174
0.001454744371585548
0.0004246239841450006
0.0001824283681344241
0.00046882088645361364
0.0005669629899784923
0.0006154879811219871
0.0003337267553433776
0.00014697012375108898
0.0003070044913329184
0.0006736714276485145
0.0007727100746706128
0.0005121279391460121
0.0002785645774565637
0.00021061395818833262
0.00021401001140475273
0.00024395542277488858
0.0002638915029820055
0.0001569658488733694
7.138684304663911e-05
9.078033326659352e-05
0.00011670689127640799
0.00018868186452891678
0.0004463914956431836
0.0005585055914707482
0.00020682894682977349
8.78480714163743e-05
