9.824561857385561e-05
0.0004176972433924675
0.00039569882210344076
0.0003636262263171375
0.0002658780722413212
8.898507076082751e-05
0.0001399555039824918
0.0001740407315082848
0.0004518623754847795
0.00033793909824453294
0.0002024006680585444
0.00016688441974110901
0.00022321069263853133
0.0005282331258058548
0.0006038244464434683
0.0005899833049625158
0.0004716051334980875
0.0003031278611160815
0.00022272822388913482
0.00015154803986661136
0.00019483156211208552
0.00022104143863543868
0.00028935109730809927
0.0004181759722996503
0.0003938502341043204
0.0003119376196991652
0.00018457080295775086
0.0001416676677763462
0.0004387859662529081
0.0013718801783397794
0.0026295031420886517
0.004228631034493446
0.004629224538803101
0.004225701093673706
0.0032672244124114513
0.0024639053735882044
0.001837741700001061
0.0009400491253472865
0.00010598021617624909
8.382370288018137e-05
0.00024349715386051685
0.0004046666726935655
0.00032310199458152056
0.00027217643219046295
0.00010252432548440993
0.000125523452879861
0.00046430857037194073
0.0005351221770979464
0.0004193579079583287
0.00020929743186570704
7.91560232755728e-05
8.992759103421122e-05
0.00012305013660807163
0.00010572587780188769
0.000106379586213734
8.095186058199033e-05
5.178765059099533e-05
0.00010969508730340749
0.00015062233433127403
0.00020759193284902722
0.0003307468141429126
0.0002884833957068622
9.935270645655692e-05
3.7805195461260155e-05
