9.638078336138278e-05
0.0003630165883805603
0.0003899604780599475
0.0003749252064153552
0.0003073486150242388
9.362282435176894e-05
0.00012550366227515042
0.00014293263666331768
0.000305309658870101
0.00038358490564860404
0.00021920129074715078
0.0001797653967514634
0.00026638671988621354
0.0005131901707500219
0.0005903264973312616
0.0005107964971102774
0.0005447119474411011
0.0001634584623388946
0.00033168934169225395
0.00017574102093931288
0.00019573044846765697
0.00021633565484080464
0.0002723212819546461
0.00038850275450386107
0.00036502504372037947
0.00029817779432050884
0.00017542685964144766
0.00012789733591489494
0.0003385412273928523
0.0011498318053781986
0.002479442162439227
0.004001428838819265
0.0046518053859472275
0.0040507386438548565
0.003156845923513174
0.0024064721073955297
0.0020660157315433025
0.0013336093397811055
0.00038325818604789674
8.238245936809108e-05
0.0002834968618117273
0.0003598113253246993
0.0003491295501589775
0.00022754458768758923
8.874476770870388e-05
9.215051250066608e-05
0.00036217973683960736
0.0005273026181384921
0.00042890917393378913
0.00018491275841370225
7.796759746270254e-05
0.00010225597361568362
0.00011890551832038909
0.00012071069068042561
0.00011230848758714274
8.174418326234445e-05
6.594588921871036e-05
8.699532190803438e-05
0.00015515537234023213
0.00019116532348562032
0.0003211720904801041
0.00031746187596581876
0.00011485178401926532
3.9540609577670693e-05
