0.00010111804294865578
0.00043533099233172834
0.00041099495138041675
0.0003833849332295358
0.00013338786084204912
0.00011527067545102909
0.00015262019587680697
0.00018009384803008288
0.00041531852912157774
0.000412221736041829
0.0002078905381495133
0.00017577280232217163
0.0002908564929384738
0.0005386043339967728
0.0005945154116488993
0.0005842376267537475
0.0005372317391447723
0.00024687821860425174
0.0003112532722298056
0.00017031807510647923
0.0001976994244614616
0.00021691045549232513
0.0003431042132433504
0.00041778699960559607
0.0003973659477196634
0.00034199710353277624
0.00022799806902185082
0.00012720916129183024
0.0005606636987067759
0.0015535977436229587
0.002832322381436825
0.003990803845226765
0.004874186124652624
0.00401967903599143
0.0032131869811564684
0.0024297803174704313
0.002007355447858572
0.001302296994253993
0.00021495121472980827
0.00012134464486734942
0.00031197138014249504
0.00038595384103246033
0.0003388056647963822
0.0001785536005627364
9.109450184041634e-05
0.00012866154429502785
0.0003561727935448289
0.0005591937224380672
0.00043065304635092616
0.00023962237173691392
7.119917427189648e-05
9.602697537047789e-05
0.00011230849486310035
0.00012873073865193874
9.243253589374945e-05
8.658297156216577e-05
6.824981392128393e-05
8.629218791611493e-05
0.00016348838107660413
0.00015690574946347624
0.00033376007922925055
0.00017800007481127977
9.073545516002923e-05
3.417283369344659e-05
