9.550785034662113e-05
0.00027988108922727406
0.0003777377714868635
0.00035682658199220896
0.0002342950610909611
0.00010506435501156375
0.0001370195095660165
0.00015490104851778597
0.0003041919262614101
0.00037890468956902623
0.0002266217052238062
0.0001492759183747694
0.00020020145166199654
0.0004066264955326915
0.00061076256679371
0.0004588835290633142
0.0005218672449700534
0.00025196216301992536
0.00024460151325911283
0.0001435048907296732
0.00018391133926343173
0.00021583517082035542
0.000277397659374401
0.0004040593630634248
0.0003920992312487215
0.0003095926658716053
0.00017110328190028667
0.00012343910930212587
0.00033104600152000785
0.0007991601596586406
0.002317703329026699
0.0035573982167989016
0.0048476518131792545
0.004515289328992367
0.0039302590303123
0.002620029030367732
0.0024109003134071827
0.001077048247680068
0.0002643760817591101
7.246056338772178e-05
0.00032991182524710894
0.0003789654583670199
0.0003372396749909967
0.00021939017460681498
8.979388076113537e-05
0.00011769054253818467
0.0003515774442348629
0.0005321189528331161
0.0003959895402658731
0.0001603223499841988
7.590117456857115e-05
0.00010708822082960978
0.00012401696585584432
0.0001477050391258672
0.00014249878586269915
8.786303806118667e-05
0.00010053458390757442
0.00010545658733462915
0.00017678826407063752
0.0001801843027351424
0.0002927321766037494
0.0002583844761829823
9.898046846501529e-05
3.260174344177358e-05
