9.398107067681849e-05
0.00029526048456318676
0.0003661134687718004
0.0003448818461038172
0.00013654262875206769
9.65730578172952e-05
0.00014401353837456554
0.0001655724918236956
0.00032649803324602544
0.00038074483745731413
0.00022521542268805206
0.00015107115905266255
0.00017449930601287633
0.00034252071054652333
0.0006623912486247718
0.00041476497426629066
0.0004277796542737633
0.00026800247724168
0.00024348219449166209
0.0001511309965280816
0.00019480747869238257
0.00021725862461607903
0.0003546452790033072
0.0003989938413724303
0.00038367052911780775
0.00031954795122146606
0.00016911352577153593
0.00013462956121657044
0.00037971255369484425
0.000977055635303259
0.0021637529134750366
0.0038769247476011515
0.004530190024524927
0.004185530357062817
0.003539550583809614
0.0024121205788105726
0.0018480484141036868
0.0010109483264386654
0.00025263134739361703
9.461022273171693e-05
0.0002617190475575626
0.0004026319948025048
0.00031288398895412683
0.00021187464881222695
8.548978075850755e-05
0.00010335686965845525
0.0003996773448307067
0.0005051242769695818
0.00037854560650885105
0.00018583936616778374
7.84678413765505e-05
9.450549987377599e-05
0.00011972891661571339
0.00010699752601794899
0.00013057526666671038
8.364417590200901e-05
8.484101999783888e-05
6.473409302998334e-05
0.0001518203062005341
0.0002126591862179339
0.0003257686912547797
0.00026559128309600055
8.954313670983538e-05
3.9572190871695057e-05
