9.534328273730353e-05
0.0003755012294277549
0.0003671868471428752
0.0003375089727342129
0.00025347020709887147
9.54779316089116e-05
0.0001287351333303377
0.00016574519395362586
0.00032040782389231026
0.000376801093807444
0.00017214863328263164
0.00014926840958651155
0.00025033409474417567
0.000432029424700886
0.0006189459818415344
0.0004572677717078477
0.0004471733409445733
0.00023195688845589757
0.00023319519823417068
0.00014957442181184888
0.00020014159963466227
0.00021468507475219667
0.00029222352895885706
0.00040001393062993884
0.00038967622094787657
0.00034573726588860154
0.00021676272444892675
0.0001068179844878614
0.00023941294057294726
0.0007142742979340255
0.002528105629608035
0.004104286432266235
0.0045705148950219154
0.00419255206361413
0.0033998319413512945
0.0023302375338971615
0.001805335283279419
0.0007985917036421597
0.00019795738626271486
8.623584290035069e-05
0.0002422556426608935
0.0003522291372064501
0.0003222501545678824
0.00021714890317525715
8.596305269747972e-05
0.00010101332009071484
0.00029950926546007395
0.0005302002537064254
0.00045357251656241715
0.00021620921324938536
8.636698476038873e-05
7.553557952633128e-05
0.00011357103358022869
0.0001349886297248304
0.00011729035031748936
8.411301678279415e-05
6.795341323595494e-05
0.00015000617713667452
0.00014451847528107464
0.0001967904536286369
0.00028885737992823124
0.00026398705085739493
0.00011773916048696265
4.278704000171274e-05
