9.812594362301752e-05
0.0003231074952054769
0.00038565744762308896
0.00038610066985711455
0.00027874408988282084
0.00011496317893033847
0.00016188013250939548
0.00017523237329442054
0.0003020675212610513
0.00042598540312610567
0.00022881108452565968
0.00019012649136129767
0.00030284174135886133
0.0005381115479394794
0.0006107327062636614
0.000522705027833581
0.0006228357087820768
0.0002553540689405054
0.00026634507230482996
0.00016167815192602575
0.00018706613627728075
0.0002204280608566478
0.00026128519675694406
0.0004057138867210597
0.00038267471245490015
0.0003460514126345515
0.00023790192790329456
0.00015481834998354316
0.0005342053482308984
0.001238136668689549
0.002513676416128874
0.004582285415381193
0.00465546827763319
0.004171798937022686
0.0031987205147743225
0.0024044374004006386
0.0018958400469273329
0.0010292676743119955
0.00025836791610345244
8.316543971886858e-05
0.0002582930901553482
0.00040348476613871753
0.00033457670360803604
0.00026973788044415414
0.00010412510164314881
9.423620940651745e-05
0.00027675434830598533
0.0005003240657970309
0.0004920958308503032
0.0002613450342323631
7.935050962259993e-05
7.757020648568869e-05
0.00012170369882369414
0.00010846365330507979
0.00011028680455638096
8.591536607127637e-05
6.503330951090902e-05
8.8386659626849e-05
0.00015460184658877552
0.00016853005217853934
0.0003394901577848941
0.00016396243881899863
7.337379065575078e-05
3.584536534617655e-05
