0.00010325688344892114
0.0003279791271779686
0.0003789944457821548
0.0003628873673733324
0.0001123019537772052
0.00011018784425687045
0.00015010152128525078
0.00017164100427180529
0.00039254865259863436
0.0004392703121993691
0.00023863498063292354
0.00017987847968470305
0.00029113440541550517
0.000711595406755805
0.0005310529377311468
0.0005992280784994364
0.0004737841954920441
0.0002510522026568651
0.00025193486362695694
0.00016761745791882277
0.0002043904096353799
0.00020407621923368424
0.0002988959022331983
0.0005004737176932395
0.00031780594144947827
0.0002898148668464273
0.0002139052958227694
9.50291141634807e-05
0.00029642743174917996
0.0008460464305244386
0.001800556550733745
0.00369816180318594
0.004949143156409264
0.004517638124525547
0.003773113712668419
0.002658945508301258
0.0023455077316612005
0.0009849130874499679
0.00023423352104146034
7.60760303819552e-05
0.0003953462583012879
0.00044326475472189486
0.0002840700326487422
0.0003198705380782485
0.00011613837705226615
0.0001447519171051681
0.00044194827205501497
0.000541300920303911
0.0004861714842263609
0.0002776071196421981
7.559096411569044e-05
0.00010297229891875759
0.00012426974717527628
0.0001443155633751303
0.00011058524250984192
8.669731323607266e-05
5.752594006480649e-05
0.000121673772810027
0.00014391817967407405
0.00018233861192129552
0.0003147241077385843
0.0003057029389310628
8.738429460208863e-05
4.13358720834367e-05
