0.00010181860125157982
0.00031068475800566375
0.0004033671284560114
0.00038154520734678954
0.0003970207762904465
0.00011353148147463799
0.0001427073439117521
0.00016367630450986326
0.0002895605284720659
0.00039797931094653904
0.0002581285370979458
0.0001979274529730901
0.00026152454665862024
0.0004884903901256621
0.000717730144970119
0.00047038812772370875
0.0006710982997901738
0.00020284946367610246
0.00029430302674882114
0.00016461040650028735
0.0001998404914047569
0.00022930333216208965
0.0003047251084353775
0.0004175280046183616
0.00039353605825453997
0.0003216208715457469
0.00020608092017937452
0.00012478555436246097
0.0003811337810475379
0.001009205705486238
0.0021037012338638306
0.003995487000793219
0.004988803993910551
0.004552556201815605
0.003863894147798419
0.0027241131756454706
0.0021086991764605045
0.0014867300633341074
0.0004282294539734721
4.9264937842963263e-05
0.00012831624189857394
0.0004356648132670671
0.00031002648756839335
0.0003256153140682727
0.0001289445790462196
0.00012626183161046356
0.0003355444932822138
0.0005538958357647061
0.0004373404080979526
0.00019514480663929135
8.352448639925569e-05
8.609769429313019e-05
0.00012994692951906472
0.00012219308700878173
0.0001116405037464574
8.416779019171372e-05
6.720258534187451e-05
8.56488841236569e-05
0.0001639521651668474
0.00017744653450790793
0.0003500965831335634
0.000268806325038895
0.00010657894017640501
3.53111645381432e-05
