9.555272845318541e-05
0.00030651080305688083
0.0003799776313826442
0.00034832756500691175
0.00015701049414929003
9.556769509799778e-05
0.00012770286411978304
0.00015611323760822415
0.0003130625409539789
0.00037090180558152497
0.00019592835451476276
0.00017588408081792295
0.0002772499283310026
0.00043601711513474584
0.0005227246438153088
0.0005139662534929812
0.0004045890527777374
0.0002223308547399938
0.0002234594285255298
0.00016006802616175264
0.00020481397223193198
0.00022711539349984378
0.0002707445528358221
0.00040588557021692395
0.00037492800038307905
0.0003194049058947712
0.00016598118236288428
0.0001504353276686743
0.00046058904263190925
0.0011475622886791825
0.0026265147607773542
0.00416181655600667
0.0044988649897277355
0.004144760780036449
0.0033180303871631622
0.002413757611066103
0.0019618270453065634
0.0010675758821889758
0.00021552755788434297
8.105600863927975e-05
0.0002853416954167187
0.0004038737388327718
0.00034002139000222087
0.00023782899370417
9.298887744080275e-05
0.00010912284051300958
0.0003095496504101902
0.0005678997840732336
0.0004578708903864026
0.00015754063497297466
8.071752381511033e-05
9.165365918306634e-05
0.00010268516052747145
0.0001287351333303377
0.00010600122186588123
8.30362259875983e-05
7.124531839508563e-05
0.00013755996769759804
0.0001560146629344672
0.0001795016141841188
0.00034347071778029203
0.00022759225976187736
7.852394628571346e-05
3.476353231235407e-05
