0.00010731169459177181
0.00040000767330639064
0.00044746865751221776
0.0004592874611262232
0.0004290073993615806
0.00016736460383981466
0.00015990393876563758
0.00023951390176080167
0.000374476338038221
0.0005542567814700305
0.00034588685957714915
0.0001875299058156088
0.00028841057792305946
0.0006340703694149852
0.0006702044629491866
0.0006542833289131522
0.0004463765653781593
0.00030047327163629234
0.0003426703333389014
0.00021366591681726277
0.00025309278862550855
0.000251590769039467
0.0004247107426635921
0.0004888194962404668
0.0004667377797886729
0.0003682677634060383
0.00018361648835707456
0.00021096706041134894
0.0008797673508524895
0.0014274115674197674
0.0028540901839733124
0.004848429933190346
0.005521027371287346
0.004943893291056156
0.003913978114724159
0.002892677439376712
0.0021532888058573008
0.0011096654925495386
0.00041202723514288664
0.0002219988964498043
0.0003793385112658143
0.000623015221208334
0.0005333120352588594
0.00033691892167553306
0.00016839541785884649
0.00014317517343442887
0.0003637180489022285
0.0005970680504105985
0.00043436323176138103
0.0002115265524480492
8.831184823065996e-05
9.932278044288978e-05
0.00012360367691144347
0.00011989346967311576
0.000156920708832331
8.986774628283456e-05
7.094535976648331e-05
0.00011581691796891391
0.00018225511303171515
0.00029490143060684204
0.0004152494657319039
0.0003040647425223142
7.489227573387325e-05
3.9849081076681614e-05
