0.00010783531615743414
0.0002970490895677358
0.00041763929766602814
0.0003973958664573729
0.00022436266590375453
0.00010562115494394675
0.00013053040311206132
0.0001666300668148324
0.00025883165653795004
0.0004143610713072121
0.00024171506811399013
0.0001771095849107951
0.0002677756710909307
0.0006224215030670166
0.000541449582669884
0.0005944294389337301
0.00042629954987205565
0.00028246926376596093
0.00025712617207318544
0.00018232365255244076
0.00018678189371712506
0.00024001137353479862
0.0002640828024595976
0.00041415158193558455
0.0003978895547334105
0.00033855618676170707
0.000207251199753955
0.0001559044176246971
0.0004549532604869455
0.001478189486078918
0.0029990423936396837
0.004248781129717827
0.0042422800324857235
0.004474656656384468
0.0026894796174019575
0.002941055689007044
0.0016886070370674133
0.001283895457163453
0.00032459807698614895
9.980152390198782e-05
0.00023348857939708978
0.0003855920222122222
0.00028559600468724966
0.0003102359769400209
9.196221071761101e-05
0.00010970536823151633
0.000298043160000816
0.0005127263721078634
0.00048379276995547116
0.0002496608649380505
7.498204649891704e-05
9.157323802355677e-05
0.00011772491416195408
9.505903290119022e-05
0.00012394670920912176
7.890594133641571e-05
5.2057883294764906e-05
0.00012608336692210287
0.00013821168977301568
0.0001953243336174637
0.000326587789459154
0.00028429445228539407
8.895514474716038e-05
3.808944165939465e-05
