9.821132698561996e-05
0.0003177611215505749
0.00041099495138041675
0.0004060729406774044
0.00022209652524907142
0.00010791017120936885
0.00014755825395695865
0.00016957357001956552
0.00036514102248474956
0.00039236914017237723
0.00024955617845989764
0.00017599535931367427
0.0002513813378755003
0.00046076852595433593
0.000655225187074393
0.0004973020986653864
0.0006754218484275043
0.00020370220590848476
0.0002672065165825188
0.00016751074872445315
0.00018070914666168392
0.00020922264957334846
0.00028211018070578575
0.00040324541623704135
0.00039385020500048995
0.00032379201729781926
9.344985301140696e-05
0.00013311856309883296
0.0003509285452309996
0.0008706265361979604
0.001863749697804451
0.004417086951434612
0.004940770100802183
0.004303747322410345
0.0032885477412492037
0.0026605974417179823
0.0018721126252785325
0.0009405547170899808
0.0002719885087572038
7.712513615842909e-05
0.00028236827347427607
0.0003977848100475967
0.00035068916622549295
0.00025622855173423886
0.00010894799197558314
9.763037814991549e-05
0.00030185809009708464
0.0005282404599711299
0.0004846866650041193
0.00021704698156099766
8.327670366270468e-05
9.399030386703089e-05
0.00011752970749512315
0.00011597382399486378
0.0001316374691668898
8.52748635224998e-05
7.032932626316324e-05
8.599297871114686e-05
0.000154960885993205
0.00018766455468721688
0.0003192571457475424
0.00031539733754470944
9.305238199885935e-05
3.8538259104825556e-05
