9.649615094531327e-05
0.0004052201984450221
0.00042058463441208005
0.0003725754504557699
0.00020599116396624595
0.00011577846453292295
0.0001507869310444221
0.00015822489513084292
0.0004218039393890649
0.0003399774432182312
0.00019867623632308096
0.00017605586617719382
0.00030274075106717646
0.0005323967197909951
0.0005641479510813951
0.0005448578740470111
0.0003188083355780691
0.00025254825595766306
0.0002828881551977247
0.00017743157513905317
0.00018025909957941622
0.00022591855667997152
0.0002707851235754788
0.0004240255511831492
0.00039925097371451557
0.00036530557554215193
0.00026472611352801323
0.00010475343879079446
0.00028062911587767303
0.001230629743076861
0.0025665853172540665
0.004134290385991335
0.004586624912917614
0.004137353505939245
0.0030986496713012457
0.002333210315555334
0.001905803568661213
0.0010105521650984883
0.00025672224001027644
6.674535688944161e-05
0.00022941931092645973
0.0003785905137192458
0.00031227056751959026
0.00025868206284940243
0.00010755105904536322
9.577714081387967e-05
0.0002405349659966305
0.0005236811120994389
0.000537874992005527
0.00021102091704960912
9.678791684564203e-05
0.00015810260083526373
0.0001602419652044773
0.00012168873217888176
0.0001369783713016659
8.786303806118667e-05
8.361424988834187e-05
6.905767804710194e-05
0.00014520664990413934
0.0002149281499441713
0.00034016702556982636
0.00020452504395507276
8.771342254476622e-05
3.6249301047064364e-05
