9.721334936330095e-05
0.0002535954990889877
0.0004221187555231154
0.00038719215081073344
0.00018651821301318705
0.00010553046013228595
0.0001457938487874344
0.00017861343803815544
0.00032902168459258974
0.00039549588109366596
0.00023941294057294726
0.0001872334978543222
0.00023686964414082468
0.0007308386848308146
0.0006012326921336353
0.0005926784942857921
0.0007176104700192809
0.0001879338378785178
0.0002580768195912242
0.00016608013538643718
0.00019641497055999935
0.00022736973187420517
0.00034296957892365754
0.00042565623880364
0.00039328730781562626
0.00032545076101087034
0.00018595905567053705
0.00010116292105522007
0.0002745102683547884
0.000897331046871841
0.0020039596129208803
0.004080432467162609
0.005208693910390139
0.004829759243875742
0.004098205361515284
0.002836691215634346
0.002474198117852211
0.0015053109964355826
0.0004124611150473356
5.577275805990212e-05
0.00013217605010140687
0.00043998839100822806
0.0003352948115207255
0.00031773114460520446
0.00012900441652163863
7.321670273086056e-05
0.0003611721913330257
0.0005517109530046582
0.00047325107152573764
0.00021971217938698828
8.200557203963399e-05
0.00010882083006436005
0.00011492658813949674
0.00012430308561306447
0.00012195802264614031
8.350952703040093e-05
7.306710176635534e-05
8.137016993714496e-05
0.00016450569091830403
0.00016824580961838365
0.00030603204504586756
0.0003978895547334105
0.00012883984891232103
4.208389509585686e-05
