3.231468872400001e-05
3.9076836401363835e-05
3.8786765799159184e-05
3.708786971401423e-05
3.7720110412919894e-05
3.6543835449265316e-05
3.8053913158364594e-05
3.725913484231569e-05
3.6845853173872456e-05
3.754525459953584e-05
3.6383946280693635e-05
3.6189456295687705e-05
3.454380203038454e-05
3.5830409615300596e-05
3.9091795770218596e-05
3.8039714127080515e-05
3.7949310353724286e-05
3.69109729945194e-05
3.737133738468401e-05
3.6099692806601524e-05
3.591878339648247e-05
3.669561192509718e-05
3.747606388060376e-05
3.48878966178745e-05
3.820912752416916e-05
3.735637801582925e-05
3.800315244006924e-05
4.204368815408088e-05
4.4567339500645176e-05
3.8313850382110104e-05
3.8523299735970795e-05
6.61403828416951e-05
8.01434216555208e-05
5.159615466254763e-05
4.157964212936349e-05
5.5801017879275605e-05
6.712778122164309e-05
6.117350130807608e-05
3.6922523577231914e-05
3.737133738468401e-05
3.825401290669106e-05
3.99894270231016e-05
4.046015237690881e-05
3.8641534047201276e-05
3.723401096067391e-05
3.768011083593592e-05
3.646436016424559e-05
3.7760313716717064e-05
3.828393164440058e-05
3.747606388060376e-05
3.6997327697463334e-05
3.711700992425904e-05
3.479813312878832e-05
3.60177036782261e-05
3.848770575132221e-05
3.511887553031556e-05
3.5081448004348204e-05
3.4795328247128054e-05
3.5680801374837756e-05
3.394538725842722e-05
3.7410911318147555e-05
3.801853381446563e-05
3.609970008255914e-05
3.4154829336330295e-05
