9.785752627067268e-05
0.00034295456134714186
0.00034819074789993465
0.00034867372596636415
0.00020405251416377723
9.337344818050042e-05
0.00014956014638300985
0.0001504428219050169
0.00026578831602819264
0.00042095695971511304
0.0003207531990483403
0.0002813584287650883
0.0004099279176443815
0.0006106808432377875
0.0005970998900011182
0.0006092441035434604
0.0005279112956486642
0.0002567371993791312
0.00034014202537946403
0.00014593638479709625
0.00018948502838611603
0.00021338164515327662
0.000355072581442073
0.000393595895729959
0.0003641835355665535
0.0003236405609641224
0.0002047045563813299
0.00012327454169280827
0.0004512572777457535
0.0012293991167098284
0.002639630576595664
0.0047019473277032375
0.004650173243135214
0.004219490569084883
0.003352933330461383
0.0024152088444679976
0.0019073446746915579
0.0011554296361282468
0.0003611017018556595
8.373916352866217e-05
0.00029050372540950775
0.0003915147390216589
0.00033173421979881823
0.00027732286253012717
0.00010693767399061471
9.380235860589892e-05
0.00035502741229720414
0.0005892987246625125
0.0004941178485751152
0.00016437105659861118
7.326158811338246e-05
8.045758295338601e-05
0.00010847861267393455
0.00012158962636021897
0.00011867042485391721
9.159006731351838e-05
6.519786984426901e-05
9.203514491673559e-05
0.0001483633095631376
0.000190641701919958
0.00034821219742298126
0.0002794588799588382
7.66482698963955e-05
4.016801176476292e-05
