0.00010506762191653252
0.00031764659797772765
0.00039354164618998766
0.00039029898471198976
0.0002448286395519972
0.00011821790394606069
0.00014318697503767908
0.00016061596397776157
0.00029551482293754816
0.0004155579081270844
0.000204521682462655
0.00017086417938116938
0.00027245201636105776
0.0005416505737230182
0.0005425782292149961
0.0006272377795539796
0.00045099930139258504
0.00027106935158371925
0.00027693386073224247
0.000183131531230174
0.0001712827943265438
0.00022937441826798022
0.0002462648262735456
0.0004015336453448981
0.00038824614603072405
0.0003274377668276429
0.00019268465985078365
0.00016247287567239255
0.0006494504632428288
0.0013106121914461255
0.0027912200894206762
0.004403019789606333
0.004926265217363834
0.004414571449160576
0.003467960748821497
0.0027105226181447506
0.0021267433185130358
0.00099021231289953
0.00020087187294848263
7.377118163276464e-05
0.0002930659684352577
0.000389586464734748
0.0003485049237497151
0.00027141341706737876
0.0001065786273102276
0.00010922663932433352
0.00029548490419983864
0.0005357356858439744
0.000529796292539686
0.000255196267971769
8.778823394095525e-05
8.484101999783888e-05
0.00014806410763412714
0.00014066009316593409
0.00012789240281563252
8.93969991011545e-05
7.225289300549775e-05
0.0001388933160342276
0.00015627742686774582
0.00015175934822764248
0.00035188868059776723
0.0002851351455319673
0.0001021647040033713
3.4668159059947357e-05
