9.320392564404756e-05
0.00027886664611287415
0.0003893929242622107
0.0003583788638934493
0.00029774397262372077
0.00010267393372487277
0.00013890827540308237
0.00015668125706724823
0.0002859504020307213
0.00036956931580789387
0.0002749590785242617
0.0001807527878554538
0.00027730787405744195
0.00045357251656241715
0.0006333529017865658
0.0005045878351666033
0.0006232995074242353
0.0002459782699588686
0.0001746788329910487
0.0001928259152919054
0.00019462118507362902
0.00021885719615966082
0.00025166559498757124
0.00038767672958783805
0.00040023672045208514
0.00028429445228539407
0.0002105840394506231
0.00016154220793396235
0.00047655068919993937
0.0013657760573551059
0.002211251063272357
0.004295609425753355
0.004569132346659899
0.004182672593742609
0.0033895480446517467
0.00240714056417346
0.0019779133144766092
0.0011706444201990962
0.00034039633464999497
4.989328226656653e-05
0.00013994054461363703
0.000409424101235345
0.0003063696203753352
0.0002641265164129436
0.00010994473996106535
6.287900032475591e-05
0.0001925416727317497
0.0005054472712799907
0.00041681938455440104
0.00018508554785512388
7.710537465754896e-05
8.555899694329128e-05
0.00010312275117030367
0.00011368485866114497
0.00012291550228837878
7.848280074540526e-05
7.664266013307497e-05
6.980570469750091e-05
0.00013900644262321293
0.00018783907580655068
0.0002944878360722214
0.0002161792799597606
7.820603059371933e-05
3.518710582284257e-05
