3.434204700170085e-05
4.954918767907657e-05
6.0000518715241924e-05
5.443195186671801e-05
4.275899118511006e-05
4.042235013912432e-05
4.0378399717155844e-05
3.6578436265699565e-05
4.2790947190951556e-05
4.645598164643161e-05
4.247287142788991e-05
3.9869744796305895e-05
3.8493377360282466e-05
4.120276207686402e-05
4.034901940030977e-05
4.618307502823882e-05
4.702086152974516e-05
4.310121585149318e-05
4.139505108469166e-05
3.829542038147338e-05
3.627258774940856e-05
3.564189682947472e-05
3.638487760326825e-05
3.7087091186549515e-05
3.5561115510063246e-05
3.989522883784957e-05
3.973371349275112e-05
4.28179519076366e-05
4.7948411520337686e-05
6.117729208199307e-05
0.00011797852494055405
0.00010509753337828442
9.327873704023659e-05
6.54844770906493e-05
4.755943882628344e-05
6.165877857711166e-05
7.16252761776559e-05
7.539252692367882e-05
6.543724157381803e-05
4.007919051218778e-05
3.6892601201543584e-05
3.547135565895587e-05
3.59500918420963e-05
3.651859151432291e-05
3.594185545807704e-05
3.457278944551945e-05
3.8657944969600067e-05
4.209885810269043e-05
4.480670759221539e-05
4.039336272398941e-05
3.717685103765689e-05
3.749102324945852e-05
3.685713090817444e-05
3.6241821362636983e-05
3.603518052841537e-05
3.536663280101493e-05
3.5591037885751575e-05
3.6473709769779816e-05
3.602489232434891e-05
3.5591037885751575e-05
3.4962697100127116e-05
3.834377275779843e-05
3.557266973075457e-05
3.289606684120372e-05
