0.00010241082782158628
0.00036377960350364447
0.00035773555282503366
0.0003731015312951058
0.00012315860658418387
0.00011423839896451682
0.0001523128739790991
0.00017785046657081693
0.0003243688843213022
0.00036725608515553176
0.0001937534543685615
0.00017277884762734175
0.0002824969997163862
0.0006782783893868327
0.0005838785436935723
0.0005370372091419995
0.0005746030365116894
0.000211182443308644
0.0002492240455467254
0.0001624959404580295
0.00018490865477360785
0.0002123802260030061
0.00031690835021436214
0.00040417295531369746
0.00037858550786040723
0.00028519207262434065
0.00017514260252937675
0.00014926676522009075
0.0006956335273571312
0.001098699402064085
0.0019273917423561215
0.00416180957108736
0.004531527403742075
0.004175638779997826
0.0031439948361366987
0.0024357044603675604
0.001970283454284072
0.0011202425230294466
0.0003252263995818794
5.6221571867354214e-05
0.0004192382039036602
0.0003745062567759305
0.00031037061125971377
0.000235433442867361
9.447558113606647e-05
0.00011037859076168388
0.00040655137854628265
0.0005789789720438421
0.0003834956733044237
0.0001655080559430644
7.218162500066683e-05
0.00010041490168077871
0.00011446281860116869
0.00011678168812068179
0.00012388791947159916
8.907396113499999e-05
5.698549284716137e-05
0.0001349848898826167
0.00016842909099068493
0.00021644947992172092
0.00032856257166713476
0.0002521143760532141
0.00010394557466497645
4.2547671910142526e-05
