0.0001039875642163679
0.00038369203684851527
0.0004207650781609118
0.0004039670748170465
0.00018774216005112976
0.00012315485219005495
0.00015306090062949806
0.00018895116227213293
0.00029413847369141877
0.0004908690461888909
0.0003166540409438312
0.00020672910613939166
0.00038983800914138556
0.0006284907576628029
0.0006580227636732161
0.0006523377960547805
0.0005959217669442296
0.0003347138117533177
0.00029614922823384404
0.00016791668895166367
0.00022573901514988393
0.0002663268824107945
0.0003870459913741797
0.0004713743692263961
0.0004260302521288395
0.0003708858566824347
0.0002649954112712294
0.00017206024494953454
0.0005980208516120911
0.001823954749852419
0.0030479184351861477
0.004919150378555059
0.005275630857795477
0.004868464078754187
0.003467785893008113
0.002695987466722727
0.0021174498833715916
0.0012540940660983324
0.0004085863474756479
5.168853749637492e-05
0.00014810898574069142
0.00041486576083116233
0.0003445511101745069
0.00019966288527939469
0.00011311636626487598
8.303079812321812e-05
0.0003939375455956906
0.0005793307209387422
0.0004093100142199546
0.00017535206279717386
7.505684334319085e-05
9.779681568033993e-05
0.00012683514796663076
0.0001075959371519275
0.0001266107428818941
8.901499677449465e-05
7.768309296807274e-05
0.00012338523811195046
0.0001460444473195821
0.0002037770173046738
0.0003465277550276369
0.000168572150869295
8.80575244082138e-05
3.7775273085571826e-05
