0.00010611485049594194
0.0004405120271258056
0.0004514780594035983
0.0004304130852688104
0.00018125391216017306
0.00012536194117274135
0.0001578108494868502
0.0001765040069585666
0.00028779517742805183
0.00038795359432697296
0.00020538619719445705
0.00018298938812222332
0.0002880794054362923
0.0005492748459801078
0.0007033530855551362
0.0005609889631159604
0.0006752722547389567
0.00027416684315539896
0.00028342765290290117
0.00016845676873344928
0.00023496965877711773
0.000254044309258461
0.00026179381529800594
0.00044684033491648734
0.000413427478633821
0.0003642333613242954
0.00014010511222295463
0.00014474286581389606
0.0003958998422604054
0.0009354503708891571
0.00283042318187654
0.004507499281316996
0.005015500355511904
0.004364009015262127
0.0035702346358448267
0.002705921418964863
0.002293115947395563
0.0013456225860863924
0.00022924951917957515
0.00011082740820711479
0.00027905829483643174
0.00041959722875617445
0.00035128757008351386
0.00023247218632604927
6.789077451685444e-05
0.00012046197662129998
0.0002770984428934753
0.0005648171063512564
0.00045073070214129984
0.00014386020484380424
7.848280074540526e-05
0.00011278651072643697
0.00012420053826645017
0.00015846258611418307
0.00012858552508987486
9.300945384893566e-05
6.943169864825904e-05
0.00012143162894062698
0.00016737997066229582
0.00026152923237532377
0.00037666058051399887
0.00029400381026789546
0.00010725184984039515
4.278704000171274e-05
