9.994189167628065e-05
0.00038714788388460875
0.00041068080463446677
0.0003701974346768111
0.00021080844453535974
9.311416943091899e-05
0.0001336121349595487
0.0001823551137931645
0.0004326764610596001
0.0003870581276714802
0.00025114198797382414
0.00017144103185273707
0.00027064455207437277
0.000643660721834749
0.0005939918337389827
0.0005179625586606562
0.00045789137948304415
0.0002686524821911007
0.00023326696828007698
0.0001666328898863867
0.00021475802350323647
0.0002469704777467996
0.00036242592614144087
0.0004446699167601764
0.0003960494068451226
0.00031436505378223956
0.00020584157027769834
0.00018148586968891323
0.00045257018064148724
0.001038498361594975
0.0023977349046617746
0.004130819346755743
0.004922663792967796
0.004606907721608877
0.003991851583123207
0.002697453834116459
0.0023065656423568726
0.0014540114207193255
0.0003691055462695658
5.459088060888462e-05
0.00014200508303474635
0.0004178654053248465
0.00036191826802678406
0.000285158195765689
0.00013183755800127983
0.0001525335683254525
0.0003933032276108861
0.0006219287170097232
0.0005183056928217411
0.00022667032317258418
7.881006604293361e-05
0.00010608680167933926
0.0001261619181605056
0.00014531136548612267
0.00012316981155890971
9.299448720412329e-05
9.830547060118988e-05
8.268670353572816e-05
0.0001914944441523403
0.00017135759117081761
0.0003228177665732801
0.0003511080576572567
0.00010645893780747429
4.462718061404303e-05
