0.00010548651334829628
0.0002960953861474991
0.0004111744638066739
0.0004048162663821131
0.0003189429990015924
0.0001010282794595696
0.00013771145313512534
0.00015855142555665225
0.00034507413511164486
0.00033411290496587753
0.000250124663580209
0.00017734180437400937
0.00028328149346634746
0.0006847123149782419
0.0006030878284946084
0.0005344340461306274
0.0006555842701345682
0.0002067541645374149
0.0003169233095832169
0.00016191908798646182
0.00018565470236353576
0.00021732015011366457
0.00026736801373772323
0.0004088587884325534
0.00038043063250370324
0.00035393558209761977
0.00022163984249345958
0.00014582002768293023
0.0003678039647638798
0.0009516675490885973
0.0020623800810426474
0.004169342573732138
0.005329619627445936
0.004855850245803595
0.004303598310798407
0.002886030822992325
0.002509310143068433
0.001596345566213131
0.00027535937260836363
8.643582259537652e-05
0.0002458859817124903
0.0003776620142161846
0.0003557308518793434
0.0002494663931429386
0.00013168234727345407
0.00015184012590907514
0.0004430854751262814
0.0006114422576501966
0.0005752312135882676
0.0001750827650539577
0.00010315267718397081
0.00010939119238173589
0.0001476601610193029
0.00012345406867098063
0.00010994070180458948
8.893552148947492e-05
8.684345812071115e-05
9.700377995613962e-05
0.00014996409299783409
0.00022014378919266164
0.00033611763501539826
0.00033568378421477973
0.00011096204980276525
4.0460156014887616e-05
