3.089343954343349e-05
3.625218596425839e-05
3.726661452674307e-05
3.8203121221158653e-05
3.775189907173626e-05
3.4747641620924696e-05
3.523198392940685e-05
3.545729850884527e-05
3.443434616201557e-05
3.606977770687081e-05
3.562096389941871e-05
3.657843262772076e-05
3.8803053030278534e-05
4.1964216507039964e-05
4.001934576081112e-05
4.001934576081112e-05
4.3879157601622865e-05
3.862615267280489e-05
3.620336428866722e-05
3.680284135043621e-05
3.5957938962383196e-05
3.5326545912539586e-05
3.7191814044490457e-05
3.783511419896968e-05
3.6264260415919125e-05
3.536663280101493e-05
3.90722525480669e-05
4.2064199078595266e-05
5.6879831390688196e-05
6.962618499528617e-05
0.00011075260408688337
0.00017372136062476784
0.00023368305119220167
0.00017179483256768435
0.00011227015784243122
0.00010209702304564416
8.488589082844555e-05
7.664266013307497e-05
4.767912832903676e-05
3.599497358663939e-05
3.6294182791607454e-05
4.018391337012872e-05
3.9166599890450016e-05
3.795007069129497e-05
3.803391518886201e-05
3.739552994375117e-05
3.442972956690937e-05
3.609970008255914e-05
3.5764951462624595e-05
3.6249301047064364e-05
3.517214645398781e-05
3.384066076250747e-05
3.517214645398781e-05
3.343672142364085e-05
3.5875291359843686e-05
3.549575194483623e-05
3.5203484003432095e-05
3.6130550142843276e-05
3.603518052841537e-05
3.66831554856617e-05
3.8373691495507956e-05
3.7640627851942554e-05
3.687764183268882e-05
3.32572017214261e-05
