0.00010134244803339243
0.000249877804890275
0.0003886140475515276
0.00036627802182920277
0.00025817338610067964
0.00010051961726276204
0.00012664066161960363
0.00016115454491227865
0.00032886065309867263
0.00036949451896362007
0.00020795842283405364
0.00015896560216788203
0.00024290941655635834
0.0006213695160113275
0.0005118437111377716
0.0005109610501676798
0.0006118396995589137
0.00018444802844896913
0.00023233375395648181
0.00014880528033245355
0.00021436717361211777
0.00022034390713088214
0.00032461300725117326
0.0004083618987351656
0.00039429901516996324
0.0003358034591656178
0.00019915422308258712
0.00013400122406892478
0.000408212305046618
0.0010789067018777132
0.002447538310661912
0.004228421952575445
0.00480989133939147
0.004355062264949083
0.003424354363232851
0.0025525051169097424
0.0020706637296825647
0.0010447499807924032
0.00021411472698673606
7.029940752545372e-05
0.0002347452682442963
0.0003711701137945056
0.00032064845436252654
0.00024402077542617917
9.628579573472962e-05
0.00010536681656958535
0.00030508951749652624
0.0005100035923533142
0.00045182218309491873
0.00021640367049258202
7.923082739580423e-05
7.869224646128714e-05
0.00012456114927772433
0.0001069077625288628
0.00013240045518614352
8.479613461531699e-05
7.809382805135101e-05
6.376166857080534e-05
0.00016235139628406614
0.00014710663526784629
0.00032565344008617103
0.0002613995166029781
9.344266436528414e-05
3.861845834762789e-05
