9.645000682212412e-05
0.0003331704356241971
0.00037930862163193524
0.00036959422868676484
0.00015558925224468112
0.0001106628478737548
0.00014880528033245355
0.0001645341544644907
0.0003862353041768074
0.0004007619572803378
0.00021415129594970495
0.00016976430197246373
0.00031198631040751934
0.0005080690025351942
0.0006106728687882423
0.0005354664172045887
0.0005567102343775332
0.0002227768418379128
0.00028234958881512284
0.00016294981469400227
0.0001719410647638142
0.00022451227414421737
0.0002779511851258576
0.00041675474494695663
0.0004017044557258487
0.00035951583413407207
0.0002541789726819843
0.00011290690599707887
0.00028415978886187077
0.001204794505611062
0.002684732899069786
0.004212772939354181
0.004651145078241825
0.004165552090853453
0.0031653731130063534
0.0023595651146024466
0.0018432940123602748
0.0009201289503835142
0.00021152656699996442
7.683714648010209e-05
0.0002552710648160428
0.0004081374790985137
0.000343567953677848
0.0003129587566945702
0.00011824782995972782
8.476621587760746e-05
0.00026741897454485297
0.0005025083664804697
0.000420788157498464
0.00018697763152886182
7.742150773992762e-05
0.00010578478395473212
0.00011760451161535457
0.00012058165884809569
0.00012876505206804723
8.353944576811045e-05
6.46346525172703e-05
0.00010531816951697692
0.00015254328900482506
0.00023546336160507053
0.00033326016273349524
0.00028803455643355846
0.00010479833144927397
4.0408318454865366e-05
