8.806500409264117e-05
0.000394717906601727
0.00038303376641124487
0.00035463873064145446
0.0002247919182991609
0.00010724102321546525
0.0001299383002333343
0.00015569677634630352
0.0003090540994890034
0.00034293963108211756
0.00022155010083224624
0.00016766235057730228
0.0002435569913359359
0.0004666629829443991
0.0005455646896734834
0.0005114098312333226
0.0004571929748635739
0.00022246269509196281
0.0002528175537008792
0.00015159478061832488
0.00016606159624643624
0.00020641006994992495
0.00023531376791652292
0.0003754936915356666
0.0003778723767027259
0.0003637646441347897
0.00025142624508589506
8.362921653315425e-05
0.00024044520978350192
0.0010919462656602263
0.0022355865221470594
0.0036220592446625233
0.004037116188555956
0.0036539542488753796
0.002863087924197316
0.002079809084534645
0.0016157942591235042
0.0009024625178426504
0.0002768441045191139
6.654432218056172e-05
0.0002707753155846149
0.000351750262780115
0.00029354283469729125
0.00020785002561751753
8.469140448141843e-05
9.917317220242694e-05
0.0002772031875792891
0.0004784518969245255
0.0003761165717151016
0.00017405609833076596
6.124549690866843e-05
8.095128578133881e-05
0.00010209046740783378
0.0001106021591112949
0.00010464133083587512
7.612371700815856e-05
5.6580629461677745e-05
9.899365250021219e-05
0.00013279181439429522
0.00018692378944251686
0.0003081115719396621
0.00024662388022989035
8.364417590200901e-05
3.99445416405797e-05
