0.00011025890853488818
0.00032954520429484546
0.000446012825705111
0.0004462353535927832
0.0003226831031497568
0.0001035117165884003
0.00014296256995294243
0.0001731331431074068
0.00043723845737986267
0.0003833554219454527
0.00024016096722334623
0.00016864975623320788
0.00029617309337481856
0.0005259066238068044
0.0004882061039097607
0.0003784558502957225
0.00037513463757932186
0.00019059701298829168
0.00024038662377279252
0.00021532090613618493
0.00026568362955003977
0.00028287319582886994
0.0002110927161993459
0.0002012337208725512
0.00034554273588582873
0.0004567741125356406
0.00017297333397436887
0.0002025896101258695
0.00024203378416132182
0.0010992453899234533
0.0033827340230345726
0.004801755305379629
0.003489371854811907
0.0038027206901460886
0.0032854005694389343
0.0023824751842767
0.001850823755376041
0.001097068889066577
0.00028525193920359015
6.249002035474405e-05
0.0001603766140760854
0.0003941942995879799
0.0002886479487642646
0.00028513220604509115
0.00010348117211833596
0.00011803973029600456
0.000344443426001817
0.0004947870038449764
0.00033757343771867454
0.0001688105840003118
7.037421164568514e-05
8.766854443820193e-05
0.00012246667756699026
0.00010943607776425779
0.0001387736265314743
8.05024683359079e-05
6.708289583912119e-05
9.320178651250899e-05
0.00013911412679590285
0.0002542967558838427
0.0003417222178541124
0.0002401310484856367
8.958349644672126e-05
3.632410152931698e-05
