0.00011102189455414191
0.0003162006614729762
0.000383647158741951
0.0004167248262092471
0.0003486395871732384
0.00010185110295424238
0.00014712086704093963
0.00017381766519974917
0.00026080728275701404
0.00038816899177618325
0.0002476861118339002
0.00016963714733719826
0.00023205236357171088
0.0006213054293766618
0.0007555802585557103
0.00048062115092761815
0.0005250295507721603
0.0002835122577380389
0.00023550825426355004
0.00016943052469287068
0.0002108234039042145
0.0002540891582611948
0.00035513241891749203
0.00042546179611235857
0.00045173236867412925
0.00032953498885035515
0.00019334953685756773
0.00014704679779242724
0.00043532074778340757
0.0010839333990588784
0.0028102556243538857
0.004358997102826834
0.005217534489929676
0.005143211223185062
0.0032529672607779503
0.0039005326107144356
0.0015693418681621552
0.0015807267045602202
0.0003271113964729011
0.00014483262202702463
0.00024283889797516167
0.0004106209671590477
0.0003717236395459622
0.00023870979202911258
0.0001523577666375786
0.0001076408225344494
0.00030272576259449124
0.0005910297040827572
0.0005637417198158801
0.00021722650853917003
0.00015081683523021638
6.660415965598077e-05
0.00018539054144639522
0.00010699752601794899
0.00017536702216602862
7.019467739155516e-05
7.468283729394898e-05
0.0001047833648044616
0.00014658301370218396
0.0002295988379046321
0.0002795070759020746
0.00037758811959065497
8.804255776340142e-05
4.712558802566491e-05
