0.00011710240505635738
0.00027132368995808065
0.00033845147117972374
0.0003092635306529701
0.00021503580501303077
0.00011101441486971453
0.0001185769506264478
0.00013296895485837013
0.00025362541782669723
0.0004078831698279828
0.00021532039681915194
0.00017730187391862273
0.0003253975010011345
0.0006746223662048578
0.0007539570215158165
0.0007868289831094444
0.0007997582433745265
0.00037170868017710745
0.0003650661965366453
0.00021633823052980006
0.00023293316189665347
0.0002731965505518019
0.0003623069205787033
0.0004989328444935381
0.0004894478479400277
0.00040954380529001355
0.00022119106142781675
0.0001403594360454008
0.000344809697708115
0.0007148278527893126
0.0013632311020046473
0.0023981838021427393
0.002997591393068433
0.002879687352105975
0.002614692086353898
0.0018505245679989457
0.0015070463996380568
0.0009755894425325096
0.00026351428823545575
4.907045149593614e-05
0.00013304376625455916
0.000315891025820747
0.00024681835202500224
0.00021149776875972748
9.801135456655174e-05
0.00012670330761466175
0.00035817408934235573
0.0005289906403049827
0.0005279214819893241
0.00021028483752161264
9.595666779205203e-05
0.00010841876792255789
0.00015578372403979301
0.00011495651415316388
0.00015205875388346612
0.00010788709914777428
8.565129974158481e-05
0.00019085113308392465
0.00020002192468382418
0.00027467485051602125
0.00046947557711973786
0.000513250008225441
0.00014495231152977794
4.012149292975664e-05
