0.00010078025661641732
0.0003955680876970291
0.00038505345582962036
0.0003807448083534837
0.00027878896798938513
0.0001275616668863222
0.00017812535224948078
0.00018269768042955548
0.0002863589907065034
0.0003695101768244058
0.00020238349679857492
0.00016311436775140464
0.00025604901020415127
0.0004889690899290144
0.0005512878997251391
0.000569254974834621
0.0003863568708766252
0.0002539246343076229
0.0002991950896102935
0.00017975043738260865
0.00017001114611048251
0.00023010092263575643
0.00031820806907489896
0.00042303401278331876
0.0003886935010086745
0.00032747045042924583
0.0001784339256118983
0.0001179635728476569
0.00035433954326435924
0.0008923641289584339
0.0018852478824555874
0.003758796723559499
0.004758052993565798
0.004386209882795811
0.0037144385278224945
0.002537196734920144
0.002161269076168537
0.0013611515751108527
0.0003838266711682081
6.328293238766491e-05
0.00016405688074883074
0.00042190117528662086
0.00032374527654610574
0.0003242389939259738
0.00011708089732564986
6.551205297000706e-05
0.0003066684294026345
0.0005320209893397987
0.00044511602027341723
0.00022590374283026904
7.204978464869782e-05
8.467644511256367e-05
0.00012132967822253704
0.00011361116048647091
0.00010011076665250584
8.790790889179334e-05
7.780958549119532e-05
6.251994636841118e-05
0.00017348199617117643
0.00020461164240259677
0.00039654591819271445
0.0002660725440364331
0.00011501635162858292
3.681098314700648e-05
