3.4991757274838164e-05
4.811297912965529e-05
4.576417995849624e-05
4.735587572213262e-05
4.4225482270121574e-05
3.8451296859420836e-05
4.091698065167293e-05
4.5195680286269635e-05
4.584067210089415e-05
4.4986929424339905e-05
5.3005067456979305e-05
5.180822699912824e-05
4.2517753172433004e-05
4.3464031477924436e-05
4.605602953233756e-05
4.309279393055476e-05
3.8119360397104174e-05
3.732645927811973e-05
3.66802305507008e-05
3.7633959436789155e-05
3.65597297786735e-05
3.9914626540848985e-05
3.783511419896968e-05
3.891227243002504e-05
4.068744237883948e-05
4.3517873564269394e-05
4.635138247977011e-05
5.321451317286119e-05
5.592236266238615e-05
5.9692407376132905e-05
5.185310510569252e-05
4.340042141848244e-05
4.362483014119789e-05
5.56933373445645e-05
6.203103839652613e-05
5.144769238540903e-05
5.964004230918363e-05
5.426174902822822e-05
4.1979175875894725e-05
3.8508340367116034e-05
3.80296005459968e-05
4.096185875823721e-05
4.262567381374538e-05
4.966887354385108e-05
5.625149788102135e-05
5.4067255405243486e-05
4.842714770347811e-05
4.802321927854791e-05
4.542008900898509e-05
4.154531779931858e-05
4.0664366679266095e-05
3.644179741968401e-05
3.6967405321775004e-05
3.9241404010681435e-05
4.1197239625034854e-05
4.0802817238727584e-05
3.911839667125605e-05
4.130594970774837e-05
4.576417995849624e-05
4.8606674681650475e-05
6.52427552267909e-05
7.06734208506532e-05
4.9471011152490973e-05
3.5718803701456636e-05
