9.510391828371212e-05
0.0002773443120531738
0.0004370246606413275
0.00037526179221458733
0.0002445210120640695
0.00011083955905633047
0.00014255115820560604
0.0001664103619987145
0.0003725913411471993
0.00040638522477820516
0.00020708702504634857
0.00015528347284998745
0.00026050725136883557
0.0005728376563638449
0.0006124381325207651
0.0005732416175305843
0.0006199034396559
0.00024150741228368133
0.0002664988860487938
0.00019809168588835746
0.0002164485485991463
0.0001837449090089649
0.00036307197296991944
0.0004631138581316918
0.00042811804451048374
0.0003584648366086185
0.00014596870460081846
0.00016167348076123744
0.0005722243222407997
0.0010696161771193147
0.003001295030117035
0.0044432454742491245
0.005047484301030636
0.004629240836948156
0.003631258150562644
0.0025667736772447824
0.002262925961986184
0.0012705507688224316
0.00031738707912154496
6.386639142874628e-05
0.0002193209802499041
0.00042215551366098225
0.00033954359241761267
0.00023387202236335725
9.580392361385748e-05
0.0001324533805018291
0.0003195002500433475
0.0005643391632474959
0.0004692997899837792
0.00020742083142977208
7.717281550867483e-05
0.00011362502118572593
0.00011594390525715426
0.00013643979036714882
0.00014935070066712797
9.446061449125409e-05
7.016475865384564e-05
7.175057544372976e-05
0.0001743048196658492
0.00018521102902013808
0.00031277924426831305
0.00039067858597263694
0.00014694206765852869
4.5195680286269635e-05
