0.00010904081136686727
0.00033872073981910944
0.00037757790414616466
0.00033385236747562885
0.0001609104947419837
0.00010638881212798879
0.00014002375246491283
0.00018335592176299542
0.000309547787765041
0.0004552331520244479
0.00025586914853192866
0.00016008855891413987
0.0002506854070816189
0.0005749656702391803
0.00048498864634893835
0.0005461070686578751
0.00043027830542996526
0.0003092476399615407
0.0003135471197310835
0.0001772034156601876
0.00019777224224526435
0.0002083135477732867
0.00025349276256747544
0.0003847093612421304
0.0004199263930786401
0.00039025969454087317
0.0002309452829649672
0.00016552300076000392
0.00032377519528381526
0.0009743626578710973
0.0028228082228451967
0.004577521700412035
0.005499088671058416
0.004753798246383667
0.0038666219916194677
0.002899999264627695
0.002001416403800249
0.000994903384707868
0.00025753010413609445
7.08379884599708e-05
0.00021237929468043149
0.00038797076558694243
0.00035103323170915246
0.00028065903461538255
0.0001292737142648548
8.837170025799423e-05
0.00023226180928759277
0.0005073057836852968
0.0004183472483418882
0.00018347037257626653
8.584357419749722e-05
0.00011244809138588607
0.00012757755757775158
0.0001522633247077465
0.00013126531848683953
9.271864837501198e-05
7.32466287445277e-05
0.00010216060763923451
0.0001199159087263979
0.00017012990429066122
0.0002768525155261159
0.0002443938283249736
8.198917203117162e-05
3.3317039196845144e-05
