9.627924737287685e-05
0.0002727748651523143
0.00041321213939227164
0.0003907994250766933
0.00028536588069982827
0.00010586426651570946
0.0001436208258382976
0.00016987556591629982
0.00033645209623500705
0.00039694481529295444
0.00020282702462282032
0.00018044610624201596
0.00025064495275728405
0.0005568047636188567
0.0005813314928673208
0.0005833979812450707
0.00056716293329373
0.000263754598563537
0.00024720735382288694
0.00016507257532794029
0.00020711882098112255
0.00023439554206561297
0.00031961154309101403
0.0004119486839044839
0.00038115904317237437
0.0003161621862091124
0.00016281515127047896
0.00017269472300540656
0.00044369310489855707
0.0012303621042519808
0.002551244804635644
0.00419591274112463
0.004713051952421665
0.004253883846104145
0.0035377421882003546
0.002506677294149995
0.0020675419364124537
0.0011444935807958245
0.0003459766157902777
5.123972368892282e-05
0.00015066722698975354
0.00042486333404667675
0.00032804536749608815
0.00022001985053066164
8.853556209942326e-05
0.00011211735545657575
0.0004115485062357038
0.0005392064922489226
0.00047378422459587455
0.00021728634601458907
7.718123379163444e-05
9.212677832692862e-05
0.00012408240581862628
0.00012055174011038616
0.00012545878416858613
8.485597209073603e-05
6.55998446745798e-05
0.00010378758452134207
0.00014334594015963376
0.00022630470630247146
0.00035475840559229255
0.0002458459639456123
9.073544788407162e-05
3.735637801582925e-05
