3.517214645398781e-05
5.014015914639458e-05
5.7223929616156965e-05
5.572787267738022e-05
5.8241239457856864e-05
4.135083145229146e-05
4.423820791998878e-05
4.203901698929258e-05
4.898645056528039e-05
5.058625902165659e-05
3.9516304241260514e-05
4.002495916211046e-05
4.1784685890888795e-05
6.057507562218234e-05
6.213103188201785e-05
6.734937778674066e-05
5.360347859095782e-05
4.477678885450587e-05
5.4993422963889316e-05
4.0088540117722005e-05
5.050666004535742e-05
5.735857121180743e-05
6.494353874586523e-05
7.960586663102731e-05
7.144529809011146e-05
6.201128417160362e-05
5.45160764886532e-05
4.1231149225495756e-05
4.492540028877556e-05
8.110568160191178e-05
0.0001718563580652699
0.00042061455314978957
0.0005653874250128865
0.000720841926522553
0.0005794950993731618
0.00032959485542960465
0.00015385381993837655
0.00019010310643352568
9.224646055372432e-05
4.619803439709358e-05
6.106962246121839e-05
5.8208424889016896e-05
5.307986793923192e-05
4.836730659008026e-05
4.124610859435052e-05
4.283191810827702e-05
4.932477531838231e-05
9.101987961912528e-05
7.884185470174998e-05
7.335134432651103e-05
4.9324778956361115e-05
5.8525492931948975e-05
4.240262205712497e-05
4.6153156290529296e-05
4.56145717180334e-05
4.24622448917944e-05
3.59874902642332e-05
4.352010364527814e-05
5.001296449336223e-05
5.270585461403243e-05
7.30314786778763e-05
8.042883564485237e-05
3.982600901508704e-05
3.0639108445029706e-05
