9.640548523748294e-05
0.00030900153797119856
0.00038743214099667966
0.0003690905577968806
0.00023962331761140376
0.00010290307545801625
0.00015000897110439837
0.0001712641242193058
0.0004530068545136601
0.0003824204031843692
0.00023374290321953595
0.00016873952699825168
0.0002316035534022376
0.00046756063238717616
0.000623763189651072
0.000512935861479491
0.0006158790201880038
0.0002147131453966722
0.0002379177021794021
0.00015769652964081615
0.00020253530237823725
0.00021833358914591372
0.0002840400848072022
0.0004238460387568921
0.00040212884778156877
0.00027640743064694107
0.00016547252016607672
0.00014146653120405972
0.00043817819096148014
0.0010779192671179771
0.0020873495377600193
0.003952908795326948
0.004706183914095163
0.004253168124705553
0.002916306257247925
0.0023021982051432133
0.001740490086376667
0.0009056490962393582
0.00026685051852837205
7.166081195464358e-05
0.00018328112491872162
0.00037907002842985094
0.00033278524642810225
0.00011476202053017914
9.318897355115041e-05
8.090640039881691e-05
0.0002359570498811081
0.0005061586853116751
0.0005271482514217496
0.0002532663638703525
7.935050962259993e-05
8.69265859364532e-05
0.00011340951459715143
0.00013485770614352077
0.00010448415559949353
8.032294135773554e-05
7.003010978223756e-05
0.00011484780407045037
0.000150520441820845
0.00023259094450622797
0.00032386495149694383
0.00029407860711216927
9.679445793153718e-05
3.7057168810861185e-05
