0.00010173142072744668
0.0003025163314305246
0.00040558227919973433
0.0003803642466664314
0.00024588804808445275
0.00011125592573080212
0.00016884235083125532
0.00018019176786765456
0.0003254807088524103
0.00043167039984837174
0.000303668319247663
0.00022702307614963502
0.0003331524785608053
0.0005988129996694624
0.0006031027878634632
0.0006194396410137415
0.0005668983794748783
0.00024331762688234448
0.0002672740665730089
0.0001667415926931426
0.00020107594900764525
0.00024198615574277937
0.00029241800075396895
0.0004632071068044752
0.0004069282440468669
0.0003174312587361783
0.0001282451703445986
0.00020819036581087857
0.000596146157477051
0.0013770994264632463
0.0032758007291704416
0.004711636807769537
0.004981247708201408
0.004498877562582493
0.003413283731788397
0.002478985581547022
0.0018874035449698567
0.0010169822489842772
0.00022343482123687863
8.482062548864633e-05
0.0003357436216901988
0.0003993856080342084
0.0002990305074490607
0.00019522279035300016
7.944434037199244e-05
0.00018467246263753623
0.000384858954930678
0.0005263404455035925
0.00040882808389142156
0.00017523289716336876
6.508453225251287e-05
9.630076965549961e-05
0.00011374471068847924
0.00010654870857251808
0.0001269847562070936
8.31953584565781e-05
8.240244642365724e-05
0.00010063243098556995
0.00015605826047249138
0.00020607534679584205
0.0003442178131081164
0.00031236265203915536
8.781815267866477e-05
3.709345401148312e-05
