0.0001012494249152951
0.0003718907246366143
0.000399759883293882
0.0003768550814129412
0.00028927630046382546
0.00010339204163756222
0.00014704393106512725
0.0001703334564808756
0.0003611465508583933
0.00039625883800908923
0.00023360825434792787
0.00016532852896489203
0.00027454408700577915
0.0006034768302924931
0.0005239681340754032
0.0006990220281295478
0.0004632071068044752
0.0002310649724677205
0.000245086062932387
0.00017066420696210116
0.00022310599160846323
0.0002215949643868953
0.0003026210470125079
0.00041908855200745165
0.00039296940667554736
0.0003267374122515321
0.00018721572996582836
0.00014908141747582704
0.00043063805787824094
0.00107401458080858
0.0022051185369491577
0.004000348504632711
0.004751455970108509
0.004376216325908899
0.0037053725682199
0.002552366815507412
0.0021811965852975845
0.0013363768812268972
0.00036363000981509686
9.048148058354855e-05
0.0002922496641986072
0.00040678982622921467
0.00033533971873112023
0.0002326208632439375
9.133388084592298e-05
0.00010799987649079412
0.0002739567426033318
0.000528988428413868
0.00046956533333286643
0.00020404630049597472
9.076537389773875e-05
0.00011961646669078618
0.000118470452434849
0.00013048552500549704
0.00011817301856353879
7.453322905348614e-05
7.770484808133915e-05
9.034648246597499e-05
0.00015792305930517614
0.0001830866385716945
0.0003157115133944899
0.00030347381834872067
9.851490904111415e-05
3.627922342275269e-05
