0.00011787380208261311
0.0003275223425589502
0.0003950470418203622
0.0003944758791476488
0.0001772969262674451
0.00011087229358963668
0.00014579009439330548
0.0002128689957316965
0.00037047109799459577
0.0004752354579977691
0.00024185056099668145
0.000199363668798469
0.0002692142443265766
0.0005491103511303663
0.0007405449287034571
0.0006013374659232795
0.0006406386964954436
0.00023601690190844238
0.00026966776931658387
0.00016552020679228008
0.00022472173441201448
0.00025893826386891305
0.00035175791708752513
0.0004603505658451468
0.00042104837484657764
0.0003470687079243362
0.00020572188077494502
0.00012427690671756864
0.00035987491719424725
0.0010366581846028566
0.0029955266509205103
0.004777459427714348
0.005348975770175457
0.00463362829759717
0.003660471411421895
0.0027171566616743803
0.002357521327212453
0.001104029593989253
0.00030290993163362145
8.137487748172134e-05
0.00036259772605262697
0.000429142004577443
0.00034468999365344644
0.000261135573964566
0.00010701248538680375
0.00014001401723362505
0.0003726246941369027
0.0006180025520734489
0.0004414985014591366
0.00017319773905910552
7.305214239750057e-05
9.742278780322522e-05
0.00013169730664230883
0.0001225265150424093
0.0001134479753091
9.166954987449571e-05
7.02246034052223e-05
9.033151582116261e-05
0.00016739865532144904
0.00022444238129537553
0.00034340505953878164
0.00023228143982123584
9.354802750749514e-05
3.9016991649987176e-05
