0.00010575579653959721
0.0003842754813376814
0.00037680877721868455
0.00035596275120042264
0.00022596344933845103
0.00012687714479397982
0.0001402397610945627
0.00014617908163927495
0.000267194613115862
0.0003752628108486533
0.00016960535140242428
0.0001882180804386735
0.0003107146767433733
0.0006054366240277886
0.0007584227132610977
0.0005341946962289512
0.0004745509650092572
0.0004147799627389759
0.0002823205722961575
0.00022732483921572566
0.0002882739354390651
0.00028239443781785667
0.0002218044246546924
0.000365021318430081
0.000367789005395025
0.000343627791153267
0.00023423659149557352
0.00010895734158111736
0.0003802875871770084
0.001097191940061748
0.0025510028935968876
0.004678214434534311
0.004643740598112345
0.004108070395886898
0.002634637290611863
0.002345350570976734
0.0017116154776886106
0.0012480815639719367
0.0003274106129538268
6.386639142874628e-05
0.0003169005794916302
0.0002843870024662465
0.00020214352116454393
0.00017227580246981233
9.170788689516485e-05
9.467006020713598e-05
0.00025863718474283814
0.00048515418893657625
0.0005320703494362533
0.00030309977591969073
0.00010545658733462915
9.745272109284997e-05
0.00011905498831765726
0.00010167159052798524
0.00010868805111385882
8.632210665382445e-05
6.004666647640988e-05
0.00013843420310877264
0.00015816243831068277
0.00018048350466415286
0.00033587522921152413
0.00014781257777940482
7.448648102581501e-05
3.4445623896317557e-05
