9.676453191787004e-05
0.0003951817052438855
0.00039371559978462756
0.0003778086684178561
0.00024630900588817894
0.0001241600257344544
0.00015587348025292158
0.0001840429031290114
0.0003376903769094497
0.00028974004089832306
0.00022968862322159111
0.0001594939240021631
0.0002695293223951012
0.0006965741631574929
0.0005385089898481965
0.0005962097202427685
0.0004611930635292083
0.0002693816495593637
0.00025451931287534535
0.0001554994669277221
0.0001705647009657696
0.0002299728657817468
0.0002439310192130506
0.0004198421083856374
0.00041317366412840784
0.00037470136885531247
0.00015983800403773785
0.00015247408009599894
0.0005342330550774932
0.001107840216718614
0.002479494083672762
0.004209182690829039
0.004993292037397623
0.004549893084913492
0.0035876634065061808
0.0026681311428546906
0.002135148271918297
0.0011744445655494928
0.0003012895758729428
6.521283648908138e-05
0.0002447986917104572
0.000421646807808429
0.00035987491719424725
0.0002673292183317244
0.0001089423822122626
0.00010104323882842436
0.00029790852568112314
0.0005492449854500592
0.0005405678530223668
0.00021223153453320265
8.33307858556509e-05
0.00010617191583150998
0.00012363906716927886
0.00013423778000287712
0.0001158307641162537
8.61061125760898e-05
6.43610255792737e-05
0.00010255798406433314
0.00015638026525266469
0.00021602031483780593
0.0003644846146926284
0.00028985508834011853
9.480096923653036e-05
3.708428266691044e-05
