9.98464020085521e-05
0.00033519839053042233
0.0004043346852995455
0.0003986076626460999
0.00026910952874459326
0.0001241272984771058
0.00015572388656437397
0.00017947085143532604
0.0004006946401204914
0.00037821647129021585
0.0002489427861291915
0.00015572388656437397
0.0002725981757976115
0.0007538934587500989
0.0005756568280048668
0.000648881949018687
0.0005083579453639686
0.0002511419588699937
0.0003265578707214445
0.0001829968678066507
0.0001600624091224745
0.00022419626475311816
0.0003109243407379836
0.00042833699262700975
0.0004028246330562979
0.0003526190994307399
0.0002442601544316858
0.00014071394980419427
0.0004452236753422767
0.0010317073902115226
0.002743426477536559
0.004130518063902855
0.0046990192495286465
0.004315812606364489
0.0036155665293335915
0.0025951052084565163
0.0021544471383094788
0.0013617798686027527
0.00030293321469798684
8.492830238537863e-05
0.00027066763141192496
0.00035645737079903483
0.000333917501848191
0.00023064608103595674
9.855979442363605e-05
8.359929051948711e-05
0.00036130365333519876
0.0005529850604943931
0.0005370372673496604
0.00017455604393035173
7.012237620074302e-05
0.00011420941154938191
0.00010918175394181162
0.00012067141506122425
0.00013238548126537353
8.793784218141809e-05
8.204339974327013e-05
7.414424908347428e-05
0.0001628167665330693
0.00022317330876830965
0.00033379081287421286
0.00017761670460458845
9.163776121567935e-05
3.964533607359044e-05
