9.976498404284939e-05
0.0003367010795045644
0.00041937289643101394
0.0003702070389408618
0.00023921189131215215
0.00010497785115148872
0.00013842953194398433
0.000172434767591767
0.000387192121706903
0.00039767552516423166
0.00024464764283038676
0.000188139543752186
0.00028430751990526915
0.0005505577428266406
0.0006577291060239077
0.000637317483779043
0.0004426663799677044
0.00023781215713825077
0.00031072963611222804
0.0001817252195905894
0.00018612360872793943
0.00024675854365341365
0.0002455916255712509
0.000433615263318643
0.0004186098522040993
0.0003790991613641381
0.00026092614280059934
0.00015554293349850923
0.00047471249126829207
0.0011041833786293864
0.002977693686261773
0.004329076036810875
0.004931789822876453
0.004578093532472849
0.003781416919082403
0.002633288037031889
0.0021735967602580786
0.001261260244064033
0.0003455128171481192
5.165861512068659e-05
0.0002962491998914629
0.0003943605115637183
0.00033856721711345017
0.00025762306177057326
0.0001011494459817186
9.758063970366493e-05
0.0003865476173814386
0.0005535834934562445
0.0004394797724671662
0.0002157977723982185
8.362921653315425e-05
9.839523409027606e-05
0.00013368704821914434
0.00010795499838422984
0.00012250601139385253
8.225284545915201e-05
8.297095337184146e-05
0.00010714102972997352
0.0001514049799880013
0.0002549166965764016
0.00034533051075413823
0.0002243813796667382
0.00010438751633046195
3.342831041663885e-05
