4.016895400127396e-05
4.8125013563549146e-05
5.475544458022341e-05
5.662550393026322e-05
4.591378819895908e-05
3.785007356782444e-05
4.607834853231907e-05
6.555319123435766e-05
6.225065590115264e-05
9.505903290119022e-05
5.481651896843687e-05
4.623293352779001e-05
4.844036448048428e-05
5.6939676142064855e-05
6.014122482156381e-05
5.119484194437973e-05
5.593732203124091e-05
4.360986713436432e-05
4.6587007091147825e-05
5.3573563491227105e-05
4.154531779931858e-05
4.175654612481594e-05
5.5653072195127606e-05
5.854044502484612e-05
5.164365938981064e-05
4.8068101023091e-05
5.10452373418957e-05
4.3729549361160025e-05
5.150901051820256e-05
7.191514305304736e-05
0.00019800708105321974
0.00020742903870996088
0.00024237869365606457
0.00018640693451743573
0.00013635189679916948
0.00010824859054991975
5.427670475910418e-05
5.726880772272125e-05
8.006861753528938e-05
5.3678289987146854e-05
3.665323310997337e-05
3.868786370730959e-05
3.478317375993356e-05
3.877762355841696e-05
3.946580909541808e-05
3.735637801582925e-05
3.5531196772353724e-05
3.539655517670326e-05
3.674299659905955e-05
3.514116906444542e-05
3.614952584030107e-05
3.791854396695271e-05
3.760319668799639e-05
3.7141715438337997e-05
3.826055399258621e-05
3.682995884446427e-05
3.6473709769779816e-05
3.8448495615739375e-05
3.787999594351277e-05
3.825400926871225e-05
4.241303031449206e-05
4.172578337602317e-05
3.557266973075457e-05
3.0996292480267584e-05
