0.00010514126915950328
0.00039937064866535366
0.0004334356926847249
0.00041736813727766275
0.00038690853398293257
0.00011577846453292295
0.0001481822837376967
0.0001858346804510802
0.00035600014962255955
0.00041667994810268283
0.00024813489289954305
0.0001858543255366385
0.0003355829103384167
0.0005724777583964169
0.0006167197716422379
0.0005976284737698734
0.00041374488500878215
0.0002696836309041828
0.00026861863443627954
0.00017748953541740775
0.00020133284851908684
0.0002169422514270991
0.0002623455075081438
0.0004176224465481937
0.0004028564435429871
0.0003529182868078351
0.0002185430348617956
0.00012898945715278387
0.0003865794278681278
0.0010398448212072253
0.0024224945809692144
0.004338785074651241
0.005430168937891722
0.004966887179762125
0.0042957435362041
0.0029156527016311884
0.002518122084438801
0.0015535735292360187
0.00041132408659905195
5.937823880231008e-05
0.0001629198668524623
0.00041072737076319754
0.0003456743434071541
0.0002778522903099656
9.501941531198099e-05
0.00012617722677532583
0.0003599569317884743
0.0005957011017017066
0.0004283370217308402
0.00017529593606013805
7.926075340947136e-05
0.00010602508700685576
0.0001288099301746115
0.00011522579734446481
0.00011919343523913994
8.726648957235739e-05
6.154750735731795e-05
0.00010689279588405043
0.00016648047312628478
0.00018191972048953176
0.00030455098021775484
0.00041026188409887254
8.542823343304917e-05
3.090091922786087e-05
