0.00010370621748734266
0.00043024911428801715
0.0004146602877881378
0.000383295671781525
0.0002263344795210287
0.00012538398732431233
0.000149433923070319
0.00016746786423027515
0.0002493766078259796
0.0003619105846155435
0.00017575692618265748
0.00017563630535732955
0.00025196478236466646
0.00044941355008631945
0.0006724597187712789
0.00044399782200343907
0.00045854519703425467
0.00031749182380735874
0.00027925276663154364
0.00018413388170301914
0.00020344489894341677
0.00022440392058342695
0.0003557607706170529
0.00041000754572451115
0.0003961840702686459
0.0003123395727016032
0.00018136292055714875
0.0001692930527497083
0.0004999940865673125
0.0015956873539835215
0.0028460982721298933
0.004751525353640318
0.004697178956121206
0.004302192013710737
0.0035117838997393847
0.002504089381545782
0.0018763372208923101
0.0010052798315882683
0.00016561278607696295
7.710643694736063e-05
0.0002462199772708118
0.0004052201984450221
0.000330597220454365
0.00022369631915353239
9.19197773328051e-05
0.00015499080473091453
0.0003168185940012336
0.0005154192331247032
0.000413312140153721
0.00019601501116994768
6.92372050252743e-05
9.125906944973394e-05
0.00011055600771214813
0.0001459845807403326
0.00012662568769883364
8.344968955498189e-05
7.146631833165884e-05
0.00011004837142536417
0.00015328166773542762
0.0002457262889947742
0.0003203941450919956
0.00026153025100938976
6.005146133247763e-05
3.0759107175981626e-05
