0.00010485816892469302
0.00028082795324735343
0.0004319097497500479
0.0004102768434677273
0.00032600434496998787
0.00010348179785069078
0.00014783968799747527
0.0001804399653337896
0.00035421151551418006
0.0004181038530077785
0.0002476088411640376
0.0001772034156601876
0.00028094329172745347
0.0005215979181230068
0.0006866272888146341
0.0005461032269522548
0.0006638873601332307
0.0001872007705969736
0.0003447498311288655
0.00018037878908216953
0.00017732683045323938
0.00024162494810298085
0.00031342406873591244
0.00044736394193023443
0.0004256798420101404
0.0003245709231123328
0.00022950160200707614
9.944246266968548e-05
0.0002736874739639461
0.0008274056017398834
0.0019135531038045883
0.0046961307525634766
0.00510590011253953
0.004920126870274544
0.003533497918397188
0.0028186598792672157
0.0022349124774336815
0.001273232395760715
0.0002861832035705447
6.536243745358661e-05
0.00024196182494051754
0.00042208071681670845
0.00036739345523528755
0.00028365114121697843
0.00011370076390448958
0.00010684791777748615
0.0003293255576863885
0.0005801234510727227
0.0005115744424983859
0.0002357326593482867
8.72795790201053e-05
9.173781290883198e-05
0.00012884098396170884
0.00014037551591172814
0.0001343916228506714
9.091989340959117e-05
5.8018704294227064e-05
0.00012530449021141976
0.00015515631821472198
0.00024218435282818973
0.0003765016153920442
0.0002691750123631209
8.748902473598719e-05
3.656346962088719e-05
