0.00010771788947749883
0.0005364986136555672
0.0004176423535682261
0.00039177070721052587
0.0002662072074599564
0.00010316763655282557
0.00011826277477666736
0.0001783171173883602
0.0004461558710318059
0.00035927645512856543
0.0002448585582897067
0.00016534175665583462
0.0002621840394567698
0.0006241063820198178
0.0005383536918088794
0.0004512685991358012
0.000387722859159112
0.00023588718613609672
0.0001885621895780787
0.0002138604031642899
0.00024201605992857367
0.00029786364757455885
0.0003795928496401757
0.00046925118658691645
0.0004036363388877362
0.0003046856145374477
0.00015938452270347625
0.0002414774935459718
0.0003857565752696246
0.0010346126509830356
0.0025444189086556435
0.003981785383075476
0.0043990896083414555
0.004233537241816521
0.0025693224743008614
0.0021215295419096947
0.0018711747834458947
0.0011693878332152963
0.0004997256910428405
0.00031699283863417804
0.00046087324153631926
0.000550995406229049
0.00045533786760643125
0.0002997256815433502
0.00013864495849702507
0.00016234110807999969
0.00034338844125159085
0.000515553867444396
0.0005091658094897866
0.00027881888672709465
9.770704491529614e-05
0.00010002482304116711
0.00010017263412009925
0.000117301351565402
9.999880421673879e-05
0.0001090321529773064
7.816862489562482e-05
0.00010295818356098607
0.000126416256534867
0.00019873486598953605
0.0003070863604079932
0.00024687816039659083
7.463795191142708e-05
4.20689357270021e-05
