9.639616473577917e-05
0.0004190380859654397
0.00039177070721052587
0.00036517088301479816
0.0002778315101750195
0.00010081883374368772
0.00013581145321950316
0.0001645505690248683
0.0003147239040117711
0.0003812774957623333
0.0002089084591716528
0.00017657881835475564
0.0002539844426792115
0.0004756841517519206
0.0006376316305249929
0.0004990375600755215
0.00040669753798283637
0.0002468089514877647
0.00018782912229653448
0.00015771362814120948
0.00018127642397303134
0.00023660247097723186
0.00039488248876295984
0.0004411403788253665
0.00040873573743738234
0.0003314295900054276
0.0001324902259511873
0.00014550586638506502
0.000385173101676628
0.0009886350017040968
0.0020139531698077917
0.003760277759283781
0.0047467430122196674
0.0041578952223062515
0.002796342596411705
0.0024108553770929575
0.0020731817930936813
0.0014002432581037283
0.00022396551503334194
7.446033123414963e-05
0.00037570687709376216
0.0003561347839422524
0.0003168185940012336
0.00024630973348394036
9.709366713650525e-05
8.759374759392813e-05
0.00023559802502859384
0.000489126134198159
0.00032169383484870195
0.0001565018465043977
7.028444815659896e-05
8.273158164229244e-05
0.00010773058602353558
0.00010732665396062657
0.0001233044604305178
7.92828286648728e-05
6.499992014141753e-05
0.0001466045214328915
0.000143314158776775
0.00021133113477844745
0.000327395653584972
0.00025392460520379245
0.00010014560393756256
3.816424941760488e-05
