9.751140896696597e-05
0.0003937155706807971
0.00035128757008351386
0.00035546155413612723
0.00023401547514367849
0.00010749483044492081
0.000144682708196342
0.0001818598830141127
0.0003786393499467522
0.00036843286943621933
0.00017496214422862977
0.00017122669669333845
0.0002839101362042129
0.0005563119193539023
0.0005689965910278261
0.0005747675895690918
0.0004826857184525579
0.00021806429140269756
0.00022030442778486758
0.00014881296374369413
0.0002029093011515215
0.00022246269509196281
0.00026346941012889147
0.0004230531048960984
0.0003831926151178777
0.0003133009886369109
0.00014456335338763893
0.00017720717005431652
0.00047516057384200394
0.0011439998634159565
0.0022970358841121197
0.003917632158845663
0.004631338641047478
0.004194482695311308
0.002947892528027296
0.0023393777664750814
0.001910635968670249
0.0011591248912736773
0.0003351152699906379
5.788218913949095e-05
0.00015021841682028025
0.0004200610565021634
0.00030532892560586333
0.00021139778255019337
7.952125451993197e-05
0.00016335840336978436
0.00036606856156140566
0.0005119792767800391
0.00042864837450906634
0.0002107486070599407
7.248363544931635e-05
8.318039908772334e-05
0.00011790372082032263
0.00010910694254562259
0.00013051542919129133
8.1444981333334e-05
6.903020403115079e-05
0.00011112516949651763
0.00016077308100648224
0.00023673500982113183
0.00032334134448319674
0.00022328097838908434
8.756644820095971e-05
3.295798524050042e-05
