9.538816084386781e-05
0.00021997923613525927
0.00037017519935034215
0.0003316893125884235
0.0002623324398882687
9.090002276934683e-05
0.00013096260954625905
0.00016142685490194708
0.0002991026849485934
0.00030439949478022754
0.0001997376821236685
0.00015041290316730738
0.00022339023416861892
0.0004544552066363394
0.0006160885095596313
0.0004690118075814098
0.00039477585232816637
0.00023707163927610964
0.0002561155124567449
0.00014703183842357248
0.00017337726603727788
0.00021550605015363544
0.00027797179063782096
0.0003932862600777298
0.00038697122363373637
0.0003328293969389051
0.00019259235705249012
0.00012130087270634249
0.000508704804815352
0.001105423318222165
0.0025455907452851534
0.004196103196591139
0.004736433736979961
0.004228069446980953
0.003376609180122614
0.0025331920478492975
0.0019163499819114804
0.001259026350453496
0.00020397150365170091
6.199258496053517e-05
0.00027934813988395035
0.0003804605803452432
0.0003272609901614487
0.00023423659149557352
9.269528527511284e-05
0.00010768569336505607
0.0003279940865468234
0.000510018493514508
0.0004245953750796616
0.000113223897642456
7.562534301541746e-05
0.00010788020153995603
0.00012206274550408125
0.00011172503582201898
0.00011497086234157905
8.678588346811011e-05
7.366552017629147e-05
0.00011002529936376959
0.00015331243048422039
0.0002484154247213155
0.00032206971081905067
0.000299165170872584
9.80511395027861e-05
4.2353181925136596e-05
