0.00010051874414784834
0.0004051154828630388
0.00038840738125145435
0.00037773174699395895
0.00024754731566645205
0.00011880322563229129
0.0001395066938130185
0.0001566514401929453
0.0002689748944249004
0.00043995847227051854
0.00026679065194912255
0.00016178286750800908
0.0002101053250953555
0.00039691710844635963
0.0007088137208484113
0.0005842454847879708
0.0002807487908285111
0.000274600024567917
0.0002548695192672312
0.0001610191975487396
0.00018157827435061336
0.00021160136384423822
0.0003464431792963296
0.00042488763574510813
0.00040729125612415373
0.00036661772173829377
0.00022599338262807578
0.00016505923122167587
0.00036494649248197675
0.0010263504227623343
0.0023941812105476856
0.0036509311757981777
0.0049980939365923405
0.004459443502128124
0.0035193178337067366
0.002621977822855115
0.0020793008152395487
0.0010962308151647449
0.0002783999952953309
6.757659139111638e-05
0.00024535227566957474
0.0004075240867678076
0.0003296846407465637
0.00025537580950185657
0.00010645895235938951
0.00014798931078985333
0.0002933305804617703
0.0006151460111141205
0.0005217475700192153
0.00030140922171995044
0.00010295818356098607
0.00010005471267504618
0.00012580803013406694
0.00012180082558188587
0.0001362221664749086
8.70280564413406e-05
7.596943760290742e-05
0.00010505264799576253
0.00016084035451058298
0.00018948974320665002
0.00031630988814868033
0.00034094988950528204
0.00011064788122894242
3.564189319149591e-05
