9.33984192670323e-05
0.00035474065225571394
0.00033936407999135554
0.00036798350629396737
0.00034368762862868607
0.0001337916764896363
0.00021252890292089432
0.00021462819131556898
0.00037561662611551583
0.00035338953603059053
0.00024158033193089068
0.00019813691324088722
0.0002860897220671177
0.0005164515459910035
0.0005997067783027887
0.00046289293095469475
0.0005645944620482624
0.000223437265958637
0.00024969319929368794
0.00015891944349277765
0.00018097720749210566
0.00020615573157556355
0.00025116532924585044
0.00037012287066318095
0.0004339443694334477
0.00034470498212613165
0.0001742176100378856
0.00014609021309297532
0.0007402073824778199
0.001458334969356656
0.002789954422041774
0.004663323517888784
0.005250179208815098
0.004499185364693403
0.0032825383823364973
0.0021069212816655636
0.001672270125709474
0.0008804855169728398
0.00025386479683220387
6.326796574285254e-05
0.0001949951983988285
0.0003820543352048844
0.00032476114574819803
0.00017167178157251328
9.331961337011307e-05
0.0001331036037299782
0.00033457670360803604
0.0005509056500159204
0.0005587299820035696
0.0001789247471606359
7.309894863283262e-05
0.0001240169513039291
0.00011850121518364176
0.0001105852352338843
0.00011129118502140045
8.537959365639836e-05
7.605919381603599e-05
8.620241715107113e-05
0.00016660014807712287
0.0002006836875807494
0.00032473268220201135
0.0002134414971806109
9.163307549897581e-05
4.006422750535421e-05
