3.6189456295687705e-05
4.910130883217789e-05
4.755944246426225e-05
4.7768884542165324e-05
4.7563546104356647e-05
3.7715431972173974e-05
4.420828918227926e-05
4.1216189856640995e-05
5.428581789601594e-05
5.0409358664182946e-05
5.637117646983825e-05
6.684352410957217e-05
7.104742689989507e-05
0.00011300955520709977
0.00010424906213302165
7.424497016472742e-05
5.5936390708666295e-05
5.2773175411857665e-05
5.938572212471627e-05
4.6939512685639784e-05
4.902183354715817e-05
4.516382614383474e-05
5.453103585750796e-05
5.844788393005729e-05
6.0689151723636314e-05
5.477040394907817e-05
0.00011775412713177502
0.00014430901501327753
0.00014026967983227223
8.959845581557602e-05
0.00010017552267527208
0.00013385163038037717
0.00026831662398763
0.00034620100632309914
0.0003936407738365233
0.00029069752781651914
0.0002445743011776358
0.0001407783420290798
6.658693018835038e-05
4.998632721253671e-05
7.212214404717088e-05
7.37988666514866e-05
4.725742473965511e-05
6.321653927443549e-05
4.241303031449206e-05
6.0335707530612126e-05
0.00011510610784171149
0.0001522231032140553
0.00013365712948143482
6.745691644027829e-05
4.1067756683332846e-05
3.9672177081229165e-05
4.5779139327351004e-05
4.9641756049823016e-05
4.301331864553504e-05
3.9611670217709616e-05
3.7370406062109396e-05
4.803630508831702e-05
5.044681529398076e-05
5.22271147929132e-05
6.163727812236175e-05
6.0560119891306385e-05
4.14106689277105e-05
3.349656981299631e-05
