0.00010048302647192031
0.0004041131178382784
0.00040237768553197384
0.00037744719884358346
0.00023841764777898788
0.00010638727690093219
0.00014183584426064044
0.0001667647302383557
0.00034473492996767163
0.0004353955446276814
0.00028405507327988744
0.00017572606157045811
0.00020374708401504904
0.0005174059187993407
0.0007737123523838818
0.000600166677031666
0.00032665327307768166
0.00026210802025161684
0.0002679725585039705
0.0001474357704864815
0.00015988289669621736
0.00022521542268805206
0.0004443119978532195
0.0004355248238425702
0.0004225648590363562
0.00035094161285087466
0.00020835493342019618
0.00016176790813915431
0.0004205481382086873
0.0010823177872225642
0.0024216268211603165
0.004384863656014204
0.005278499331325293
0.0049003129824995995
0.0035988083109259605
0.0028637845534831285
0.0021653794683516026
0.0010857548331841826
0.00027604392380453646
7.01531462254934e-05
0.00034835064434446394
0.0004122824757359922
0.00035358028253540397
0.00024798529921099544
9.7527532489039e-05
0.00013067999680060893
0.0002893361379392445
0.0005299609038047493
0.0005444576381705701
0.00020149127522017807
9.348112507723272e-05
0.00012040098226862028
0.00014994913362897933
0.0001586860598763451
0.000205332922632806
0.00014034447667654604
0.000138309842441231
0.00012964603956788778
0.00017390087305102497
0.000198540830751881
0.0003633943560998887
0.00029415712924674153
7.088286656653509e-05
3.539576573530212e-05
