9.888892964227125e-05
0.00025431360700167716
0.0003908956714440137
0.00036164026823826134
0.00028598494827747345
0.00010514460882404819
0.0001436135935364291
0.00017253321129828691
0.0003674449399113655
0.000398323405534029
0.00024443966685794294
0.00017150719941128045
0.00020732266420964152
0.0005694934516213834
0.00048440051614306867
0.0006099275778979063
0.0004681553109548986
0.00023803654767107219
0.00026281113969162107
0.00015714511391706765
0.00017388592823408544
0.00022193345648702234
0.00027678426704369485
0.0003924694610759616
0.0003693942853715271
0.0003065018099732697
0.00018477020785212517
0.00020211171067785472
0.0005840281373821199
0.0013178708031773567
0.002775823464617133
0.004373446572571993
0.00475927721709013
0.004283887799829245
0.0029468152206391096
0.002354244701564312
0.0019356049597263336
0.001014501671306789
0.00026547411107458174
7.558045763289556e-05
0.00022252253256738186
0.00039135178667493165
0.0003011549124494195
0.0002561238070484251
9.449054050492123e-05
0.00011892017937498167
0.0003601877251639962
0.0005258910241536796
0.0003473174583632499
0.00016590168524999171
6.871639925520867e-05
9.966686775442213e-05
0.00011438800720497966
0.00011423840624047443
0.00011598878336371854
8.36890540085733e-05
8.174419053830206e-05
0.00011818585335277021
0.00015998855815269053
0.0002271789708174765
0.0003216358309146017
0.00026550402981229126
9.142363705905154e-05
3.861305958707817e-05
