9.479634900344536e-05
0.00035330725950188935
0.00040813579107634723
0.0003650661965366453
0.0002635741257108748
9.259055514121428e-05
0.0001412446581525728
0.00017010272131301463
0.0003916809509973973
0.00040870599332265556
0.00025660256505943835
0.00018279350479133427
0.000282935390714556
0.0006656573386862874
0.0006126177031546831
0.0005942311836406589
0.0005170798976905644
0.00023896410129964352
0.00027428584871813655
0.0001667198521317914
0.00017663865583017468
0.00023205236357171088
0.00028699616086669266
0.00040603603702038527
0.0003882074379362166
0.0003388440818525851
0.00013622472761198878
0.0001650274352869019
0.0005055734072811902
0.0012256888439878821
0.0027938787825405598
0.004395433235913515
0.00475829653441906
0.004305798094719648
0.003303330624476075
0.002519474131986499
0.0018891367362812161
0.0008171735680662096
0.00016456647426821291
7.16159338480793e-05
0.0002792976447381079
0.00040667137363925576
0.00034099476761184633
0.00026343949139118195
0.00011027387517970055
9.604643128113821e-05
0.0002721165947150439
0.0005172444507479668
0.0005013563786633313
0.00023764758952893317
7.884185470174998e-05
8.117569814203307e-05
0.00012514459376689047
0.00012607724056579173
0.00011310186528135091
8.400533988606185e-05
6.841489812359214e-05
0.00013458749162964523
0.00014662041212432086
0.00023875091574154794
0.0003181158099323511
0.00019526075629983097
6.9240944867488e-05
3.530398680595681e-05
