9.802776185097173e-05
0.0002641426690388471
0.0004031748394481838
0.00038304648478515446
0.0002355948818149045
0.0001240328565472737
0.00013821168977301568
0.0001853101421147585
0.0003756909572985023
0.0003531510883476585
0.0002051477786153555
0.00016501154459547251
0.0002947190951090306
0.0005934439250268042
0.0005380002548918128
0.0005920292460359633
0.0004304192843846977
0.0002424863923806697
0.000242120775510557
0.00015618953329976648
0.00019449774117674679
0.00020500471873674542
0.00029406367684714496
0.0003774684446398169
0.00036958427517674863
0.000357032404281199
0.0001783709740266204
0.00015345087740570307
0.0004291410150472075
0.0012778515229001641
0.0026965257711708546
0.0042347353883087635
0.004835342522710562
0.004426289349794388
0.0033813731279224157
0.0025858781300485134
0.002142538782209158
0.001009451923891902
0.00027418675017543137
6.879946158733219e-05
0.0002553540689405054
0.00039479893166571856
0.00033384363632649183
0.00021958093566354364
9.497582504991442e-05
0.00012010664795525372
0.0003559646138455719
0.0005521473358385265
0.0005071461200714111
0.00026741897454485297
7.810145325493068e-05
8.190875814761966e-05
0.0001413019490428269
0.00010626445873640478
0.00014665781054645777
8.573864033678547e-05
8.12804137240164e-05
6.928209768375382e-05
0.00016057108587119728
0.00015316563076339662
0.00028261885745450854
0.0002968771441373974
8.327465911861509e-05
3.710325836436823e-05
