9.921992750605568e-05
0.00027501891599968076
0.00041852687718346715
0.0003706997958943248
0.00019673902716021985
0.00011027387517970055
0.00014266335347201675
0.00018073224055115134
0.0004271288635209203
0.0004088013374712318
0.00022228316811379045
0.00016257578681688756
0.0002608513168524951
0.0004900163039565086
0.0006309871678240597
0.0005801480147056282
0.0004828653472941369
0.00028260465478524566
0.0002961261197924614
0.00018386263400316238
0.0001885210513137281
0.0002117285184795037
0.00027831492479890585
0.00042845384450629354
0.00041678090929053724
0.00032752746483311057
0.00017253949772566557
0.0001330288068857044
0.00031159736681729555
0.0008539305999875069
0.0027378955855965614
0.00439872033894062
0.004970756359398365
0.004709082655608654
0.003529631532728672
0.002724951133131981
0.0022239340469241142
0.0011146437609568238
0.00027833596686832607
7.904849189799279e-05
0.0002583024324849248
0.00042776568443514407
0.00035511745954863727
0.00025697695673443377
0.00010644880239851773
0.00010986993584083393
0.000336400989908725
0.0005728084361180663
0.0004144508275203407
0.00024520265287719667
9.25007916521281e-05
0.00010015725274570286
0.00011254786659264937
0.00011262267071288079
0.00012789240281563252
8.932916534831747e-05
6.576905434485525e-05
0.00012903433525934815
0.00015259713109117
0.0002544631715863943
0.00036654077121056616
0.00020320851763244718
8.092878124443814e-05
3.3212312700925395e-05
