9.906845662044361e-05
0.0003764660796150565
0.000369748828234151
0.00034883187618106604
0.00021064405154902488
0.00011931188055314124
0.00014067361189518124
0.00016552300076000392
0.00031719685648567975
0.0003505580825731158
0.00015698056085966527
0.0001506821863586083
0.00020905808196403086
0.0005200531450100243
0.00042794522596523166
0.0005713865393772721
0.0004780180170200765
0.00022163984249345958
0.00023054935445543379
0.0001592424960108474
0.00018657244800124317
0.00019306151079945266
0.0002939340774901211
0.0003770421026274562
0.0003796489618252963
0.00031765634776093066
0.00019692510250024498
0.0001227808534167707
0.00047742752940393984
0.0011426402488723397
0.002420349046587944
0.004449358209967613
0.00460493378341198
0.004227878991514444
0.0034201908856630325
0.0023694837000221014
0.001879710704088211
0.0009841767605394125
0.0002649056550581008
7.00151504133828e-05
0.00022110127611085773
0.00042603028123266995
0.0003368656325619668
0.00030975721892900765
0.00012460604193620384
8.14898667158559e-05
0.0002537451218813658
0.0005334054585546255
0.00043349433690309525
0.000190590915735811
7.555147749371827e-05
9.561258048051968e-05
0.00011196440027561039
0.00012140448961872607
0.00013801064051222056
8.979695121524855e-05
7.668313628528267e-05
0.00014981540152803063
0.00014374051534105092
0.0002214752894360572
0.00033077673288062215
0.00029214873211458325
9.80062541202642e-05
4.079729114891961e-05
