4.257183172740042e-05
7.329150685109198e-05
7.6298565545585e-05
5.065626828582026e-05
5.282554047880694e-05
3.7491881812456995e-05
3.854923488688655e-05
3.999521868536249e-05
4.002598507213406e-05
5.145384420757182e-05
3.711700992425904e-05
4.094689938938245e-05
3.5711113014258444e-05
3.6518707929644734e-05
4.8187783249886706e-05
6.598441541427746e-05
5.883142875973135e-05
3.9720136555843055e-05
4.3789394112536684e-05
3.829889101325534e-05
4.2293340811738744e-05
3.891227243002504e-05
3.672803723020479e-05
4.597362567437813e-05
4.419332617544569e-05
4.401781188789755e-05
4.530227670329623e-05
4.223443829687312e-05
4.1121747926808894e-05
5.452168625197373e-05
6.193875015014783e-05
8.165442704921588e-05
0.0001052770676324144
0.00016534347378183156
0.0001129817173932679
7.303718302864581e-05
5.677511217072606e-05
5.49200049135834e-05
4.5898825192125514e-05
3.678787834360264e-05
3.723669578903355e-05
3.572568311938085e-05
3.7057168810861185e-05
3.7805195461260155e-05
3.521702456055209e-05
3.674299659905955e-05
3.747606388060376e-05
4.281695873942226e-05
4.395395808387548e-05
3.8518472138093784e-05
3.66802305507008e-05
3.884868783643469e-05
3.665323310997337e-05
3.776031007873826e-05
3.817920878645964e-05
3.737134102266282e-05
3.59500918420963e-05
3.711700992425904e-05
3.8433536246884614e-05
3.841857687802985e-05
4.0231603634310886e-05
3.662331437226385e-05
3.674299659905955e-05
3.252413443988189e-05
