6.863878661533818e-05
0.0001348240621155128
0.00018231665308121592
0.00017445607227273285
6.874818791402504e-05
6.567660602740943e-05
6.099397432990372e-05
7.646313315490261e-05
0.00011899584205821157
0.0001655678788665682
0.0001149415475083515
6.78608485031873e-05
8.472063927911222e-05
0.0001713697420200333
0.00017376997857354581
0.00016873952699825168
0.00012492020323406905
6.353725621011108e-05
8.979293488664553e-05
6.555369327543303e-05
7.788812217768282e-05
6.723811384290457e-05
8.027244621189311e-05
9.162186324829236e-05
8.31205616123043e-05
7.43836208130233e-05
7.043004006845877e-05
5.631634121527895e-05
0.00014517673116642982
0.00019501015776768327
0.0003496718709357083
0.0006238638889044523
0.0006975012365728617
0.0005004786071367562
0.0004294973623473197
0.0005268893437460065
0.00038502164534293115
0.00014128698967397213
6.18616832070984e-05
5.2915300329914317e-05
5.2840499847661704e-05
6.627503171330318e-05
5.0746028136927634e-05
5.8316043578088284e-05
5.774754026788287e-05
4.142563193454407e-05
4.81877796119079e-05
6.530259270220995e-05
7.087997073540464e-05
4.820192771148868e-05
4.2471845517866313e-05
4.088331843377091e-05
3.783137435675599e-05
3.783511419896968e-05
3.6907560570398346e-05
3.542647391441278e-05
3.316743459436111e-05
3.509734233375639e-05
3.5680801374837756e-05
3.810440102824941e-05
4.220358096063137e-05
4.954918767907657e-05
4.3370502680772915e-05
3.318239396321587e-05
