0.00010173142800340429
0.0002700753975659609
0.000395555718569085
0.0003924588963855058
0.0003000777796842158
0.00011223369074286893
0.00014854283654130995
0.00018024414021056145
0.00035099650267511606
0.00040017522405833006
0.00025583864771761
0.0001967455755220726
0.0002735976886469871
0.0005265049985609949
0.0007174459169618785
0.000535451399628073
0.0007950610597617924
0.00028837317950092256
0.00020072881306987256
0.00016316767141688615
0.00020065027638338506
0.00023995150695554912
0.0003627412370406091
0.0004422773781698197
0.00042477354872971773
0.0003634654567576945
0.00022946420358493924
9.232127194991335e-05
0.0002447986917104572
0.0012478276621550322
0.0027499713469296694
0.004813787993043661
0.004866442177444696
0.004421788267791271
0.0035898475907742977
0.0025902169290930033
0.0021584865171462297
0.0013678240356966853
0.0003692102909553796
8.737415919313207e-05
0.0002871118194889277
0.00034978121402673423
0.00032805203227326274
0.00023884631809778512
9.507399227004498e-05
8.772839646553621e-05
0.00025166559498757124
0.0005652862600982189
0.00045751448487862945
0.00021513579122256488
7.142144022509456e-05
8.07119213277474e-05
0.00012321470421738923
0.00012056250125169754
9.837746620178223e-05
8.67896233103238e-05
6.582621426787227e-05
0.00010864598152693361
0.00016046637028921396
0.00020950689213350415
0.00033688059193082154
0.00031508319079875946
7.967508281581104e-05
3.784931686823256e-05
