9.694225445855409e-05
0.0004025518719572574
0.0004140244273003191
0.0003881801967509091
0.00031452960683964193
0.0001250619679922238
0.00014788231055717915
0.0001700345310382545
0.00033195861033163965
0.00035474347532726824
0.00023072087788023055
0.00017301821208093315
0.0002393830072833225
0.0004259255656506866
0.0007454968872480094
0.00046090318937785923
0.000464067590655759
0.0002701138728298247
0.0002858350344467908
0.00016860393225215375
0.00019541408983059227
0.00020054556080140173
0.0002791480510495603
0.0003931769751943648
0.00038421558565460145
0.0003270609013270587
0.00012093323312001303
0.00015029321366455406
0.0004268680640961975
0.0010543415555730462
0.0021937184501439333
0.00396121246740222
0.004823146387934685
0.00439279293641448
0.00375724071636796
0.00241799745708704
0.001828988897614181
0.0009533168049529195
0.00012767294538207352
8.76002959557809e-05
0.0003280988021288067
0.0003889880608767271
0.00037197794881649315
0.00021899481362197548
0.00010777942225104198
0.0002027316513704136
0.00040355586679652333
0.0005336561007425189
0.00048668013187125325
0.0002525332965888083
7.369118247879669e-05
0.00012069479271303862
0.0001116801577154547
0.00012210763816256076
0.00011910056491615251
8.5603998741135e-05
7.945523248054087e-05
0.00010704872693168
0.00015693505702074617
0.00025675215874798596
0.00034051600960083306
0.00027854961808770895
9.930782107403502e-05
3.744614150491543e-05
