0.00013415083230938762
0.00040765124140307307
0.0009531038231216371
0.0008646872011013329
0.0005747313261963427
0.0004805164353456348
0.0004334806289989501
0.00021149009990040213
0.0005361723015084863
0.00046227953862398863
0.00026049191365018487
0.00016962125664576888
0.0003560599870979786
0.0005835942574776709
0.0005703779752366245
0.0007029774715192616
0.0005564391030929983
0.0005788995185866952
0.000521957001183182
0.0003334995708428323
0.0001844929065555334
0.00015217822510749102
0.00019194325432181358
0.00044475452159531415
0.0003939144080504775
0.00042341859079897404
0.0002238839224446565
0.00015249241550918669
0.00020723289344459772
0.000645350432023406
0.0023880989756435156
0.005909864790737629
0.006463506259024143
0.006428392603993416
0.005824318155646324
0.005321539007127285
0.004712453577667475
0.0030151698738336563
0.0011148267658427358
0.00029413847369141877
0.0003547575615812093
0.00048720373888500035
0.0005561417783610523
0.000582222652155906
0.00030443130526691675
0.00017090879555325955
0.00017894258780870587
0.0006540987524203956
0.0007117610657587647
0.0003855779650621116
0.00023568775213789195
0.00020039593800902367
0.00017779061454348266
0.00018830786575563252
0.0002486286102794111
0.00014601451402995735
8.570872159907594e-05
7.866232772357762e-05
0.00011178488057339564
0.00014941055269446224
0.00033752393210306764
0.0005904012941755354
0.00016003470227587968
6.63920582155697e-05
