0.00010551643208600581
0.0004747117345687002
0.0004601252730935812
0.0004392553528305143
0.0002605150220915675
0.00015479633293580264
0.000176758345332928
0.00019640148093458265
0.0003042368043679744
0.0004986186977475882
0.0002459782699588686
0.00018763139087241143
0.00035051244776695967
0.0006129000103101134
0.0006611196440644562
0.0006312434561550617
0.0005761589272879064
0.00027126382337883115
0.0002924496366176754
0.0001799898163881153
0.0002093572838930413
0.00026677577989175916
0.00038351566763594747
0.0005055154324509203
0.0004829519893974066
0.0003992676211055368
0.00022319638810586184
0.00017227580246981233
0.0005114697269164026
0.001200939528644085
0.002564170630648732
0.004468822851777077
0.005356189329177141
0.004971060901880264
0.004198066890239716
0.0029514231719076633
0.0018050017533823848
0.0011291290866211057
0.00036327095585875213
8.237252768594772e-05
0.0002599985746201128
0.0004409479151945561
0.00037318613613024354
0.0002835968625731766
9.214173769578338e-05
0.0001058006746461615
0.00028788496274501085
0.0005884142010472715
0.0004712897934950888
0.0002238732122350484
7.39796960260719e-05
9.543305350234732e-05
0.00012818159302696586
0.00011729035031748936
0.00015638214244972914
8.890474418876693e-05
6.988395034568384e-05
0.00014964990259613842
0.0001724796456983313
0.00022840200108475983
0.0003563891223166138
0.00038209123886190355
0.00012463596067391336
3.5834174923365936e-05
