9.66961306403391e-05
0.00031351231154985726
0.0003943738411180675
0.00036479689879342914
0.00020446785492822528
0.00010366452625021338
0.00013332252274267375
0.00016402601613663137
0.00023679474543314427
0.00034008212969638407
0.00022479651670437306
0.00015792307385709137
0.00022282171994447708
0.0003936706925742328
0.000659638550132513
0.0005826072883792222
0.00043851681402884424
0.00023462579702027142
0.0002315391757292673
0.00014946571900509298
0.0001933691673912108
0.00021468322665896267
0.00030181321199052036
0.0003960643953178078
0.00038010149728506804
0.00032552555785514414
0.0002089084591716528
0.00012260132643859833
0.00046912659308873117
0.0011877425713464618
0.0025704079307615757
0.004118476528674364
0.004584967158734798
0.004149795509874821
0.0032417895272374153
0.0023508805315941572
0.0019005268113687634
0.0010736794210970402
0.00017624969768803567
7.881006604293361e-05
0.0002961282152682543
0.0003627772384788841
0.000314589444315061
0.00023577753745485097
8.950869232648984e-05
9.707870776765049e-05
0.00027341817622072995
0.0005084775621071458
0.0005077445530332625
0.0002525781746953726
7.897649629740044e-05
9.942656470229849e-05
0.00011648606596281752
0.00011680910392897204
0.00011948571045650169
8.038269879762083e-05
5.9417510783532634e-05
0.00010942485823761672
0.00015030817303340882
0.0002193424734286964
0.00033655617153272033
0.00024914660025388
8.359461207874119e-05
3.67981665476691e-05
