0.00010526210098760203
0.000420818425482139
0.00040903512854129076
0.0003939250309485942
0.00031620520167052746
9.338345989817753e-05
0.00013937563926447183
0.00017022060637827963
0.0002802850503940135
0.00039146089693531394
0.0002052272466244176
0.0001700560242170468
0.00024019088596105576
0.0004198964452371001
0.0007326308405026793
0.0004952375893481076
0.0005147363990545273
0.00026968313613906503
0.00021220537018962204
0.00015891046496108174
0.00018661732610780746
0.00021460842981468886
0.00027047094772569835
0.00042371140443719923
0.00041410670382902026
0.0003740125976037234
0.0002521742426324636
0.00010035505692940205
0.0005216145655140281
0.001286661601625383
0.0026654889807105064
0.005050837993621826
0.005278299562633038
0.004747378174215555
0.0033906185999512672
0.0026705695781856775
0.0021170468535274267
0.001154113095253706
0.0002654441923368722
7.032932626316324e-05
0.00025147112319245934
0.00040893041295930743
0.00033248221734538674
0.00026833161246031523
0.00010319755529053509
0.00010536682384554297
0.00031331783975474536
0.0005696062580682337
0.0004432854475453496
0.00014046418073121458
8.150482608471066e-05
0.00010273377847624943
0.00012632650032173842
0.0001182478154078126
0.0001286902406718582
8.488589810440317e-05
8.15646635601297e-05
7.234899385366589e-05
0.00017140248382929713
0.00020966721058357507
0.00035571129410527647
0.0003018177521880716
0.00010041106725111604
3.506555367494002e-05
