9.646532271290198e-05
0.00027375956415198743
0.00037639038055203855
0.00036817905493080616
0.0002228217344963923
0.00012047087511746213
0.0001432318676961586
0.00016469568072352558
0.0003194925666321069
0.0003737091610673815
0.000223650160478428
0.00017219633446075022
0.0002583379973657429
0.000496703723911196
0.0006150712142698467
0.0005380844231694937
0.0005458339583128691
0.00022152018209453672
0.00027298429631628096
0.00015982304466888309
0.00018419370462652296
0.00023033189063426107
0.00033756729681044817
0.0004257779219187796
0.0004092034068889916
0.0003297298098914325
0.0001834703580243513
0.00014203684986568987
0.0004201959236524999
0.001347766607068479
0.0027631684206426144
0.004309298004955053
0.004791445564478636
0.004391431342810392
0.0034973316360265017
0.002585683949291706
0.0022461998742073774
0.0009040688164532185
0.00027197549934498966
7.08453735569492e-05
0.00039554075920023024
0.00041612645145505667
0.0003462159656919539
0.0003342326090205461
9.03045802260749e-05
0.0001111559322453104
0.0003167851537000388
0.0005618594586849213
0.00041337363654747605
0.00019806211639661342
8.729453838896006e-05
8.594809332862496e-05
0.0001417058811057359
0.00012341243564151227
0.00012189311382826418
8.627429633634165e-05
5.7446464779786766e-05
0.00011905755673069507
0.00014925906725693494
0.00018267046834807843
0.00036731030559167266
0.00027059062267653644
9.321889228885993e-05
3.816424577962607e-05
