0.00010449163528392091
0.00041985156713053584
0.00042003110866062343
0.00039977062260732055
0.00023142618010751903
0.00011256345896981657
0.00013909874542150646
0.00017814966849982738
0.0003220996295567602
0.0003925336932297796
0.0002209815866081044
0.00016005765064619482
0.00026634507230482996
0.0005393047467805445
0.0005935444496572018
0.000534089922439307
0.0005645786295644939
0.0002766776888165623
0.00024970294907689095
0.00016180066450033337
0.00017270242096856236
0.00021644947992172092
0.0003113776328973472
0.00041647892794571817
0.000408874184358865
0.0003680867375805974
0.00018583469500299543
0.00013627242879010737
0.0004184340650681406
0.0010744186583906412
0.002327869413420558
0.004123593680560589
0.0050926003605127335
0.00466398149728775
0.003894577967002988
0.002748080063611269
0.002084620064124465
0.0011602690210565925
0.00030350216547958553
8.160767902154475e-05
0.0002978786069434136
0.0003886589256580919
0.00034554273588582873
0.0002977738913614303
0.00011536043894011527
6.501834286609665e-05
0.0003532808041200042
0.0005470807664096355
0.0004731357330456376
0.00015151624393183738
8.093632641248405e-05
0.00010234480578219518
0.00012680522922892123
0.00012068637443007901
0.00013825000496581197
9.08700967556797e-05
7.806390931364149e-05
0.00010996377386618406
0.00015618900943081826
0.00020646762277465314
0.00038549851160496473
0.00033216027077287436
7.702977018197998e-05
3.7863163015572354e-05
