0.00010116291377926245
0.0002991565561387688
0.0004354703414719552
0.0004093193856533617
0.0003217256162315607
0.00010062434012070298
0.00014652317622676492
0.00015530498058069497
0.0003683724789880216
0.00038410790148191154
0.00025380810257047415
0.00018815543444361538
0.0003042246389668435
0.0006056676502339542
0.0006012009689584374
0.0006021229200996459
0.00047424330841749907
0.00026687010540626943
0.00026609128690324724
0.00016555291949771345
0.00020774155564140528
0.0002461076946929097
0.00034477413282729685
0.000440115574747324
0.00040352967334911227
0.0003295349597465247
0.0001807260123314336
0.00015935016563162208
0.0004976327763870358
0.0011454246705397964
0.0032264916226267815
0.004642304033041
0.005079345311969519
0.004671697970479727
0.003734401660040021
0.0027833867352455854
0.0022231608163565397
0.0013556011253967881
0.00036487169563770294
5.8420766436029226e-05
0.00017783549265004694
0.0004456135502550751
0.0003385113086551428
0.0002535081293899566
0.00011560328857740387
0.00011745517258532345
0.0003331447660457343
0.0005405045812949538
0.00046899777953512967
0.00014493548951577395
7.936640758998692e-05
0.00011269934475421906
0.00011829457798739895
0.00013763943570666015
0.0001428367686457932
9.051104279933497e-05
6.735218630637974e-05
9.739287634147331e-05
0.00015844668087083846
0.00020090460020583123
0.00036570243537425995
0.0002847351715900004
9.684225369710475e-05
3.6872512282570824e-05
