9.564714855514467e-05
0.0003731299366336316
0.00036446406738832593
0.0003526489599607885
0.00024393100466113538
0.00011170202196808532
0.00014847455895505846
0.0001773268450051546
0.0003485498018562794
0.0003941344912163913
0.00022264220751821995
0.0001405688963131979
0.00018706613627728075
0.00033747905399650335
0.0006912649841979146
0.00042809481965377927
0.00068514613667503
0.0002514699299354106
0.00018334096239414066
0.00015735457418486476
0.00016054489242378622
0.00021009128249716014
0.0002601182786747813
0.00040240760426968336
0.0003949422971345484
0.0003862502926494926
0.0001847086678026244
0.0001467901311116293
0.00041688865167088807
0.0013276110403239727
0.002760323230177164
0.004443580750375986
0.005066886078566313
0.004616340156644583
0.00329217198304832
0.0026114140637218952
0.002273828024044633
0.0009431774960830808
0.000253772217547521
7.467722025467083e-05
0.00026912728208117187
0.00042793023749254644
0.0003592708380892873
0.00027678426704369485
0.00010834397107828408
9.13189142011106e-05
0.00026323008933104575
0.0005414505722001195
0.0005436348146758974
0.0002600883599370718
9.360786498291418e-05
0.00010794863192131743
0.00012248534767422825
0.00013365322956815362
0.00011813561286544427
8.472320041619241e-05
6.783034768886864e-05
0.00010999709775205702
0.00015225303650368005
0.00019237711967434734
0.0003361475537531078
0.00034816082916222513
0.0001390877878293395
3.698019281728193e-05
