9.49809473240748e-05
0.00037164881359785795
0.00038194164517335594
0.00035950090386904776
0.00022038901806809008
0.0001041106297634542
0.00013323021994438022
0.00016931923164520413
0.0003258547221776098
0.00035477339406497777
0.00023212717496789992
0.00016916438471525908
0.00035372612182982266
0.00045813550241291523
0.0005948300240561366
0.0005679320311173797
0.0004678055993281305
0.0002307339309481904
0.00021580526663456112
0.00015159572649281472
0.00017882288375403732
0.00022325559984892607
0.00027648507966659963
0.0004072248993907124
0.00038687861524522305
0.00033688906114548445
0.00026287100627087057
9.274016338167712e-05
0.00046188320266082883
0.0011053294874727726
0.0023110234178602695
0.003839110257104039
0.004321901127696037
0.0038516472559422255
0.0029737527947872877
0.002234022133052349
0.0017416737973690033
0.0008499510586261749
0.0002368696586927399
6.340261461446062e-05
0.0001435909216525033
0.0003862951707560569
0.00030063328449614346
0.00020702907931990921
8.454373892163858e-05
0.0001344921183772385
0.00033383804839104414
0.0005089273909106851
0.0004735510447062552
0.00016368286742363125
7.27529259165749e-05
7.906625251052901e-05
0.00011220377200515941
0.00010451407433720306
0.000130410713609308
8.259694004664198e-05
7.112223102012649e-05
4.682637518271804e-05
0.00013946024409960955
0.00024719146313145757
0.0003363812866155058
0.00029858737252652645
7.72364073782228e-05
3.608473343774676e-05
