0.00010165662388317287
0.00042197879520244896
0.0004056390898767859
0.0003773487696889788
0.00028010550886392593
9.060080628842115e-05
0.00012737372890114784
0.00026958828675560653
0.0005416736821644008
0.0006419309647753835
0.00041053551831282675
0.00027500864234752953
0.0003266763233114034
0.0005831533344462514
0.0006000247085466981
0.0005478037637658417
0.000435545138316229
0.0002782803203444928
0.0003326617297716439
0.00022624769189860672
0.00025353566161356866
0.00032367047970183194
0.00040804772288538516
0.0006140837795101106
0.0005531496717594564
0.00047369441017508507
0.0002753023582044989
0.00014520571858156472
0.0004614524950738996
0.0012422514846548438
0.0032271139789372683
0.007117114495486021
0.007695925422012806
0.007198123726993799
0.004975525196641684
0.004067859146744013
0.003039067378267646
0.002130783861503005
0.0004099626967217773
9.971268445951864e-05
0.0002885993162635714
0.0005036818329244852
0.0004131791938561946
0.00028748103068210185
0.00011666200589388609
0.00014758693578187376
0.00043680929229594767
0.0006533756386488676
0.0005215145647525787
0.00013364966434892267
9.378365211887285e-05
0.00016334251267835498
0.00017032066534738988
0.00018063683819491416
0.00016676004452165216
0.00010494232265045866
6.215154280653223e-05
0.0001537734060548246
0.00018071633530780673
0.00020291419059503824
0.00038592112832702696
0.0003777826204895973
0.00014837826893199235
5.040193718741648e-05
