9.692909952718765e-05
0.00028686667792499065
0.0004018218896817416
0.00036710736458189785
0.00020206402405165136
0.00010829628445208073
0.0001440771302441135
0.0001704955066088587
0.00035795997246168554
0.00038225585012696683
0.00023199252609629184
0.00016410175885539502
0.00024222550564445555
0.0005129807395860553
0.0006696470663882792
0.000573391211219132
0.0005462229019030929
0.00024569634115323424
0.0002672544214874506
0.00015753410116303712
0.00017195602413266897
0.00021228953846730292
0.00027801102260127664
0.00041887914994731545
0.00040186906699091196
0.00036377960350364447
0.00018856205861084163
0.00014753620780538768
0.00043029466178268194
0.0010231008054688573
0.0029474615585058928
0.00460388557985425
0.00499603059142828
0.004572064615786076
0.0036922222934663296
0.002700026845559478
0.0021585614886134863
0.0011271543335169554
0.0002877886581700295
6.530259997816756e-05
0.00023337823222391307
0.000392758083762601
0.0003298042865935713
0.00026842133956961334
0.00010375109559390694
0.00010035505692940205
0.0002997935516759753
0.0005297028110362589
0.00048252486158162355
0.0002143391320714727
8.132529183058068e-05
0.00010364636546000838
0.0001302461459999904
0.00011556988465599716
0.0001359161688014865
8.223788609029725e-05
6.553831190103665e-05
0.000109110027551651
0.00014260353054851294
0.00022581382654607296
0.00033679083571769297
0.0003347861347720027
0.00011233842087676749
4.2861847759922966e-05
