9.950231469701976e-05
0.0003525802167132497
0.00040381017606705427
0.0003845896862912923
0.00023953261552378535
0.00011070772598031908
0.000139461801154539
0.00015314496704377234
0.0003126318333670497
0.0003628796839620918
0.00020693367696367204
0.00016628600133117288
0.00022608312428928912
0.0004502513038460165
0.0006658770143985748
0.0004856029700022191
0.00044212405919097364
0.000265122129349038
0.0002367798879276961
0.00016803636390250176
0.00015923960017971694
0.0002039602113654837
0.0003597000613808632
0.0003861156292259693
0.00037787019391544163
0.0002781307266559452
0.00020539274555630982
0.00017177175323013216
0.0007307654595933855
0.0012772080954164267
0.0024392204359173775
0.004196112509816885
0.004593781195580959
0.003863982390612364
0.003009851323440671
0.0023393442388623953
0.0018995351856574416
0.0010233432985842228
0.0002651300164870918
9.115832654060796e-05
0.00030806317226961255
0.00036858569364994764
0.00033719479688443244
0.00025883165653795004
9.908341598929837e-05
0.00010387077782070264
0.0002587868075352162
0.0005242908955551684
0.00040552843711338937
0.0001935922191478312
6.907264469191432e-05
9.347322338726372e-05
0.00012392362987156957
0.00017055909847840667
0.00012439658166840672
8.9078072051052e-05
5.2852657972835004e-05
0.00011476202053017914
0.00016184270498342812
0.00022734202502761036
0.00038262983434833586
0.0003144548099953681
8.218247967306525e-05
3.0534385587088764e-05
