0.00010672261851141229
0.0002509026089683175
0.00035871280124410987
0.0003744321293197572
0.00022192730102688074
0.0001491001166868955
0.0002366686094319448
0.00019543815869838
0.0003819697303697467
0.000577924307435751
0.00018602544150780886
0.00019391803652979434
0.00031972277793101966
0.0004836131993215531
0.00039868245949037373
0.0004650023765861988
0.0005193688557483256
0.00017750637198332697
0.00022153514146339148
0.0003132130950689316
0.00013190675235819072
0.00020982105343136936
0.00027264023083262146
0.00046868270146660507
0.00025521122734062374
0.0007160844979807734
0.0006636282196268439
0.0004314330290071666
0.00017667886277195066
0.001746183494105935
0.0031903800554573536
0.0043139527551829815
0.005455439444631338
0.00472394609823823
0.0034193997271358967
0.0024677894543856382
0.0024935866240411997
0.0015136189758777618
0.0001575088535901159
9.208282426698133e-05
0.00027995588607154787
0.00027573705301620066
0.0004982745740562677
0.00028927630046382546
0.00010795499110827222
0.00011701769835781306
0.000339359394274652
0.0005366666009649634
0.0004976866184733808
0.00022639601957052946
8.607431664131582e-05
0.00010173142072744668
0.00014400979853235185
0.00014040431415196508
0.00011919034295715392
9.700390364741907e-05
8.01733331172727e-05
8.126545435516164e-05
0.0001643860014155507
0.00016024195065256208
0.00028861803002655506
0.0003681181406136602
0.0001201627601403743
4.259255001670681e-05
