0.0001029731793096289
0.0004305184120312333
0.000431251508416608
0.0004101894737686962
0.0002631608513183892
0.00013247525203041732
0.00015344988787546754
0.00017325757653452456
0.00035006582038477063
0.00039450847543776035
0.0002094749506795779
0.00019104561943095177
0.00030308260465972126
0.0007814880227670074
0.0005703094066120684
0.0006118397577665746
0.0006889161886647344
0.0002942878636531532
0.0001977086503757164
0.00017122295685112476
0.00019843611516989768
0.0002486286102794111
0.00029894078033976257
0.0004980202065780759
0.0004721646255347878
0.00038594615762121975
0.00010781941819004714
0.00017125287558883429
0.00046934091369621456
0.0011651241220533848
0.002591937081888318
0.004475599154829979
0.005257001146674156
0.004778429865837097
0.004013663623481989
0.002740180818364024
0.0020236733835190535
0.0010407601948827505
0.00028422754257917404
0.000100443881819956
0.0003165492962580174
0.00040498084854334593
0.0003486245987005532
0.0002663717605173588
0.00010231488704448566
0.00010084875975735486
0.0003081863687839359
0.0005763928638771176
0.0004505076794885099
0.00020504470739979297
6.657424091827124e-05
8.958350372267887e-05
0.00012227219121996313
0.00010919671331066638
0.00012392042845021933
8.719725883565843e-05
7.064540113788098e-05
0.00014019859372638166
0.00016444585344288498
0.00022141545196063817
0.00034639547811821103
0.0003386908210813999
0.000122077704872936
3.61033744411543e-05
