0.00010457980533828959
0.00041000021155923605
0.0004205112636554986
0.0004056540201418102
0.00021598851890303195
0.00012153725401731208
0.00015662150690332055
0.00018787398585118353
0.00031788076739758253
0.00043614357127808034
0.000266296963673085
0.00019661092665046453
0.0002537151740398258
0.0004931879229843616
0.0007497157203033566
0.000649414723739028
0.0005177303683012724
0.0003270824090577662
0.0002513560757506639
0.00016763241728767753
0.00019866052025463432
0.00024639948969706893
0.0003204689419362694
0.00046753071364946663
0.0004324782348703593
0.0003871778317261487
0.0002717725292313844
9.181260975310579e-05
0.000497471250128001
0.0011969415936619043
0.0033353918697685003
0.004583858884871006
0.004888258408755064
0.004477154929190874
0.0035329379606992006
0.0026633436791598797
0.0022206625435501337
0.0013863001950085163
0.0003080430324189365
8.463602716801688e-05
0.00027040610439144075
0.0003716488427016884
0.0003337389207445085
0.0002772031584754586
0.00011105180601589382
7.451827696058899e-05
0.00037083253846503794
0.0005645248456858099
0.0004093642346560955
0.00024007121101021767
7.569863373646513e-05
0.00012916899868287146
0.00010970536823151633
0.00011289196118013933
0.00012202790094306692
8.755105955060571e-05
5.4823700338602066e-05
0.0001233493530889973
0.00016736314864829183
0.00022281971178017557
0.0003600184863898903
0.0002869272429961711
7.086229015840217e-05
3.776031007873826e-05
