3.243458195356652e-05
3.894219116773456e-05
4.435789378476329e-05
5.050666004535742e-05
4.953253665007651e-05
4.767891368828714e-05
4.470198473427445e-05
5.017752846470103e-05
4.631771662388928e-05
4.434293441590853e-05
3.600993295549415e-05
4.1156345105264336e-05
5.342395888874307e-05
6.889312498969957e-05
7.944027311168611e-05
6.19813654338941e-05
8.508038445143029e-05
4.0587849071016535e-05
4.001934576081112e-05
4.163508128840476e-05
4.4731907109962776e-05
5.040193718741648e-05
6.270228186622262e-05
6.962493353057653e-05
6.157725147204474e-05
5.6985496485140175e-05
4.4617740059038624e-05
3.8241585571086034e-05
8.038277883315459e-05
0.00017871815362013876
0.0004370262613520026
0.0009585231309756637
0.0011690586106851697
0.0010106638073921204
0.0008800870855338871
0.0006667125853709877
0.0008047191658988595
0.0005777155747637153
0.00029149590409360826
9.686533303465694e-05
0.0002977551193907857
0.00032792487763799727
0.0002769478887785226
0.00021408105385489762
0.00012293606414459646
0.000151789266965352
0.00045016154763288796
0.0008451815810985863
0.0006805832381360233
0.0002486220619175583
9.54367860686034e-05
0.00011611687659751624
0.00013345891784410924
0.0001500220678281039
0.00013721027062274516
9.310014866059646e-05
6.452464731410146e-05
0.00013004137144889683
0.0001774465199559927
0.0002675536088645458
0.0003880904405377805
0.00031400599982589483
9.063072502613068e-05
3.5007578844670206e-05
