6.733722693752497e-05
0.00022786248882766813
0.00019195821369066834
0.00017319466860499233
6.426565232686698e-05
6.223569653229788e-05
8.367409463971853e-05
7.686707249376923e-05
0.0001188703827210702
0.00015521221212111413
7.755432307021692e-05
0.00011120516137452796
0.00013111384760122746
0.00018139609892386943
0.0002079659461742267
0.00018564489437267184
0.00015018203703220934
0.00011277882003923878
0.00011373255256330594
8.935907681006938e-05
0.00010621957335388288
0.00011673681001411751
0.0001336272107437253
0.000192990482901223
0.00014872837346047163
0.00011854735930683091
5.934831642662175e-05
5.814586256747134e-05
0.00013000676699448377
0.0003976370790041983
0.0008578025153838098
0.0009721335954964161
0.0010022639762610197
0.0009097332949750125
0.0007544432301074266
0.0006132160779088736
0.0003172389988321811
0.00011302661005174741
9.070553642231971e-05
7.02694887877442e-05
6.647666305070743e-05
9.036612755153328e-05
7.492180884582922e-05
5.9481091739144176e-05
4.061776780872606e-05
4.895076563116163e-05
7.003011705819517e-05
7.912610453786328e-05
7.656750676687807e-05
4.709437052952126e-05
3.9279919292312115e-05
4.1376079025212675e-05
4.198011083644815e-05
4.9384623707737774e-05
4.495631219469942e-05
4.117130083614029e-05
4.010911288787611e-05
4.1111463360721245e-05
4.468235056265257e-05
5.524913649423979e-05
7.843677303753793e-05
5.7335197197971866e-05
4.914525197818875e-05
3.481309249764308e-05
