0.00010542667587287724
0.0004373104893602431
0.0004302870074752718
0.0004174116184003651
0.00019533929298631847
0.00013063511869404465
0.00016395731654483825
0.00019198813242837787
0.00033735937904566526
0.0004098429635632783
0.00024990024394355714
0.00017252452380489558
0.00023811137361917645
0.0004327624337747693
0.000720213633030653
0.0004481568466871977
0.0004910951247438788
0.0002811740559991449
0.0002981720317620784
0.00018523067410569638
0.00022611304302699864
0.0002427790459478274
0.0003192421863786876
0.00046955037396401167
0.00044182853889651597
0.00038408098043873906
0.0002733732690103352
0.0001668108016019687
0.0006506519275717437
0.0011154701933264732
0.0021601023618131876
0.004316237755119801
0.004549381788820028
0.004180533345788717
0.003570952918380499
0.002495832508429885
0.0016324903117492795
0.0010541919618844986
0.00020818279881495982
8.449758752249181e-05
0.0003121957997791469
0.00038687681080773473
0.0003717940126080066
0.00020543763821478933
8.532292122254148e-05
0.00010730254871305078
0.00038758176378905773
0.0005087020108476281
0.000575560494326055
0.00021678175835404545
6.277146894717589e-05
9.36377837206237e-05
0.00011440296657383442
0.00011549508781172335
0.00016124430112540722
8.782795339357108e-05
5.104056253912859e-05
0.00012619183689821512
0.0001533002796350047
0.00021489267237484455
0.0003669661527965218
0.0003006612532772124
9.968182712327689e-05
4.4657102989731357e-05
