0.00010587964789010584
0.0003921896277461201
0.00043425578041933477
0.0004070846480317414
0.00023075546778272837
0.00011756336607504636
0.00016194370982702821
0.0001956740306923166
0.000362640741514042
0.00040962794446386397
0.00021575010032393038
0.00020139642583671957
0.00028340148855932057
0.0005469961324706674
0.0005553039954975247
0.0006865225732326508
0.0005068469326943159
0.00027708348352462053
0.00027036620303988457
0.000170385159435682
0.0002083848521579057
0.0002442002878524363
0.0003081414906773716
0.0004477529146242887
0.00038871876313351095
0.00032815863960422575
0.00019343930762261152
0.00013786104682367295
0.00039597461000084877
0.0010515738977119327
0.001932223909534514
0.004140154458582401
0.0051874564960598946
0.004716705530881882
0.0037180243525654078
0.002780806040391326
0.002253961516544223
0.0007802641484886408
0.00023026272538118064
7.923923840280622e-05
0.00030403389246203005
0.00039560807636007667
0.0003581104683689773
0.0002449660678394139
9.346575097879395e-05
0.00013399936142377555
0.0003875518450513482
0.0005801832885481417
0.0004915872123092413
0.00022153512691147625
8.1444981333334e-05
9.223150118486956e-05
0.0001318319555139169
0.00012797213275916874
0.00013548230344895273
8.962837455328554e-05
7.885681407060474e-05
7.28726081433706e-05
0.00016950248391367495
0.00016927809338085353
0.00036617161822505295
0.00028628113796003163
9.981114271795377e-05
3.2919651857810095e-05
