0.00010724716412369162
0.00034980650525540113
0.00045750252320431173
0.0004222956777084619
0.0001278954732697457
0.0001088844146579504
0.00013938700431026518
0.0001687245530774817
0.0002837857755366713
0.0004981698584742844
0.00031144777312874794
0.00021165379439480603
0.000304676330415532
0.0006436384283006191
0.000671081303153187
0.0006340626860037446
0.0005471499753184617
0.0002442476979922503
0.0002602099266368896
0.00018791887850966305
0.0002109580673277378
0.0002490325423423201
0.00029211881337687373
0.00041857713949866593
0.0003898408031091094
0.0003241735103074461
0.0002045437431661412
0.00015840180276427418
0.0005102728609926999
0.001247706008143723
0.002759465016424656
0.004714345559477806
0.005316293332725763
0.004719464108347893
0.004004343878477812
0.0027762826066464186
0.0023870146833360195
0.0009063633624464273
0.0003270609013270587
8.111491479212418e-05
0.00021993524569552392
0.00040059740422293544
0.0003658142522908747
0.000335728662321344
0.00012879497080575675
7.070333958836272e-05
0.0004007751413155347
0.0006128575187176466
0.0005147384363226593
0.00023942520783748478
7.90643971413374e-05
0.00012862666335422546
0.00013118585047777742
0.00015002205327618867
0.0001456704194424674
8.891026664059609e-05
7.198993989732116e-05
7.725603791186586e-05
0.00017375127936247736
0.0001723001041682437
0.000328637397615239
0.00043936006841249764
0.00013471933198161423
3.54265357600525e-05
