9.787161252461374e-05
0.0002753747394308448
0.00036392826586961746
0.00034248517476953566
0.0002521313726902008
0.00011248802184127271
0.0001367689110338688
0.0001662710274104029
0.0002644418564159423
0.0003947927034460008
0.0002287012175656855
0.00016906863311305642
0.0002435420174151659
0.0004844809300266206
0.0006188861443661153
0.0005203562905080616
0.0005412112222984433
0.00025267747696489096
0.00025831523817032576
0.00015962295583449304
0.00017261011817026883
0.0002102343423757702
0.0003165595990139991
0.0003993594436906278
0.00037942640483379364
0.00031609859433956444
0.00016393065743613988
0.00014717674639541656
0.0005218972219154239
0.001217351295053959
0.0021260823123157024
0.00378945074044168
0.004703896585851908
0.004349990747869015
0.0036560180597007275
0.0024801522959023714
0.0020872594323009253
0.0012912560487166047
0.0003825700259767473
7.18063092790544e-05
0.00026783719658851624
0.0003693942853715271
0.00031794249662198126
0.0002445908321533352
0.00010004188516177237
0.00012552703265100718
0.00029754944262094796
0.0005024634883739054
0.00044492536108009517
0.00022946420358493924
7.701667345827445e-05
6.419551937142387e-05
0.00011540532432263717
0.00011197121784789488
0.00010857163579203188
7.785992056597024e-05
6.711504829581827e-05
0.0001147021830547601
0.00014493547496385872
0.00020627635240089148
0.0003259379300288856
0.0002767889527603984
9.823439904721454e-05
3.7102050555404276e-05
