0.00010364145418861881
0.00031376664992421865
0.00040128559339791536
0.0003887337225023657
0.0003172524448018521
0.00010719199781306088
0.0001368287776131183
0.0001547364954603836
0.00022923978394828737
0.0003849093336611986
0.00015322546823881567
0.00016009234241209924
0.00021924615430179983
0.00046081343316473067
0.0006745841237716377
0.00042751134606078267
0.0007028594263829291
0.0001767882495187223
0.0003172374563291669
0.00015253560559358448
0.00017501544789411128
0.00019749358762055635
0.0002523837029002607
0.00040394856478087604
0.0004051154828630388
0.00033425234141759574
0.00019403063924983144
0.00016747225890867412
0.00043425578041933477
0.0010260851122438908
0.003049796912819147
0.004116015508770943
0.004901054315268993
0.004659850616008043
0.003336170921102166
0.002773652784526348
0.0023080778773874044
0.0008915964863263071
0.0002096779935527593
7.588528387714177e-05
0.0003038908471353352
0.00040814964449964464
0.0003535038558766246
0.00024250226852018386
0.00010618217493174598
0.00013162250979803503
0.00035788517561741173
0.0005576676921918988
0.0005186357884667814
0.0002482246491126716
9.583698556525633e-05
0.00010867162927752361
0.00010254209337290376
0.00011405887926230207
0.00011272738629486412
8.606777555542067e-05
8.306071686092764e-05
0.00011247116344748065
0.00015240484208334237
0.0001989685115404427
0.0003325371362734586
0.00031711591873317957
7.866699888836592e-05
3.586032835301012e-05
