0.00011151558283017948
0.0004526842967607081
0.0004123264516238123
0.0004102894163224846
0.0002570384822320193
0.00013126531848683953
0.00017212059174198657
0.00019668572349473834
0.0002673740964382887
0.00043262087274342775
0.00023048782895784825
0.00019096895994152874
0.0003242689126636833
0.000616842124145478
0.0006854603416286409
0.0006057208520360291
0.0006796406814828515
0.0002601332380436361
0.0003446151677053422
0.00017937853408511728
0.00022481927589979023
0.0002613861870486289
0.000390424276702106
0.0004951179143972695
0.00045192689867690206
0.00035660117282532156
0.00018703917157836258
0.00016078076441772282
0.0006553897401317954
0.0012639652704820037
0.0030209894757717848
0.004570657853037119
0.005148399621248245
0.004526110365986824
0.0037866979837417603
0.0027314587496221066
0.002288747811689973
0.001091646496206522
0.0002889115712605417
0.00010984002437908202
0.00028080862830393016
0.00044821668416261673
0.0003529193054419011
0.0002505700394976884
9.086371574085206e-05
0.00015702543896622956
0.0003612213768064976
0.0005593133973889053
0.0004583898407872766
0.00018859209376387298
7.480251224478707e-05
8.104104927042499e-05
0.00012997684825677425
0.00012519271695055068
0.0001165014473372139
8.979386620922014e-05
6.609363481402397e-05
0.00012466587941162288
0.00017574102093931288
0.00022327055921778083
0.0003527238150127232
0.00034564745146781206
0.0001249052438652143
4.4477576011558995e-05
