0.0001005925951176323
0.0004002813948318362
0.0004072099400218576
0.0003705172275658697
0.0002400866651441902
0.00010366452625021338
0.00014329823898151517
0.00016435609722975641
0.00032347600790672004
0.00038982584374025464
0.00024951130035333335
0.00016779701400082558
0.00025387699133716524
0.0004960900987498462
0.0006108367815613747
0.0005380280199460685
0.0004943485837429762
0.00020851352019235492
0.00023264704213943332
0.0001592545595485717
0.0001917338086059317
0.00022885082580614835
0.0002756921749096364
0.000401524972403422
0.00036321108927950263
0.00029922500834800303
0.00017672842659521848
0.00014161612489260733
0.00034573720768094063
0.0009110798127949238
0.0019163357792422175
0.0037482045590877533
0.004595325328409672
0.004209788516163826
0.003259533317759633
0.002445430727675557
0.0019721179269254208
0.0009896836709231138
0.0002919497201219201
7.203856512205675e-05
0.00024021331046242267
0.00035302300238981843
0.0002992399677168578
0.0002525781746953726
0.00010285346070304513
7.344111509155482e-05
0.00021791468316223472
0.0005272754351608455
0.0003440270957071334
0.0002360948419664055
7.108483259798959e-05
9.567521919962019e-05
0.00011060299584642053
0.00011503131099743769
0.00011811318108811975
7.75253283791244e-05
6.499222217826173e-05
8.602048183092847e-05
0.000138752133352682
0.00020258859149180353
0.0003282904508523643
0.0002517534594517201
8.47390983835794e-05
3.471584932412952e-05
