0.00010325187031412497
0.00032148623722605407
0.0004313484241720289
0.00040898952283896506
0.00020681400201283395
0.00011711081606335938
0.000149021580000408
0.00017479850794188678
0.0002988959022331983
0.00043560497579164803
0.0002468945749569684
0.0001913617306854576
0.0002855581697076559
0.0005449809832498431
0.0006906251073814929
0.0006608203984797001
0.0005316663882695138
0.00023549329489469528
0.0003131382691208273
0.00017210561782121658
0.0001729583746055141
0.0002504836884327233
0.00034618168137967587
0.00042769499123096466
0.00040518230525776744
0.0002987724437844008
0.00014518982789013535
0.00016213445633184165
0.0005516863311640918
0.001289191422984004
0.0029316614381968975
0.004591758828610182
0.0049841878935694695
0.004480394534766674
0.0033797086216509342
0.0026733223348855972
0.002131153829395771
0.0012844789307564497
0.00035151196061633527
7.586785068269819e-05
0.0002483087300788611
0.00035595527151599526
0.00034044121275655925
0.0002296263846801594
6.428529013646767e-05
0.0001435610029147938
0.00032111225300468504
0.0005573641392402351
0.00043018703581765294
0.00011780181375797838
7.200676918728277e-05
0.00011565592285478488
0.00011285828804830089
0.00012094818521291018
0.00011126125900773332
8.428747241850942e-05
7.71213963162154e-05
6.527267396450043e-05
0.00017004107940010726
0.00016434113786090165
0.0003129587566945702
0.0003863699676003307
0.00012611705460585654
4.076737241121009e-05
