4.055668614455499e-05
4.758661816595122e-05
6.488557119155303e-05
6.111832772148773e-05
4.9504309572512284e-05
3.9256363379536197e-05
4.500119757722132e-05
7.489104609703645e-05
9.640384814701974e-05
7.919155177660286e-05
5.162869638297707e-05
6.63049504510127e-05
8.183395402738824e-05
8.998742850963026e-05
9.727569704409689e-05
9.205053356708959e-05
6.462937744800001e-05
5.134445018484257e-05
6.123333878349513e-05
7.131672464311123e-05
8.264182542916387e-05
8.719552715774626e-05
0.00010258416295982897
0.00011084237485192716
8.372075535589829e-05
7.196062506409362e-05
4.081973747815937e-05
4.883108340436593e-05
7.941409421619028e-05
0.0001106944473576732
0.00016188761219382286
0.00017918195226229727
0.000187051176908426
0.00015032311785034835
0.00013988326827529818
0.00014299247413873672
5.316962779033929e-05
6.913248944329098e-05
6.0769569245167077e-05
4.290672586648725e-05
5.2262981625972316e-05
6.609209958696738e-05
6.462304736487567e-05
6.612286961171776e-05
4.884604277322069e-05
4.90854108647909e-05
6.332781777018681e-05
9.722683171276003e-05
0.00010266464232699946
5.983079245197587e-05
4.215649823890999e-05
4.450750202522613e-05
4.603346678777598e-05
5.0341161113465205e-05
4.9740203394321725e-05
3.978652603109367e-05
3.740219472092576e-05
4.301331864553504e-05
4.2571828089421615e-05
4.2075484088854864e-05
5.350437277229503e-05
5.181944652576931e-05
4.064488166477531e-05
3.2718620786909014e-05
