9.903853788273409e-05
0.0002372436720179394
0.00036431793705560267
0.00034791993675753474
0.00016596526256762445
9.9760371085722e-05
0.00012420957500580698
0.0001690259377937764
0.0003668614663183689
0.0003509195812512189
0.00022232804622035474
0.00015895534306764603
0.00024299000506289303
0.0005283445352688432
0.0006009050412103534
0.0005797101766802371
0.00043351048952899873
0.00025196478236466646
0.00026239227736368775
0.0001511665468569845
0.0001812859991332516
0.00021063172607682645
0.00034035518183372915
0.00041410670382902026
0.0004065965476911515
0.00036319612991064787
0.00020931240578647703
0.00012460604193620384
0.0003966328804381192
0.00099105853587389
0.0021990893874317408
0.003978566732257605
0.004740477539598942
0.004289774689823389
0.0034884302876889706
0.0025205526035279036
0.0020348569378256798
0.001174221164546907
0.00019068656547460705
6.681360537186265e-05
0.00019270624034106731
0.00037280714605003595
0.00032175384694710374
0.00015792212798260152
7.815834396751598e-05
0.00012266583507880569
0.000341922277584672
0.0005206405185163021
0.0005112153594382107
0.00019686107407324016
7.393013220280409e-05
0.00010711720096878707
0.0001261619181605056
0.00010729672794695944
0.00012276224151719362
8.847641583997756e-05
6.880815635668114e-05
0.00010066488175652921
0.00014643342001363635
0.00021917378762736917
0.0003596355381887406
0.0002452014305163175
6.661911902483553e-05
3.4972741559613496e-05
