0.00013505594688467681
0.0004168501473031938
0.0008434582268819213
0.0003978596650995314
0.0003355491498950869
0.0003480860323179513
0.00021064389147795737
0.00019599196093622595
0.00034336428507231176
0.00038280937587842345
0.0002527876349631697
0.00023516413057222962
0.00028637395007535815
0.0004857034655287862
0.0006735348142683506
0.0008206733618862927
0.00037640624213963747
0.0006166271050460637
0.0002879896783269942
0.00045427566510625184
0.00022476659796666354
0.0003729055169969797
0.00038699829019606113
0.00026430722209624946
0.0006371080526150763
0.0003690157609526068
0.00018519606965128332
0.0002045817527687177
0.0009958258597180247
0.001190803712233901
0.0021761704701930285
0.0049498314037919044
0.006325612775981426
0.0032367976382374763
0.0067442855797708035
0.0018815594958141446
0.00451160641387105
0.002023450331762433
0.0009021033765748143
0.0004944101092405617
0.0005422920803539455
0.00038556207437068224
0.0004563925904221833
0.0002818259526975453
0.00013177210348658264
0.00016601670358795673
0.00047602824633941054
0.0005789846181869507
0.00045459947432391346
0.00033554446417838335
0.00010813322296598926
0.00021284307877067477
0.00022704058210365474
0.00010723128070821986
0.00024264534295070916
7.722611917415634e-05
6.567661330336705e-05
0.00011459745292086154
0.00015270186122506857
0.00017364656378049403
0.00023794679145794362
0.0002599842846393585
0.00011303262726869434
3.560343247954734e-05
