9.502458851784468e-05
0.00038993332418613136
0.0003901840827893466
0.00036041534622199833
0.00025960960192605853
9.404172305949032e-05
0.00013796811981592327
0.00017321269842796028
0.0003106997173745185
0.0004071800212841481
0.00024007121101021767
0.00015564907516818494
0.00020751715055666864
0.0004250128986313939
0.0006527024670504034
0.0004933674936182797
0.0005723739159293473
0.0002274613652843982
0.0002562775043770671
0.00015029740461613983
0.00018115525017492473
0.00021176697919145226
0.0002843044640030712
0.0004128121945541352
0.000388391490560025
0.000327829533489421
0.00016539303760509938
0.00012973934644833207
0.0004620673134922981
0.0011693867854773998
0.002797503024339676
0.004016558174043894
0.004743386525660753
0.004517029505223036
0.0037254930939525366
0.002621889114379883
0.002285634633153677
0.0009108459344133735
0.00023396637698169798
6.622284854529426e-05
0.0003301820543128997
0.000409335654694587
0.0003333293425384909
0.00027080808649770916
9.17013458092697e-05
0.00011562972940737382
0.0003227878187317401
0.0005239617312327027
0.0004584496491588652
0.00021532650862354785
8.288118260679767e-05
9.619603952160105e-05
0.00011920060933334753
0.00012451627117116004
0.00012511468958109617
8.436228381469846e-05
6.699313962599263e-05
9.787160524865612e-05
0.00015536481805611402
0.00018775431090034544
0.0003195713215973228
0.0003359530819579959
0.00011724546493496746
3.504965570755303e-05
