0.00013427052181214094
0.00039734478923492134
0.0008499809773638844
0.00085547158960253
0.0006865524919703603
0.00042947116889990866
0.0004421726625878364
0.0002284019865328446
0.0003179406048730016
0.0004417471354827285
0.0002575461403466761
0.0001915617031045258
0.00029251116211526096
0.0006287899450398982
0.0006065736524760723
0.0009107355726882815
0.0007122995448298752
0.0005285546067170799
0.0006104633794166148
0.00035942610702477396
0.00018479213758837432
0.0001516246993560344
0.00031552344444207847
0.0004473541921470314
0.000404951540986076
0.0004397490411065519
0.0003154571750201285
0.00014101389388088137
0.00033864594297483563
0.0007967066485434771
0.002004602923989296
0.0043406253680586815
0.006479932460933924
0.006248232908546925
0.005646856501698494
0.005213560536503792
0.004734535235911608
0.0035774153657257557
0.0012915253173559904
0.00030993676045909524
0.0001800197351258248
0.0004728117783088237
0.0004925745888613164
0.000635761593002826
0.0005077744135633111
0.00014917447697371244
0.00027365959249436855
0.0007188222953118384
0.0006985208601690829
0.000401805795263499
0.00024345549172721803
0.00023625635367352515
0.00015222313231788576
0.00022651907056570053
0.00024642437347210944
0.00011608508793869987
9.127215889748186e-05
0.00010826448124134913
0.0001380704779876396
0.00018928029749076813
0.00042116810800507665
0.0005470159230753779
0.00017004106484819204
6.829469202784821e-05
