0.00010276463581249118
0.00035441434010863304
0.0003997745516244322
0.0003933565167244524
0.0002202736504841596
0.00011630916560534388
0.0001363298506475985
0.00017065445717889816
0.0003454576653894037
0.000399772688979283
0.00023581025016028434
0.00019755345419980586
0.000267942639766261
0.0005931989871896803
0.0007582133403047919
0.0007680465932935476
0.0004451544373296201
0.00030694279121235013
0.0003252067544963211
0.0002575899416115135
0.00018036381516139954
0.000234206672757864
0.00028676295187324286
0.0004218562680762261
0.0004225145385134965
0.0003750448813661933
0.00027147328364662826
0.00011729035031748936
0.0005158152198418975
0.0011770285200327635
0.0026465298142284155
0.004348987713456154
0.005033920984715223
0.004461829084903002
0.003306414233520627
0.0028152940794825554
0.0020858915522694588
0.00137821224052459
0.0003340985276736319
7.812374678906053e-05
0.0002767693076748401
0.0004377144214231521
0.0003663100069388747
0.0002618994330987334
0.00010852548439288512
0.00010218776878900826
0.00038796235457994044
0.0005574881797656417
0.0004381127655506134
0.00018168595852330327
8.890372555470094e-05
0.00012071069068042561
0.00012759811943396926
0.00013645474973600358
0.00012083938781870529
8.916625665733591e-05
6.178594048833475e-05
0.00011447964061517268
0.0001513572788098827
0.0002072618663078174
0.00034997196053154767
0.00027633545687422156
8.847641583997756e-05
3.756582736968994e-05
