0.00010333219688618556
0.0004130894085392356
0.0003932068357244134
0.0003821809950750321
0.00022624770645052195
0.00011713983985828236
0.00016089460405055434
0.00017776069580577314
0.0003355790686327964
0.00041279022116214037
0.00022260054538492113
0.00017151795327663422
0.00032548067974857986
0.0005579519784078002
0.0006123508210293949
0.0006200950592756271
0.0005151383811607957
0.0002813827304635197
0.00027310397126711905
0.00016688441974110901
0.0001787929650163278
0.000235399988014251
0.00032719934824854136
0.0004243031144142151
0.0003862801822833717
0.00033140505547635257
0.0002256791922263801
0.00011133607040392235
0.0005292213754728436
0.0016859141178429127
0.002956792712211609
0.004804933909326792
0.00492426473647356
0.004495601635426283
0.003669602330774069
0.002650298411026597
0.002254862105473876
0.0014236265560612082
0.00039926593308337033
8.207480277633294e-05
0.00043924132478423417
0.0003877079871017486
0.00033272532164119184
0.00023960930411703885
9.368267637910321e-05
0.00010285345342708752
0.0002877952065318823
0.0005407474236562848
0.00041820379556156695
0.0001835780421970412
6.83349062455818e-05
0.00010460850899107754
0.00011814309982582927
0.00012454618990886956
0.00012520446034613997
8.419771620538086e-05
7.920090138213709e-05
7.100254151737317e-05
0.00016555291949771345
0.00017258437583222985
0.00034616628545336425
0.0002620455634314567
9.436564141651616e-05
3.877997733070515e-05
