9.257559577235952e-05
0.00028255852521397173
0.00039280299097299576
0.00037844086182303727
0.0003103406634181738
0.00010232984641334042
0.00012544382479973137
0.00016814142873045057
0.00038509833393618464
0.00038660934660583735
0.000253640377195552
0.0001785709464456886
0.00027618586318567395
0.0005714613362215459
0.0006900233565829694
0.0005188751383684576
0.0006897690473124385
0.0001897889596875757
0.00030146908829919994
0.00016311438230331987
0.000157743546878919
0.00022504229855258018
0.0002918881655205041
0.0004016642633359879
0.00036569268559105694
0.0002987088810186833
0.0001666010939516127
0.00015986138896550983
0.0005207003559917212
0.001191484509035945
0.0022667108569294214
0.004024151246994734
0.004443660378456116
0.004042328335344791
0.0032035675831139088
0.0023752343840897083
0.0018822707934305072
0.001052268547937274
0.0002420160744804889
6.612542347284034e-05
0.00024584034690633416
0.000376819574739784
0.000309819879475981
0.00022514436568599194
0.00010468799155205488
0.00013663750723935664
0.0004119486839044839
0.000439813535194844
0.00042900460539385676
0.00025410603848285973
9.775754006113857e-05
0.00013571607996709645
0.0001203927822643891
0.00013762354501523077
0.00012533884728327394
0.00012203002552269027
8.294290455523878e-05
0.00013067717372905463
0.00015584356151521206
0.00020521323313005269
0.0003215460747014731
0.00029023378738202155
9.879074787022546e-05
4.0199807699536905e-05
