0.00011809820716734976
0.00047405349323526025
0.00032361061312258244
0.00039908639155328274
0.0002810480073094368
9.797633538255468e-05
0.00014642153109889477
0.00019493052968755364
0.00032023864332586527
0.0003765109577216208
0.00029906045529060066
0.0002541939029470086
0.0003246175474487245
0.000612195988651365
0.0007067616679705679
0.0008681982872076333
0.0006771273910999298
0.0004098429926671088
0.00037850072840228677
0.0003238948993384838
0.0003879557771142572
0.00032417915645055473
0.0003367459576111287
0.0005167612689547241
0.00046204475802369416
0.0002290069533046335
0.00021186696540098637
0.00023420665820594877
0.0006122735794633627
0.001474447431974113
0.0028382320888340473
0.0046693673357367516
0.005454240366816521
0.0047622122801840305
0.004013155121356249
0.0024050739593803883
0.0015522870235145092
0.0008702220511622727
0.00025271595222875476
0.00011636278941296041
0.00023094529751688242
0.00038777670124545693
0.0003062018658965826
0.00020790610869880766
8.059223182499409e-05
0.0001579426316311583
0.00047942425590008497
0.0005311875720508397
0.00041777946171350777
0.0001583118282724172
6.636479520238936e-05
0.0001154938800027594
0.0001195703080156818
0.00012659578351303935
0.00010349675721954554
7.822846964700148e-05
7.479875057470053e-05
0.0001265387109015137
0.0001646403397899121
0.00018928029749076813
0.00033065275056287646
0.00012613106810022146
7.821351755410433e-05
3.8418573240051046e-05
