9.580705955158919e-05
0.0004060514329466969
0.00039365573320537806
0.00037253147456794977
0.00024231270072050393
0.00010692566866055131
0.00013832961849402636
0.000168440310517326
0.00031506820232607424
0.0004158570955041796
0.00022587762214243412
0.00016760303697083145
0.00024160956672858447
0.0005547205801121891
0.0006158790201880038
0.000519413675647229
0.0006388882757164538
0.00034687237348407507
0.00026683553005568683
0.00016498797049280256
0.0002228666126029566
0.000210868296562694
0.00029045817791484296
0.0004159019736107439
0.00040373910451307893
0.00034194905310869217
0.0002103688893839717
0.0001596809015609324
0.0006607455434277654
0.0012572507839649916
0.0024907742626965046
0.003971445374190807
0.004589143209159374
0.004153888206928968
0.0033458000980317593
0.002371329814195633
0.0020064429845660925
0.0012242479715496302
0.0002115131646860391
8.398995123570785e-05
0.0003266326675657183
0.0004305932088755071
0.000340770318871364
0.0002568054187577218
9.287351713282987e-05
0.00011357872426742688
0.0004227099707350135
0.0005377935594879091
0.0004047956899739802
0.00017553158977534622
7.635841029696167e-05
8.811736188363284e-05
0.00012107535440009087
0.000109196720586624
0.00013790592493023723
8.315159357152879e-05
5.325939491740428e-05
0.00010982505045831203
0.00015136650472413749
0.0002729739935602993
0.00034397191484458745
0.0002712339046411216
8.171716035576537e-05
3.603415098041296e-05
