0.00013732245133724064
0.0006095507415011525
0.000746648816857487
0.0008850248996168375
0.0005087699391879141
0.0004855034640058875
0.0002496234665159136
0.0002279681502841413
0.00041377529851160944
0.000453730346634984
0.00023392241564579308
0.00019791250815615058
0.00024650420527905226
0.0006059122388251126
0.0006117653101682663
0.0008776878239586949
0.0006844935123808682
0.0005915532819926739
0.0006069625960662961
0.0003672654274851084
0.00019366371270734817
0.00014929086319170892
0.0002597442362457514
0.0004634913639165461
0.00038909274735488
0.0004213342326693237
0.00030923227313905954
0.00013819016749039292
0.0002390838199062273
0.0007008659304119647
0.0021373024210333824
0.004522156435996294
0.0065500070340931416
0.006648073438555002
0.006171447224915028
0.005439564120024443
0.00474193599075079
0.00305032916367054
0.000985958962701261
0.0002205477503594011
0.00028348658815957606
0.0004911496071144938
0.0005889449384994805
0.0006087195361033082
0.0004491616855375469
0.00013926079554948956
0.0002675854484550655
0.0006454709800891578
0.0007286962354555726
0.0004896273603662848
0.00023067240545060486
0.000194958716747351
0.00014849609578959644
0.00021897688566241413
0.0002572757948655635
0.00012879229325335473
6.419551937142387e-05
8.482606062898412e-05
0.00010553139873081818
0.0002026680449489504
0.0005891895270906389
0.0004327083006501198
0.0001342685573035851
3.06839938275516e-05
