9.492439130553976e-05
0.00030915532261133194
0.000373040180420503
0.0003558056487236172
0.00020466784189920872
9.493935067439452e-05
0.00014790537534281611
0.00015936554700601846
0.00029708753572776914
0.000327289046254009
0.00021861128334421664
0.00018093232938554138
0.0002822747337631881
0.0005118437111377716
0.0006011130753904581
0.0005451607867144048
0.00033299834467470646
0.00020699351443909109
0.0002213888947153464
0.0001589040766702965
0.00017701728211250156
0.0002027219015872106
0.0003345691948197782
0.0003853554662782699
0.00036752066807821393
0.0003047014761250466
0.00016386708011850715
0.00015402772987727076
0.0005031890468671918
0.0012106357607990503
0.002811141312122345
0.004233425948768854
0.004635138437151909
0.004124319180846214
0.003443119116127491
0.0023754287976771593
0.0018200863851234317
0.0009313671034760773
0.00018812366761267185
0.00010521254444029182
0.0002922833664342761
0.0004213476204313338
0.0003267686115577817
0.00019266977324150503
0.00011527066817507148
0.00011977378744632006
0.00037637041532434523
0.0005217529833316803
0.00036820414243265986
0.0001654884108575061
7.430881669279188e-05
9.888893691822886e-05
0.00010873294377233833
0.00010228496103081852
0.00010541047231527045
8.044422429520637e-05
5.3869964176556095e-05
0.00010689279588405043
0.00013323823804967105
0.00018803856801241636
0.00030422184499911964
0.0003076178836636245
9.519368904875591e-05
3.750598261831328e-05
