0.0001014023000607267
0.0003413360973354429
0.0003984292852692306
0.0003681480884552002
0.00023143898579292
0.0001011479616863653
0.00012667151167988777
0.00015497584536205977
0.0002463845012243837
0.00042374132317490876
0.00022419427114073187
0.0001689028722466901
0.0002715130103752017
0.0005986894248053432
0.0005324845551513135
0.0005709676188416779
0.0004057587939314544
0.0002349397400394082
0.00025660256505943835
0.00015952384273987263
0.00018123154586646706
0.00021900680440012366
0.0002319326886208728
0.0003980242181569338
0.00037853067624382675
0.0003333200002089143
0.00023046653950586915
0.0001052321822498925
0.0002901589614339173
0.0010873343562707305
0.0026137258391827345
0.004244199953973293
0.004786343313753605
0.004341389052569866
0.0035414844751358032
0.002462139120325446
0.002177816815674305
0.0010054879821836948
0.00026664105826057494
6.748683517798781e-05
0.00019955815514549613
0.0004096185730304569
0.0003021573065780103
0.0003156815655529499
0.0001231398928212002
6.316325016086921e-05
0.00019040232291445136
0.0005131540237925947
0.00044061653898097575
0.00013908591063227504
7.470901618944481e-05
0.00010632429621182382
0.0001231398928212002
0.00011760451161535457
0.00012931859237141907
8.153473754646257e-05
6.335396028589457e-05
0.0001088792851078324
0.00015073582471814007
0.000247143761953339
0.0003533577546477318
0.00022938940674066544
8.426222484558821e-05
3.4917815355584025e-05
