0.00010473568545421585
0.00034603645326569676
0.000441177049651742
0.00039277866017073393
0.0002253949351143092
0.00011826278205262497
0.00014932078192941844
0.00016746786423027515
0.00029545495635829866
0.0004349018563516438
0.000265145004959777
0.0001832011475926265
0.00028408909565769136
0.0006767084705643356
0.000612378295045346
0.0005955029046162963
0.0005784066743217409
0.00023914365738164634
0.0002918943646363914
0.0001635837252251804
0.00019872239499818534
0.00023027206771075726
0.0003241193189751357
0.0004592874611262232
0.00043729550088755786
0.00038315344136208296
0.00026430722209624946
0.00015825477021280676
0.0005180841544643044
0.0012170160189270973
0.0035555448848754168
0.004815838299691677
0.005207743030041456
0.004842067137360573
0.0034879730083048344
0.002766840625554323
0.0024029111955314875
0.0015306690474972129
0.00025873060803860426
6.679970829281956e-05
0.00022139662178233266
0.00037932355189695954
0.0003377632820047438
0.0002765748358797282
0.00010699285485316068
0.00010402037878520787
0.00028733143699355423
0.0005320104537531734
0.0005633826367557049
0.0002796417393255979
8.336067548952997e-05
0.00010537201160332188
0.00012566189980134368
0.00015321705723181367
0.0001217934550368227
8.867090218700469e-05
7.724107126705348e-05
8.232764230342582e-05
0.00016100492211990058
0.0001653434883337468
0.00028540153289213777
0.0004048162663821131
9.017383126774803e-05
3.84953964385204e-05
