9.550785034662113e-05
0.00032216147519648075
0.0003626566322054714
0.0003611414285842329
0.00018160554463975132
0.00010008576646214351
0.00013446500815916806
0.00016085531387943774
0.00033535220427438617
0.00036414104397408664
0.00018275095499120653
0.00017669476801529527
0.00027648694231174886
0.0005456544458866119
0.0006293285987339914
0.0005194137338548899
0.0005541969439946115
0.0001950849691638723
0.00024457075051032007
0.00015359948156401515
0.00018307167920283973
0.00022198393708094954
0.0002419412776362151
0.00041030478314496577
0.0004032979195471853
0.0003003779274877161
0.0001792866678442806
0.00014267832739278674
0.00041118942317552865
0.001040428294800222
0.0022245370782911777
0.0039872280322015285
0.0046667493879795074
0.004191843327134848
0.003375987522304058
0.002429630607366562
0.0019428010564297438
0.0010797743452712893
0.00026973788044415414
6.998523167567328e-05
0.00021842335991095752
0.00038951117312535644
0.00033482920844107866
0.00015129368694033474
7.830139657016844e-05
0.00012355599028524011
0.0003327412123326212
0.0005240599275566638
0.000431468419265002
0.00018040870781987906
7.493716839235276e-05
8.864098344929516e-05
0.0001214344083564356
0.00011384942627046257
0.0001316673879045993
8.080077532213181e-05
6.501530151581392e-05
0.00014860735973343253
0.00014383866800926626
0.0002191199455410242
0.0003408750344533473
0.0002663717605173588
9.303937258664519e-05
3.80380151909776e-05
