3.652640225482173e-05
6.20541104581207e-05
6.350265903165564e-05
6.042547101969831e-05
5.472552220453508e-05
4.295160761103034e-05
4.494077802519314e-05
5.282445272314362e-05
5.4949930927250534e-05
5.168854113435373e-05
4.775392881128937e-05
4.082721716258675e-05
4.203901698929258e-05
3.860747528960928e-05
3.825696330750361e-05
5.056369991507381e-05
4.073745367350057e-05
4.360987077234313e-05
4.362483014119789e-05
3.9675254811299965e-05
4.091698065167293e-05
4.380693280836567e-05
4.677902325056493e-05
4.4933090975973755e-05
3.927787111024372e-05
4.87516081193462e-05
4.1829567635431886e-05
4.5330325519898906e-05
4.9519268941367045e-05
5.809163485537283e-05
4.567914947983809e-05
4.751739470520988e-05
5.544362647924572e-05
3.9256363379536197e-05
4.096185875823721e-05
4.751455708174035e-05
4.631772026186809e-05
4.1889412386808544e-05
4.553012695396319e-05
4.144888953305781e-05
4.543302929960191e-05
4.1121747926808894e-05
4.333122706157155e-05
4.49843610113021e-05
3.7191814044490457e-05
3.458868377492763e-05
3.590521009755321e-05
3.681780071929097e-05
3.571072011254728e-05
3.7191814044490457e-05
3.5834174923365936e-05
3.528808883856982e-05
3.647370613180101e-05
3.503160041873343e-05
3.669811849249527e-05
3.550344263203442e-05
3.5744222259381786e-05
3.511323666316457e-05
3.686268246383406e-05
3.478317375993356e-05
3.719181040651165e-05
3.747606388060376e-05
3.535166979418136e-05
3.20038634527009e-05
