0.0001198336249217391
0.0005608263309113681
0.0005165254115127027
0.000522884598467499
0.0003872825764119625
0.00014731606643181294
0.00020113747450523078
0.00021962758910376579
0.00047983849071897566
0.00047249760245904326
0.00028818417922593653
0.00019605347188189626
0.00031747741741128266
0.0007779312436468899
0.0007524684187956154
0.0006716517964377999
0.000507177843246609
0.00033001438714563847
0.0002693339192774147
0.00022120600624475628
0.0002479553804732859
0.0002979683631565422
0.0003091737744398415
0.0005005335551686585
0.00044938360224477947
0.0004005225782748312
0.00020170665811747313
0.0001624267315492034
0.0006740903481841087
0.0012305163545534015
0.003334047505632043
0.005864133592694998
0.005750218406319618
0.0053442358039319515
0.004581175744533539
0.003095099003985524
0.0020719252061098814
0.0011368338018655777
0.00040370921487919986
6.216089241206646e-05
0.00033535220427438617
0.0003973088751081377
0.00040261802496388555
0.0003034139808733016
0.00012861545837949961
8.1444981333334e-05
0.0004618370730895549
0.0007126763230189681
0.0005503034335561097
0.00023851529113017023
8.714493742445484e-05
0.00010200071847066283
0.00015261207590810955
0.00013699333067052066
0.00016404192137997597
9.753448102856055e-05
7.446033123414963e-05
0.00015457191329915076
0.00020147309987805784
0.00023151379718910903
0.00038144795689731836
0.0003008332278113812
0.00011064829595852643
3.6066969187231734e-05
