0.00010664878209354356
0.0003217854828108102
0.0004081075603608042
0.00039353605825453997
0.00022297333634924144
0.00010404139175079763
0.0001437853934476152
0.00016858991875778884
0.00030151402461342514
0.0004388514207676053
0.00026324501959607005
0.0001850314874900505
0.00023751295520924032
0.000461322080809623
0.0005908139864914119
0.0006118192104622722
0.0004832575796172023
0.0002467089507263154
0.00021106090571265668
0.00015913018432911485
0.0001986465067602694
0.00021876614482607692
0.00026476065977476537
0.0004051753203384578
0.00038096922799013555
0.0003023100143764168
0.0001851287524914369
0.00018200949125457555
0.00043906085193157196
0.0011695672292262316
0.002599582076072693
0.004445599392056465
0.005367334000766277
0.004808455239981413
0.0037452424876391888
0.0027685908135026693
0.0021528915967792273
0.001170898787677288
0.00026578831602819264
7.080806972226128e-05
0.0002711591077968478
0.00042864831630140543
0.0003591717395465821
0.00028821409796364605
0.00011515099322423339
0.00012756821524817497
0.00034397191484458745
0.0005877233925275505
0.0005063831340521574
0.00023616649559699
8.39733038446866e-05
9.576218144502491e-05
0.00012892961967736483
0.0001247705949936062
0.00013244534784462303
8.920948312152177e-05
7.219938561320305e-05
0.00010280858259648085
0.00015759393863845617
0.000200500653591007
0.0003351002815179527
0.00033360428642481565
0.0001147769798990339
4.115634146728553e-05
