9.839336416916922e-05
0.00030879973201081157
0.000420257420046255
0.0003851488290820271
0.0002474299108143896
0.00010831218241946772
0.00013652954658027738
0.0001639072725083679
0.0002851771132554859
0.00043186487164348364
0.0002734032168518752
0.00018772439216263592
0.00023175316164270043
0.0004397340817376971
0.0007030090200714767
0.00044470097054727376
0.00044560825335793197
0.00016861982294358313
0.00026284548221156
0.00016645701543893665
0.00018568977247923613
0.0002230760728707537
0.00026746385265141726
0.0003873423847835511
0.00036527562770061195
0.000318688660627231
0.0002109879715135321
0.00010934632155112922
0.0003345467848703265
0.000937500037252903
0.002053388860076666
0.0037663669791072607
0.004929994232952595
0.0045067016035318375
0.003939265385270119
0.002644538413733244
0.0022740564309060574
0.0013879458419978619
0.00038487391429953277
5.4755440942244604e-05
0.0001489467831561342
0.00043404908501543105
0.0003465309855528176
0.0003367309982422739
9.399645205121487e-05
0.00011487856681924313
0.00030350216547958553
0.0005476806545630097
0.00043800147250294685
0.00020910573948640376
8.256702130893245e-05
9.701887029223144e-05
0.00013627522275783122
0.00011438800720497966
0.00015273179451469332
8.766854443820193e-05
7.262978033395484e-05
0.0001088792851078324
0.00015732733299955726
0.0001861854107119143
0.0003544545324984938
0.00027439059340395033
0.00010054954327642918
3.873274181387387e-05
