9.92035202216357e-05
0.00037161889486014843
0.0003793310315813869
0.00039446359733119607
0.0003285924904048443
0.00012265457189641893
0.00014182149607222527
0.0001777864235918969
0.00040781585266813636
0.00034790553036145866
0.00023472578322980553
0.00019142992096021771
0.00030374774360097945
0.0005656267167069018
0.00065274175722152
0.0004686826723627746
0.0005175586557015777
0.00020953679631929845
0.00034823562600649893
0.00019152436289004982
0.00019518968474585563
0.00022662465926259756
0.0003135778824798763
0.00038572310586459935
0.00038538724766112864
0.00028414855478331447
0.00017575692618265748
0.00019769277423620224
0.0005255176802165806
0.0011538288090378046
0.00238967128098011
0.004048626404255629
0.004795319866389036
0.004548307508230209
0.003951787017285824
0.002972517628222704
0.0022709446493536234
0.0008961197454482317
0.00017864785331767052
5.8131510741077363e-05
0.00024493993259966373
0.0003698685031849891
0.0003700180968735367
0.00029264239128679037
0.00011721554619725794
0.00014242142788134515
0.0003353060455992818
0.0005306211533024907
0.00037174890167079866
0.00017654889961704612
7.366552017629147e-05
0.00010786522761918604
0.00012442650040611625
0.00011295179865555838
0.00014209485379979014
9.516376303508878e-05
8.686068031238392e-05
6.078452497604303e-05
0.00016139607760123909
0.0002016681683016941
0.00031125510577112436
0.00019877366139553487
7.728408672846854e-05
3.619413109845482e-05
