0.0001009160841931589
0.00031696975929662585
0.00033420362160541117
0.000359889876563102
0.0002611056843306869
8.389850700041279e-05
0.00016678773681633174
0.00016932297148741782
0.0002363011590205133
0.0004639401740860194
0.0002198894799221307
0.00017394073074683547
0.0003538504824973643
0.0005550562054850161
0.0005041240365244448
0.000608511851169169
0.0004420548502821475
0.0002649654634296894
0.0002535954990889877
0.00015843173605389893
0.00016948753909673542
0.0002077116077998653
0.0002323216467630118
0.00038529280573129654
0.00037559610791504383
0.0003065094933845103
0.00016938742191996425
0.00019246313604526222
0.0005243301275186241
0.0011781546054407954
0.0024331463500857353
0.0040460387244820595
0.0045817140489816666
0.004195209592580795
0.003422260284423828
0.002413877286016941
0.0017685808707028627
0.0009073761175386608
0.00025504667428322136
9.359025716548786e-05
0.00029377255123108625
0.0003721631655935198
0.0003258584765717387
0.00023778223840054125
8.309775148518384e-05
0.0001314280234510079
0.00031734665390104055
0.0005254269344732165
0.00039147151983343065
0.00017901738465297967
7.49970058677718e-05
7.978436769917607e-05
0.00012303517723921686
0.00011620917939580977
7.791991083649918e-05
8.251371764345095e-05
7.221435225801542e-05
7.694186933804303e-05
0.00015762387192808092
0.00015149005048442632
0.00033251408603973687
0.00025919979088939726
7.311197987291962e-05
3.5195789678255096e-05
