9.940349991666153e-05
0.0004032603756058961
0.0003833388036582619
0.0003553575079422444
0.00013302972365636379
0.00010611485049594194
0.0001340304734185338
0.0001673338410910219
0.0003183311491739005
0.0003027108032256365
0.00022216347861103714
0.0001580128155183047
0.0002741672215051949
0.0005300519405864179
0.0005808613495901227
0.0006332463235594332
0.0004454639565665275
0.00024973569088615477
0.00027002213755622506
0.0001625159493414685
0.0001691284851403907
0.00021501234732568264
0.0003045635821763426
0.00039562961319461465
0.000379193079425022
0.0002946171734947711
0.00018440315034240484
0.0001320862938882783
0.00035990483593195677
0.001181981759145856
0.0024722737725824118
0.004414905793964863
0.004597322549670935
0.004133475013077259
0.003108022268861532
0.0023693249095231295
0.0018029670463874936
0.0009095686837099493
0.0002451577747706324
6.492857937701046e-05
0.00017403553647454828
0.00040177928167395294
0.00032017711782827973
0.0002381484373472631
7.195908983703703e-05
0.00012751398026011884
0.00032328153611160815
0.0005153145175427198
0.0004598709347192198
0.00023245631018653512
7.822847692295909e-05
7.028444815659896e-05
0.00010674876830307767
0.00011620917939580977
9.058866271516308e-05
8.17666295915842e-05
6.326423317659646e-05
9.93227877188474e-05
0.00014644836483057588
0.0001918983762152493
0.0003070044913329184
0.0003211272123735398
0.00011462737893452868
4.0587849071016535e-05
