0.00010093851597048342
0.000420524796936661
0.0004072248993907124
0.0003747551527339965
0.00023428734857589006
0.00010370297968620434
0.00014666811330243945
0.0001661064598010853
0.0002923132851719856
0.00044097579666413367
0.0002645914501044899
0.0001690088101895526
0.00022570911096408963
0.00042603028123266995
0.000723325414583087
0.0004862163623329252
0.0007102498784661293
0.0001984660339076072
0.0003500907332636416
0.00017177945119328797
0.00019817629072349519
0.00022557444754056633
0.0003513773554004729
0.00043074824498035014
0.00041989595047198236
0.000360095378709957
0.000146238919114694
0.00015820731641724706
0.0004425017978064716
0.001015309477224946
0.0026652708183974028
0.004699307028204203
0.0052816858515143394
0.004922529216855764
0.004188327584415674
0.0028579053469002247
0.0024596713483333588
0.0010258773108944297
0.0002647991059347987
7.036080933175981e-05
0.00024128652876242995
0.0003779481048695743
0.000334346666932106
0.00022228316811379045
7.527261914219707e-05
0.00012693867029156536
0.0003392825019545853
0.000598076032474637
0.0004762526950798929
0.00023686964414082468
8.849137520883232e-05
0.00010764081525849178
0.0001453113800380379
0.00013750662037637085
0.00013203805428929627
9.134291758527979e-05
6.4233856392093e-05
0.00011204762267880142
0.0001602718693902716
0.00019918414182029665
0.0003146493108943105
0.0003477419668342918
0.00012676035112235695
4.26823171437718e-05
