9.544801287120208e-05
0.0003315142239443958
0.0004002383502665907
0.0003937221481464803
0.00015576876467093825
0.00012960797175765038
0.00014236524293664843
0.00014604443276766688
0.00030262532527558506
0.00034738288377411664
0.0002349795977352187
0.00022578015341423452
0.00033830187749117613
0.000647621403913945
0.0006282249232754111
0.0006878091371618211
0.0005475245416164398
0.00028701950213871896
0.0002971567737404257
0.00018063683819491416
0.00020859710639342666
0.00023256755957845598
0.0003310721949674189
0.00042935149394907057
0.00040017851279117167
0.00036412369809113443
0.0002622277243062854
0.00016553406021557748
0.00045958353439345956
0.0016620222013443708
0.0028175266925245523
0.00424863351508975
0.004842475522309542
0.004617439582943916
0.003884734120219946
0.0028001873288303614
0.002351821167394519
0.00131803541444242
0.00034955216688103974
5.483024870045483e-05
0.0002836122293956578
0.0004276488325558603
0.00036717148032039404
0.0003084861964453012
0.0001763132750056684
0.00015585571236442775
0.0005094350781291723
0.0009255165932700038
0.0006862233858555555
0.00031210604356601834
9.995112486649305e-05
0.0001130941673181951
0.00012236998009029776
0.00015560138854198158
0.0001583569246577099
7.502692460548133e-05
0.0001142383916885592
9.852987568592653e-05
0.00018000477575697005
0.00016772221715655178
0.00029135579825378954
0.00038852429133839905
0.00012916899868287146
4.027979957754724e-05
