9.525783389108256e-05
0.0003156815655529499
0.0003744090790860355
0.00035301162279210985
0.0001413431018590927
0.0001020455893012695
0.00013364217011258006
0.0001557538053020835
0.00032307676156051457
0.000367163767805323
0.00022684209397993982
0.00017271010437980294
0.0003204699023626745
0.000586825713980943
0.0005969241028651595
0.0005469111492857337
0.0005709526594728231
0.00020841477089561522
0.0003251515736337751
0.00016060099005699158
0.00018876203102990985
0.00022131967125460505
0.000307063281070441
0.00040007379720918834
0.00038907781708985567
0.00036056310636922717
0.00025580963119864464
0.00013399064482655376
0.0005304947844706476
0.0011759555200114846
0.0021010981872677803
0.003699852153658867
0.004575954284518957
0.004195778165012598
0.0034609781578183174
0.0024180663749575615
0.002018157159909606
0.0012277038767933846
0.0003244334948249161
5.94081575400196e-05
0.00013346265768632293
0.0003643704694695771
0.0002999641001224518
0.00022065821394789964
6.8112371081952e-05
0.0001102140304283239
0.0003065706405322999
0.0005030170432291925
0.0004159766249358654
0.00017750954430084676
7.484488742193207e-05
0.00010069821291835979
0.00010940615902654827
0.00014423608081415296
0.00011232346150791273
8.309063559863716e-05
6.915678386576474e-05
8.914318459574133e-05
0.0001399106258759275
0.0001540782250231132
0.00031505461083725095
0.0002855812490452081
9.428109478903934e-05
3.659562207758427e-05
