9.492439130553976e-05
0.00028604271938093007
0.0003810159978456795
0.0003609081031754613
0.00018513528630137444
0.0001097904605558142
0.00014444364933297038
0.0001682308648014441
0.00034744307049550116
0.0004321790183894336
0.00021594339341390878
0.0001717332925181836
0.0002624070621095598
0.0005066778976470232
0.0006153187714517117
0.0005912344786338508
0.0004511311708483845
0.0002173162647522986
0.0002525632153265178
0.00015430263010784984
0.0001840889744926244
0.0002214752894360572
0.00028501253109425306
0.0003912471001967788
0.0003801463753916323
0.00033085152972489595
0.00018372994964011014
0.00013219100947026163
0.0003989218093920499
0.0008728556567803025
0.0017832022858783603
0.003755909390747547
0.0047409385442733765
0.004319351632148027
0.003714693011716008
0.0025101632345467806
0.002159728202968836
0.0013450989499688148
0.0003524096100591123
7.035312592051923e-05
0.00023366435198113322
0.00037161711952649057
0.00031640060478821397
0.0002587844501249492
7.009930413914844e-05
0.00012818159302696586
0.0003973089042119682
0.0005651975516229868
0.00039899381226859987
0.0001865499943960458
0.00010870301048271358
0.00011022898979717866
0.00013172722538001835
0.00013041477359365672
0.00012433876690920442
8.387458365177736e-05
6.38923593214713e-05
9.472713281866163e-05
0.0001442996581317857
0.0002198034489993006
0.0003467610804364085
0.0002334895107196644
7.470902346540242e-05
3.287196523160674e-05
