0.00011543524306034669
0.0005253380513750017
0.0005088665639050305
0.00047583013656549156
0.00028548893169499934
0.0001575088535901159
0.00017511268379166722
0.00019933373550884426
0.00039711405406706035
0.000367695523891598
0.00025633323821239173
0.0001878141483757645
0.0003246534615755081
0.00082388985902071
0.0007386300130747259
0.0007581016980111599
0.0002953203220386058
0.0003110887482762337
0.00036880632978864014
0.00020573682559188455
0.00019049207912757993
0.0002677756710909307
0.0004048592527396977
0.0005205628694966435
0.00048537857946939766
0.000407978193834424
0.0002159280120395124
0.00017290601681452245
0.0006285057170316577
0.001993331825360656
0.0037430431693792343
0.0052297282963991165
0.005943897645920515
0.005391331855207682
0.0043737031519412994
0.003124890150502324
0.0026758357416838408
0.0018032046500593424
0.0003619400958996266
0.00010281847789883614
0.00033425234141759574
0.0004293365345802158
0.0004134428745601326
0.00032440354698337615
0.00012839103874284774
8.334495942108333e-05
0.00025235378416255116
0.0006130814435891807
0.000535175611730665
0.00022402704053092748
8.45283575472422e-05
0.00012662570225074887
0.0001356169523205608
0.00011559981794562191
0.00014196020492818207
9.139371832134202e-05
7.240672857733443e-05
0.00012773087655659765
0.00019296153914183378
0.0002759623748715967
0.00041283885366283357
0.00030581417377106845
9.911332745105028e-05
3.829889101325534e-05
