0.0001011902277241461
0.0004310669901315123
0.00041982668335549533
0.0003753889468498528
0.00022077214089222252
0.00010315266263205558
0.000135542155476287
0.00017185130855068564
0.00026656626141630113
0.0005085972370579839
0.0003061218303628266
0.0001960073277587071
0.00030624031205661595
0.0005684089264832437
0.0005775801837444305
0.0006798202521167696
0.0004795365093741566
0.00029023655224591494
0.00026974722277373075
0.00016896953457035124
0.00019904387590941042
0.00023010750010143965
0.0003251964517403394
0.0004242518334649503
0.00040938949678093195
0.00032757516601122916
0.00017852368182502687
0.00013384039630182087
0.0004286483454052359
0.0011477998923510313
0.0025316611863672733
0.004381198436021805
0.005259873811155558
0.0047581735998392105
0.003945877309888601
0.0028019677847623825
0.0022939685732126236
0.0012953851837664843
0.0003261539386585355
6.90427259542048e-05
0.00023556810629088432
0.0004228586331009865
0.0003529930836521089
0.00028728655888698995
0.00011815805919468403
8.768351835897192e-05
0.00023492478067055345
0.0005455198115669191
0.0005834896001033485
0.00029264239128679037
9.541809413349256e-05
7.354583794949576e-05
0.0001221315615111962
0.00012626951502170414
0.00012444614549167454
8.790230640443042e-05
7.065845420584083e-05
8.460164826828986e-05
0.00015615772281307727
0.00022045824152883142
0.00040767373866401613
0.0003019478463102132
0.0001157643782789819
3.949573147110641e-05
