9.541808685753495e-05
0.00039878717507235706
0.0003980990150012076
0.00036950965295545757
0.0001051872968673706
0.00011070772598031908
0.00014342130452860147
0.00016181280079763383
0.00031291641062125564
0.00028824960463680327
0.00021456353715620935
0.00017044499691110104
0.00025144117535091937
0.0004894777666777372
0.0005904162535443902
0.0005250987596809864
0.0004926194669678807
0.00022946420358493924
0.00027793622575700283
0.0001567262370372191
0.00016465528460685164
0.0002171068190364167
0.0003366905148141086
0.0004147504223510623
0.0003975632425863296
0.00033992601674981415
0.00018619840557221323
0.00014088305761106312
0.0004024225636385381
0.0009914175607264042
0.0022293843794614077
0.0039470000192523
0.004676084965467453
0.004257489927113056
0.003343867138028145
0.002454854315146804
0.0019325680332258344
0.0011650791857391596
0.00021878922416362911
7.626011210959405e-05
0.0003633906308095902
0.00037746847374364734
0.0003316743823233992
0.00025229391758330166
7.902901415945962e-05
0.00014390508295036852
0.00020961160771548748
0.0005252756527625024
0.0004289486969355494
0.00013393578410614282
7.415921572828665e-05
9.923302422976121e-05
0.00010871007543755695
0.00013069309352431446
0.00010387077782070264
8.45418035169132e-05
8.006861753528938e-05
9.180729830404744e-05
0.0001476054167142138
0.00019365375919733196
0.0003590670239645988
0.00024954398395493627
8.056231308728456e-05
3.5606000892585143e-05
