9.668973507359624e-05
0.0002532594371587038
0.00034208688884973526
0.00034594666794873774
0.00023917356156744063
8.754886221140623e-05
0.00013113816385157406
0.00016075000166893005
0.00035474065225571394
0.0003503852931316942
0.00021056908008176833
0.00016848517407197505
0.00023582240100950003
0.00045058043906465173
0.0005489420727826655
0.0005370819708332419
0.000353202543919906
0.00024165700597222894
0.0002665512729436159
0.00016368285287171602
0.00017030716117005795
0.00020145282906014472
0.0002582537417765707
0.0003747690061572939
0.00036578430444933474
0.00029840279603376985
0.0001883851655293256
0.00011925496073672548
0.0005388323916122317
0.0011709436075761914
0.0021716069895774126
0.0037289054598659277
0.00478134723380208
0.0043532969430089
0.0031504309736192226
0.0024236259050667286
0.0017316915327683091
0.000870402145665139
0.00023477518698200583
7.131671736715361e-05
0.0002587477501947433
0.0003784393484238535
0.00031702363048680127
0.0002398482320131734
7.284923049155623e-05
0.0001298188290093094
0.0002811663434840739
0.0005577424890361726
0.0004333599645178765
0.00020115799270570278
7.252852083183825e-05
9.360786498291418e-05
0.00011549509508768097
0.0001119195221690461
0.00011793364683398977
7.700171408941969e-05
8.059223182499409e-05
6.133806164143607e-05
0.00016633086488582194
0.0001623663556529209
0.0002920140395872295
0.00036220872425474226
0.0001177990052383393
4.19043681176845e-05
