3.159622065140866e-05
3.635402754298411e-05
3.6587931390386075e-05
3.849540007649921e-05
3.837182521237992e-05
3.72965369024314e-05
3.795480006374419e-05
3.979493703809567e-05
4.598830855684355e-05
4.9063364713219926e-05
4.174885543761775e-05
3.720677341334522e-05
4.018391337012872e-05
4.063272717758082e-05
4.0156737668439746e-05
4.2471845517866313e-05
4.001934576081112e-05
3.750598261831328e-05
4.404372157296166e-05
3.747606388060376e-05
3.91799294447992e-05
3.96524446841795e-05
5.164365938981064e-05
5.379797221394256e-05
4.918642662232742e-05
5.133697050041519e-05
4.893580626230687e-05
4.181807526038028e-05
4.679645280702971e-05
4.2517753172433004e-05
7.722611189819872e-05
6.783804565202445e-05
5.0955477490788326e-05
6.0515238146763295e-05
9.365803271066397e-05
6.930709787411615e-05
8.08315962785855e-05
5.420190791483037e-05
4.2887179006356746e-05
4.036344034830108e-05
4.208389509585686e-05
4.414087379700504e-05
4.135659401072189e-05
3.7221736420178786e-05
3.6665147490566596e-05
3.657137858681381e-05
4.4013802835252136e-05
5.459346721181646e-05
4.486654870561324e-05
4.304870162741281e-05
3.6189456295687705e-05
3.600338823162019e-05
3.5471352020977065e-05
3.901586023857817e-05
3.862864468828775e-05
3.653355088317767e-05
3.6241817724658176e-05
3.592016946640797e-05
3.774164360947907e-05
3.7461999454535544e-05
4.069513670401648e-05
3.810440102824941e-05
3.55419069819618e-05
2.9591874408652075e-05
