0.00010394557466497645
0.0002795456093735993
0.0003864999453071505
0.0003505442291498184
0.00026823714142665267
0.00010713590017985553
0.00013810041127726436
0.00016706206952221692
0.0003484142362140119
0.0003521655744407326
0.00019268567848484963
0.0001648367033340037
0.0002939243568107486
0.0006018843851052225
0.0005331521388143301
0.0006337391096167266
0.00038068220601417124
0.0002215504355262965
0.00021452612418215722
0.00013789375952910632
0.0001858505856944248
0.00021336575446184725
0.00031665494316257536
0.0004199600371066481
0.0003970986290369183
0.00031083717476576567
0.0001475105673307553
0.00018434050434734672
0.0005684560746885836
0.0013305993052199483
0.002997421193867922
0.004767357371747494
0.004871075507253408
0.004523442592471838
0.003586780745536089
0.002701867138966918
0.002210219856351614
0.0012296786298975348
0.0002761709038168192
6.280419620452449e-05
0.00024964590556919575
0.0003972761915065348
0.00033312549930997193
0.0002693339192774147
0.00010256921086693183
0.00010654870857251808
0.00032558542443439364
0.0005396702908910811
0.0004174577770754695
0.00018910814833361655
7.909053965704516e-05
0.00013175808999221772
0.00012321470421738923
0.00012361863628029823
0.00013157763169147074
8.55591133586131e-05
7.933555025374517e-05
0.00011577846453292295
0.0001597039808984846
0.00020615228277165443
0.00038092059548944235
0.00023150256311055273
8.232297841459513e-05
3.4445623896317557e-05
