9.63654019869864e-05
0.00030600212630815804
0.0004113046161364764
0.00039356830529868603
0.00021015485981479287
0.0001082916060113348
0.0001402217021677643
0.00016481985221616924
0.00025557028129696846
0.0003760742547456175
0.0002151588851120323
0.00016843371849972755
0.00033204181818291545
0.000604189292062074
0.0005398123757913709
0.000555061677005142
0.00037445113412104547
0.00025844271294772625
0.0002313941076863557
0.00015169070684351027
0.00018537783762440085
0.00020638760179281235
0.000315831188345328
0.00039984937757253647
0.0003908532380592078
0.0003421360161155462
0.0002014835918089375
0.00017961578851100057
0.0004752802196890116
0.0012924685142934322
0.0025604632683098316
0.004785341210663319
0.004849521908909082
0.004510920494794846
0.0037351290229707956
0.002665243810042739
0.002042901935055852
0.0007107211858965456
0.00019486054952722043
7.84229559940286e-05
0.00019132989109493792
0.00039486814057454467
0.000342135492246598
0.0002450979081913829
8.242860349128023e-05
0.00011113286018371582
0.0003901998570654541
0.0005219271406531334
0.0005030320025980473
0.00028297791141085327
7.680620183236897e-05
0.00011895095667568967
0.0001195194708998315
0.0001162937842309475
0.00010400541214039549
8.395834447583184e-05
7.030697452137247e-05
0.00014129540068097413
0.00015572388656437397
0.0001690387143753469
0.0003350907063577324
0.0001906987454276532
9.158819739241153e-05
4.1096503991866484e-05
