9.640548523748294e-05
0.00043006960186176
0.00041461538057774305
0.00039630374521948397
0.00019676108786370605
0.00012137455632910132
0.00013525791291613132
0.00016446081281173974
0.0004332860989961773
0.0003046635538339615
0.00019662262639030814
0.00015804929716978222
0.00025831832317635417
0.0005245685460977256
0.0005707282689400017
0.0005339104682207108
0.0006065137567929924
0.00028177400236018
0.00020422581292223185
0.00015440922288689762
0.00017124258738476783
0.00020670554658863693
0.0002840999513864517
0.00039561555604450405
0.0003768933820538223
0.0003191925643477589
0.00019989916472695768
0.00017907909932546318
0.00048683254863135517
0.00110812543425709
0.0025162368547171354
0.003976538311690092
0.0045479778200387955
0.004162521101534367
0.003441394539549947
0.0024308874271810055
0.002063128398731351
0.0012316533830016851
0.00034268529270775616
6.265458796406165e-05
0.00018212918075732887
0.000399131269659847
0.00030016753589734435
0.00028947077225893736
0.0001145376154454425
7.109231228241697e-05
0.00021433911751955748
0.0004973020404577255
0.0004142350808251649
0.00018504711624700576
6.536243745358661e-05
9.991933620767668e-05
0.0001106179624912329
0.0001177990052383393
0.0001197139426949434
8.072688069660217e-05
6.36883924016729e-05
8.844058902468532e-05
0.00015286632697097957
0.00019773788517341018
0.00034932029666379094
0.00025078386534005404
8.580410212744027e-05
3.675795960589312e-05
