9.724326810101047e-05
0.00041204216540791094
0.00040572884608991444
0.0003862951707560569
0.00026527963927946985
0.00012183833314338699
0.00013706812751479447
0.00016950278950389475
0.0003449818177614361
0.0003079759771935642
0.00021369954629335552
0.0001609104947419837
0.00029837508918717504
0.0005387950805015862
0.0006139650358818471
0.0006151095149107277
0.00042871851474046707
0.0002767253608908504
0.00022544636158272624
0.00014536465459968895
0.0001647033786866814
0.00021716480841860175
0.00029114261269569397
0.00042906723683699965
0.0004172634216956794
0.00037087086820974946
0.000252832513069734
0.00012907921336591244
0.00033958847052417696
0.0009122915216721594
0.0018116572173312306
0.003937185741961002
0.0049326131120324135
0.004649065900593996
0.004086267203092575
0.002741467207670212
0.002378435805439949
0.0014843064127489924
0.00038532272446900606
5.454599522636272e-05
0.0001324453332927078
0.0004033564473502338
0.00033562141470611095
0.00025724616716615856
7.196001388365403e-05
0.00013590122398454696
0.0003347861347720027
0.0005342246149666607
0.0004920659121125937
0.00024059480347204953
8.763863297645003e-05
9.20968595892191e-05
0.00012201794743305072
0.0001377220032736659
0.000126630999147892
9.425026655662805e-05
6.693609611829743e-05
0.00011562411964405328
0.00015426616300828755
0.00021754066983703524
0.00034044121275655925
0.0002840700326487422
8.959845581557602e-05
4.0393359086010605e-05
