0.00010020545596489683
0.00028342765290290117
0.0004047264810651541
0.0004104713734705001
0.0002981927536893636
9.737791697261855e-05
0.00014131171337794513
0.00018037072732113302
0.000320261693559587
0.00035666400799527764
0.00023050115851219743
0.00018217871547676623
0.00028389424551278353
0.0005999910063110292
0.0006316773360595107
0.0005902367411181331
0.0005570393986999989
0.0002255595027236268
0.000276155915344134
0.0001625608274480328
0.0001894598244689405
0.0002453372871968895
0.000276619684882462
0.00044646632159128785
0.0003923299955204129
0.0003032483218703419
0.00017304853827226907
0.0001278846903005615
0.0005665805074386299
0.0012528543593361974
0.0028506258968263865
0.004506384488195181
0.004962855949997902
0.004538047593086958
0.0034485680516809225
0.0026541887782514095
0.002026092726737261
0.0010117191122844815
0.00021134705457370728
7.791991083649918e-05
0.0003025079204235226
0.0003885981277562678
0.0003384000447113067
0.00022374553373083472
9.045120532391593e-05
0.00012560837785713375
0.00028825897607021034
0.0005155838443897665
0.0005307836690917611
0.00026927408180199564
7.669699698453769e-05
9.827285975916311e-05
0.00011396329500712454
0.00011568616173462942
0.00010397269943496212
8.130566129693761e-05
6.525117350975052e-05
0.00010639910033205524
0.0001583120465511456
0.00020272977417334914
0.00033635698491707444
0.0003003470483236015
9.736295032780617e-05
3.657843262772076e-05
