9.260551451006904e-05
0.00038680192665196955
0.00039355101762339473
0.00037079607136547565
0.0003236106422264129
0.00011360179632902145
0.00014710547111462802
0.00017924178973771632
0.00030419189715757966
0.00042088382178917527
0.00023090775357559323
0.00017051071336027235
0.00027828311431221664
0.0005111854407005012
0.0006047933711670339
0.0005172594101168215
0.0005156586412340403
0.0002194107510149479
0.0002992848458234221
0.0001586112630320713
0.0001535546180093661
0.00021412968635559082
0.00022675633954349905
0.0004099028301425278
0.0004133287875447422
0.0004044123343192041
0.0002729992556851357
0.00010044482041848823
0.00029183452716097236
0.0007645117002539337
0.0016565317055210471
0.003533102571964264
0.004629527684301138
0.004237682092934847
0.0035147310700267553
0.0022929811384528875
0.0020807369146496058
0.0008706881781108677
0.00020176047109998763
7.349121005972847e-05
0.0003313583438284695
0.00039161829045042396
0.00032085791463032365
0.00023592713114339858
9.517872967990115e-05
9.411652717972174e-05
0.00034644128754734993
0.0005070563638582826
0.0005167059134691954
0.00026698512374423444
6.83302860124968e-05
0.00010390069655841216
0.00011090186308138072
0.00011957031529163942
8.912626799428836e-05
7.997043576324359e-05
6.199258496053517e-05
9.929285442922264e-05
0.0001526869018562138
0.0001916141336550936
0.00031159736681729555
0.000297609280096367
9.809601033339277e-05
3.9555568946525455e-05
