9.555272845318541e-05
0.0003960494068451226
0.00039684231160208583
0.00036551503580994904
0.0001843087375164032
0.00011880322563229129
0.00015485617041122168
0.00016184271953534335
0.0002300476626260206
0.00041564766434021294
0.0002504088915884495
0.00015956873539835215
0.00026936776703223586
0.0005229144589975476
0.0005154790706001222
0.0005763383815065026
0.0005153743550181389
0.0002153564419131726
0.00028936605667695403
0.00016706393216736615
0.00015222311776597053
0.00020765177032444626
0.0002861196408048272
0.000381410529371351
0.00038355737342499197
0.00032736084540374577
0.00012217307812534273
0.0001606010046089068
0.0004574921913444996
0.0010688831098377705
0.0022572707384824753
0.0040644328109920025
0.00469316216185689
0.004288763739168644
0.003164385911077261
0.0024675107561051846
0.0019648228771984577
0.001112074125558138
0.0003001525765284896
6.554197170771658e-05
0.00025884740171022713
0.00039092247607186437
0.0003425436152610928
0.00015736579371150583
7.879416807554662e-05
0.0001236990501638502
0.00036969836219213903
0.0005204310873523355
0.0004730212385766208
0.00023525390133727342
8.313552098115906e-05
7.590960012748837e-05
0.00012444147432688624
0.00012092399992980063
0.00011006376007571816
8.53646342875436e-05
6.660415965598077e-05
8.853626059135422e-05
0.000145090336445719
0.00020792896975763142
0.00037707388401031494
0.00020076995133422315
7.811065734131262e-05
3.6845853173872456e-05
