9.752679761731997e-05
0.00040366427856497467
0.0003817172546405345
0.00036405542050488293
0.0002170320221921429
0.00010931639553746209
0.00012767701991833746
0.00019422754121478647
0.000312629621475935
0.00039428408490493894
0.00023013741883914918
0.00016493954171892256
0.000224332747166045
0.0004596165963448584
0.0005330978310666978
0.0005649786326102912
0.0002894258941523731
0.0002503640134818852
0.0002878999221138656
0.00018106696370523423
0.0001606010046089068
0.00018624693620949984
0.0002680756151676178
0.0003514184500090778
0.00032606508466415107
0.0002891079930122942
0.00016594190674368292
0.00015436246758326888
0.00042873810161836445
0.001210593618452549
0.0025718461256474257
0.0044394005089998245
0.004530815873295069
0.004127593245357275
0.0029799677431583405
0.002297260332852602
0.0019507600227370858
0.0010731170186772943
0.000189977276022546
9.157366002909839e-05
0.00025394654949195683
0.0004353506665211171
0.00029772898415103555
0.0002824094262905419
0.00010861325426958501
8.222292672144249e-05
0.000253640377195552
0.0005037201335653663
0.0005097342655062675
0.00026895993505604565
8.443708065897226e-05
7.368047954514623e-05
0.0001188106180052273
0.0001184627617476508
0.000130753600387834
8.165536564774811e-05
6.572149140993133e-05
8.702524792170152e-05
0.00015407821047119796
0.00017428986029699445
0.0003011100343428552
0.0002779817732516676
9.424765448784456e-05
3.784931686823256e-05
