0.0001058455600286834
0.0003200847713742405
0.0004121506935916841
0.0003810544149018824
0.00016459825565107167
0.00010287589975632727
0.0001417208550265059
0.00018101681780535728
0.00031999251223169267
0.00038642046274617314
0.00023320339096244425
0.00018009640916716307
0.0002775322936940938
0.0005358553607948124
0.0006558684981428087
0.0005704739596694708
0.0005441284738481045
0.00024853882496245205
0.00028345666942186654
0.00017153714725282043
0.00017289853713009506
0.00022289653134066612
0.00025428368826396763
0.00043258295045234263
0.0004175027715973556
0.00037845582119189203
0.00018958101281896234
0.0001680183777352795
0.0005042781122028828
0.0011938033858314157
0.0025647238362580538
0.004937789402902126
0.005296147428452969
0.004692679736763239
0.0035027083940804005
0.0026815927121788263
0.0022683748975396156
0.00124244368635118
0.00020700755703728646
8.081288979155943e-05
0.0002640089369378984
0.0004010761622339487
0.0003447199414949864
0.00026833158335648477
0.00010390069655841216
9.688422142062336e-05
0.000279821251751855
0.0005424079718068242
0.0005535386153496802
0.000190884864423424
7.923667726572603e-05
9.99880357994698e-05
0.00010756508709164336
0.00013373192632570863
0.00011703601921908557
8.734492439543828e-05
6.906097405590117e-05
0.00010853316052816808
0.0001585733552929014
0.00025391526287421584
0.0003694917249958962
0.00025703079882077873
7.898491458036005e-05
3.4620472433744e-05
