9.461022273171693e-05
0.00029753363924100995
0.0003916809509973973
0.0003767503658309579
0.00029422822990454733
0.00010022040805779397
0.0001318319555139169
0.0001567262370372191
0.00019445661746431142
0.0003584186779335141
0.0001767742505762726
0.00016567260900046676
0.0002736276073846966
0.00046337165986187756
0.0005677936715073884
0.000570724077988416
0.00030095019610598683
0.0002655190182849765
0.00027232602587901056
0.00016142382810357958
0.00017839520296547562
0.0002142359153367579
0.00035000380012206733
0.0003926832869183272
0.00037993694422766566
0.00032030438887886703
0.00019791249360423535
0.00013642483099829406
0.00040164461825042963
0.001002308912575245
0.0021349387243390083
0.003774430137127638
0.0046382201835513115
0.004012012854218483
0.003127849195152521
0.002338843420147896
0.0016425492940470576
0.0008613631944172084
0.00024261354701593518
8.778823394095525e-05
0.00027482444420456886
0.0004021682543680072
0.0003321231924928725
0.0002462648262735456
9.399684495292604e-05
8.3808736235369e-05
0.0003584263613447547
0.0005625271005555987
0.00039791947347112
0.0001993935729842633
7.385999924736097e-05
8.353944576811045e-05
0.0001164525601780042
0.0001131462850025855
0.00013265477900858968
8.416779019171372e-05
6.536910950671881e-05
0.000141092503326945
0.00015789314056746662
0.00018651261052582413
0.0003069446247536689
0.0003619992930907756
0.00012252652959432453
4.3744508730014786e-05
