9.303936531068757e-05
0.00036728038685396314
0.0004138523945584893
0.00039891403866931796
0.00022149659343995154
0.00011169432400492951
0.00014399047358892858
0.0001992028410313651
0.0004207071615383029
0.00037801172584295273
0.00023253579274751246
0.00018101834575645626
0.00030355705530382693
0.0005081468843854964
0.000544469803571701
0.0006520030437968671
0.00037225752021186054
0.00022977251501288265
0.00021544807532336563
0.00015409318439196795
0.00018390946206636727
0.00021595486032310873
0.00023042166139930487
0.0004330617084633559
0.0004236964450683445
0.0003702874237205833
0.00023634602257516235
9.529840463073924e-05
0.000300002982839942
0.0011768607655540109
0.002856258535757661
0.004512276034802198
0.005164859350770712
0.004429924767464399
0.003455128287896514
0.0028351799119263887
0.001894284156151116
0.0014695404097437859
0.00027464493177831173
0.00010870301048271358
0.00018890628416556865
0.00046753071364946663
0.0003414136590436101
0.000327739748172462
0.0001300965523114428
8.186387276509777e-05
0.0003528759116306901
0.0005636249552480876
0.00047679682029411197
0.00023105698346626014
7.777685823384672e-05
0.00011986822937615216
0.00012636950123123825
0.00011018784425687045
0.0001399601751472801
9.13198382477276e-05
7.321484008571133e-05
0.00011161845031892881
0.0001605131255928427
0.00022810279915574938
0.0003375688102096319
0.00030528404749929905
0.00011096204980276525
3.7730391341028735e-05
