0.00010838884190889075
0.0004037091857753694
0.00038889196002855897
0.00039918304537422955
0.00020202664018142968
0.00012875009269919246
0.00015258215717040002
0.0002676064323168248
0.000512561877258122
0.0006044118199497461
0.00035531193134374917
0.0002496234665159136
0.00035966545692645013
0.000735817477107048
0.0009514880948700011
0.0006959775928407907
0.0010763483587652445
0.0002847283030860126
0.00043497158912941813
0.00024563216720707715
0.000270383054157719
0.0002959337434731424
0.00047664300655014813
0.0005899973912164569
0.0005860029486939311
0.0005454450147226453
0.0002799203502945602
0.0002451577747706324
0.000594904413446784
0.001722208340652287
0.003349641803652048
0.005932363215833902
0.007064588833600283
0.006228616461157799
0.004953984171152115
0.0037534127477556467
0.0025178049691021442
0.0013225235743448138
0.0003869384527206421
9.37724398681894e-05
0.00022961378272157162
0.0004837488813791424
0.00037656264612451196
0.0002988103951793164
0.00013124583347234875
0.0001546794519526884
0.00042742161895148456
0.0005455796490423381
0.0004948336281813681
0.00023534368665423244
9.007719199871644e-05
9.728815348353237e-05
0.00012667058035731316
0.00014856684720143676
0.00010327329800929874
7.420410111080855e-05
6.748683517798781e-05
8.053238707361743e-05
0.00012593751307576895
0.00013842953194398433
0.00025275771622546017
0.00028947077225893736
0.00010119283979292959
3.54265357600525e-05
