0.00010327201016480103
0.00040089659160003066
0.0003914714907296002
0.0003680459631141275
0.00021737399220000952
0.00010894850129261613
0.00013956023030914366
0.00017715572903398424
0.00033059532870538533
0.0003855621034745127
0.0002054974902421236
0.00015829708718229085
0.0002604623732622713
0.0004978556535206735
0.0006223121308721602
0.0005375907639972866
0.0005174988182261586
0.0002648067893460393
0.00025848447694443166
0.0001569196756463498
0.00020303366181906313
0.00020551336638163775
0.0002975008392240852
0.0003774871292989701
0.000363495375495404
0.0003106941294390708
0.00018500156875234097
0.00014570033818017691
0.00041084535769186914
0.0010558227077126503
0.002363953972235322
0.003913577646017075
0.0048237149603664875
0.004426962696015835
0.003712329315021634
0.0026157244574278593
0.002209322527050972
0.0013629617169499397
0.0003495820565149188
6.247506098588929e-05
0.00017161194409709424
0.0004086611152160913
0.00031957743340171874
0.00022153503959998488
9.032765228766948e-05
0.00010777173156384379
0.0004215496010147035
0.0005648955702781677
0.00043742923298850656
0.00019332148076500744
8.00499037723057e-05
0.00010530791041674092
0.00011999539856333286
0.0001335860724793747
0.00012269763101357967
8.99687220226042e-05
6.364572618622333e-05
0.00011412993626436219
0.00015323296247515827
0.00022818038996774703
0.00035737932194024324
0.00023662093735765666
7.798348815413192e-05
3.5939803638029844e-05
