0.00010352668323321268
0.0002783102390822023
0.0003976651350967586
0.00039278800250031054
0.00012810678163077682
0.00011386438563931733
0.00014564111188519746
0.00015956873539835215
0.0003287991276010871
0.00031846424099057913
0.00024756640777923167
0.00016835676797199994
0.00031134302844293416
0.0005549798370338976
0.0005464323912747204
0.0005777972983196378
0.00036524832830764353
0.0002757669717539102
0.00022444238129537553
0.00013899055193178356
0.00018567481311038136
0.00021849677432328463
0.00031913103885017335
0.000428423925768584
0.0004200343682896346
0.00033462155261076987
0.0002373184688622132
0.00015259713109117
0.0005504418513737619
0.001239482662640512
0.0032426591496914625
0.004326262976974249
0.00497242109850049
0.004590150900185108
0.003486276138573885
0.002835538936778903
0.0021751937456429005
0.0007480850326828659
0.0003171028511133045
9.036143455887213e-05
0.0002752433647401631
0.00038636921090073884
0.0003385056625120342
0.00027329850126989186
9.941888129105791e-05
0.00010701027349568903
0.00032880192156881094
0.0005397739005275071
0.0003762416890822351
0.0002370192378293723
8.054180216277018e-05
9.801904525374994e-05
0.00012112023250665516
0.00013369170483201742
0.0001122935427702032
8.811189763946459e-05
5.394944309955463e-05
0.00011150062346132472
0.00016000258619897068
0.0002467470767442137
0.000378395983716473
0.00030936827533878386
9.380938718095422e-05
3.761088737519458e-05
