9.633193985791877e-05
0.00037683185655623674
0.0004135428462177515
0.0003791562048718333
0.00021945561456959695
0.00010963056411128491
0.00013859409955330193
0.00016366789350286126
0.00026948354206979275
0.0004473041044548154
0.0002371331793256104
0.00019204625277779996
0.00035353165003471076
0.00048434632481075823
0.0007192411576397717
0.0004639700928237289
0.0004537688218988478
0.00024549372028559446
0.00026080728275701404
0.00015731810708530247
0.00021282811940182
0.00023929325107019395
0.00032822327921167016
0.00042771038715727627
0.00041830382542684674
0.00032102622208185494
0.0001782684266800061
0.00015150033868849277
0.00047824898501858115
0.0011843763059005141
0.002690780209377408
0.003967394586652517
0.004754567518830299
0.00420779176056385
0.003453796962276101
0.002533531282097101
0.0021591149270534515
0.001405240036547184
0.00021204388758633286
7.001470657996833e-05
0.0003894817491527647
0.0003937305591534823
0.0003304176789242774
0.0002669402747415006
0.00010826916695805266
0.0001229006884386763
0.00045702842180617154
0.0005493347416631877
0.0004452844150364399
0.00023476022761315107
6.784979632357135e-05
0.00010173142800340429
0.00011487088340800256
0.00014140667917672545
0.00012324462295509875
8.352078293683007e-05
5.55333899683319e-05
8.192371751647443e-05
0.00015225102833937854
0.00021302262030076236
0.0003263148246333003
0.00023456574126612395
8.313621219713241e-05
3.3451684430474415e-05
