0.00010061104694614187
0.0003330507315695286
0.0004051284631714225
0.0003851308429148048
0.00025094690499827266
0.00011622814781730995
0.00014230431406758726
0.00016722849977668375
0.00027491420041769743
0.0004564150294754654
0.0002571111836005002
0.00015678607451263815
0.0002716675226110965
0.0005359205533750355
0.0006383544532582164
0.0006202624645084143
0.0005544662126339972
0.00022514061129186302
0.0002930762420874089
0.0001643860014155507
0.000168021404533647
0.00022349494975060225
0.0002498104877304286
0.00042748142732307315
0.00040740444092079997
0.00037429682561196387
0.0002475963265169412
0.0001427062088623643
0.0005009554442949593
0.0011730290716513991
0.002625670749694109
0.004403442610055208
0.005119002889841795
0.004622585140168667
0.0038022606167942286
0.0027403337880969048
0.0020052853506058455
0.0013624447165057063
0.00020268396474421024
5.734699152526446e-05
0.0002754977031145245
0.0004074792086612433
0.0003431790100876242
0.00026336469454690814
0.00010470856068423018
0.00010817938891705126
0.0002984321035910398
0.0005482725682668388
0.000497765897307545
0.00023778223840054125
8.692052506376058e-05
0.00010155189374927431
0.0001318768336204812
0.00012281077215448022
0.0001381153560942039
8.89102739165537e-05
8.350952703040093e-05
0.00011148667545057833
0.00015769652964081615
0.00020323722856119275
0.0003880099975503981
0.00025593399186618626
8.462783443974331e-05
3.7354508094722405e-05
