0.00012418713595252484
0.0005303386715240777
0.0005162570159882307
0.0005029123276472092
0.0003936407738365233
0.00013936939649283886
0.00018584700592327863
0.00022288101899903268
0.0005277795135043561
0.0005605945480056107
0.00027404649881646037
0.00019616211648099124
0.0002868227893486619
0.0007173219346441329
0.0007287358748726547
0.000886379973962903
0.0005365127581171691
0.00047601331607438624
0.00033075426472350955
0.00022125088435132056
0.0002427341532893479
0.00028474326245486736
0.0003142304194625467
0.0005236373981460929
0.00046715952339582145
0.00033092632656916976
0.0002045848814304918
0.00014870738959871233
0.0006539448513649404
0.0016063773073256016
0.0033070507925003767
0.0057802204973995686
0.006090061739087105
0.005548177286982536
0.004765339661389589
0.003354922868311405
0.0028624229598790407
0.0018642733339220285
0.00030600183526985347
9.64730788837187e-05
0.00030883998260833323
0.00045518827391788363
0.0004184153804089874
0.0002757439506240189
0.00012006256292806938
0.00017729880346450955
0.00043730204924941063
0.0007072578300721943
0.000696710601914674
0.0002452783810440451
9.221974323736504e-05
0.00014848020509816706
0.00013720276183448732
0.00013801064051222056
0.00015760889800731093
9.770369797479361e-05
7.36834917915985e-05
0.0001417956518707797
0.00019946838438045233
0.0002161792799597606
0.00044018583139404655
0.0003223998937755823
0.00011371715663699433
3.4970176784554496e-05
