0.00011282497143838555
0.0004793734406121075
0.00048726360546424985
0.00047318576253019273
0.0003650961152743548
0.00013572222087532282
0.00017671732348389924
0.00020151799253653735
0.0003130485420115292
0.0005463725537993014
0.0003132280835416168
0.0001892353902803734
0.0003304604615550488
0.0006627207039855421
0.0006364731816574931
0.0007439269102178514
0.0005940666305832565
0.0002969061315525323
0.00035118285450153053
0.00020478219084907323
0.000215191874303855
0.0002616533311083913
0.0005142524023540318
0.0005131602520123124
0.00047535853809677064
0.0003957834269385785
0.00014736749290023
0.00014579009439330548
0.0005244181375019252
0.0013987250858917832
0.003999451640993357
0.005168435163795948
0.005962134338915348
0.005229759030044079
0.003622431540861726
0.0030311476439237595
0.002311738906428218
0.00121452403254807
0.00019246313604526222
7.878200995037332e-05
0.00024613022105768323
0.000530918303411454
0.00040014859405346215
0.00031393973040394485
0.00010892543650697917
0.00013716051762457937
0.0005233483389019966
0.0006829918711446226
0.0005945303710177541
0.00020174510427750647
6.580750778084621e-05
0.0001211800699820742
0.00013323823804967105
0.00015084349433891475
0.00013332252274267375
9.326377767138183e-05
7.655289664398879e-05
0.00013895260053686798
0.00017716229194775224
0.0002796127228066325
0.00046221035881899297
0.00036791752791032195
7.794421981088817e-05
3.101218680967577e-05
