9.49468303588219e-05
0.00041730827069841325
0.00038363219937309623
0.0003668015997391194
0.0003062415053136647
0.00011220965097891167
0.00015564908972010016
0.00016495451563969254
0.00030492496443912387
0.0003983982023783028
0.00024985536583699286
0.00017553158977534622
0.00020926751312799752
0.00041962714749388397
0.0006673132884316146
0.0005810074508190155
0.0004533996107056737
0.0002368716523051262
0.0002100595156662166
0.0001579829113325104
0.00017140248382929713
0.00023137914831750095
0.00029248447390273213
0.00041034325840882957
0.0003996675950475037
0.0002940832928288728
0.00016895364387892187
0.00015484121104236692
0.0004908242262899876
0.00109003740362823
0.002383537357673049
0.0044802334159612656
0.004875562619417906
0.004338688682764769
0.003022631397470832
0.002392319031059742
0.0017754078144207597
0.0008676809375174344
0.00023046473506838083
0.00010732664668466896
0.0003273507463745773
0.0004105311818420887
0.0003351451887283474
0.0002501815906725824
9.730557212606072e-05
0.00010335686238249764
0.00043742923298850656
0.0005179475992918015
0.00041361304465681314
0.00019209287711419165
7.348598592216149e-05
8.736933523323387e-05
0.00011163527960889041
0.00010309283243259415
0.00012912410602439195
8.149025234160945e-05
6.901481538079679e-05
0.0001342854811809957
0.00016543324454687536
0.00017587565525900573
0.00030458089895546436
0.0003353995562065393
0.00011607854685280472
3.512124385451898e-05
