9.863179730018601e-05
0.00027769687585532665
0.0004285136819817126
0.00039337147609330714
0.00026837558834813535
0.00012104542838642374
0.00013895315350964665
0.00017168674094136804
0.000393683701986447
0.0003838233242277056
0.00019502511713653803
0.00017334734729956836
0.00023426651023328304
0.00042239486356265843
0.0006775761721655726
0.0005377156194299459
0.0004471619031392038
0.00025706924498081207
0.00020107851014472544
0.00016731639334466308
0.0001837164891185239
0.00021834853396285325
0.00026866071857511997
0.00041491459705866873
0.00038768647937104106
0.0003658441419247538
0.00018386263400316238
0.00015526603965554386
0.00040670522139407694
0.0012783302227035165
0.002430483466014266
0.0041245450265705585
0.004631246440112591
0.004170217085629702
0.0033408235758543015
0.0023130704648792744
0.0017992998473346233
0.0009618108160793781
0.000260013563092798
7.257340621436015e-05
0.00022002411424182355
0.00042077910620719194
0.00033520502620376647
0.00025388694484718144
8.880476525519043e-05
0.0001634584623388946
0.0003617749025579542
0.0005271632107906044
0.00047484636888839304
0.00022653194901067764
7.532612653449178e-05
7.722611189819872e-05
0.00011303344217594713
0.00012645410606637597
9.666074038250372e-05
8.515238005202264e-05
6.875846884213388e-05
9.84251601039432e-05
0.000159703369718045
0.00020722132467199117
0.00034043623600155115
0.0002714598667807877
6.555319123435766e-05
3.457372076809406e-05
