0.00010625819413689896
0.0003180752682965249
0.00043241839739494026
0.000408289663027972
0.00025197755894623697
0.00012900262663606554
0.0001696969848126173
0.00018124755297321826
0.00040798791451379657
0.0003731598553713411
0.00023535863147117198
0.0001774914126144722
0.00031155504984781146
0.0005957518005743623
0.0006467443890869617
0.0006975437281653285
0.0006290247547440231
0.0002968164044432342
0.000278609455563128
0.00017718753952067345
0.00020531796326395124
0.00023839561617933214
0.0003743398410733789
0.0004522036761045456
0.00040557925240136683
0.00035297812428325415
0.00023347362002823502
9.419133129995316e-05
0.00027714335010387003
0.0011774682207033038
0.0017584576271474361
0.004667787812650204
0.005234659183770418
0.0046586887910962105
0.0037514283321797848
0.0027757911011576653
0.002299648243933916
0.0009269322617910802
0.00024746169219724834
6.496915011666715e-05
0.00030848465394228697
0.0003835115930996835
0.00032792487763799727
0.0002008082956308499
8.653528493596241e-05
0.00013385163038037717
0.00037084094947203994
0.0005512796342372894
0.0005522520514205098
0.00027162287733517587
8.594808605266735e-05
0.00010463364014867693
0.00012189311382826418
0.00014325058145914227
0.00012370842159725726
8.635202539153397e-05
7.118207577150315e-05
8.268670353572816e-05
0.0001650891499593854
0.0001568010338814929
0.0003508965019136667
0.00029132672352716327
8.011349564185366e-05
3.871778244501911e-05
