9.770704491529614e-05
0.00025594630278646946
0.0003850852372124791
0.00036616952274926007
0.00020179380953777581
0.00010948444833047688
0.0001410027325619012
0.00016058557957876474
0.00032442272640764713
0.00036201823968440294
0.00020965185831300914
0.0001455364254070446
0.00025214432389475405
0.000471210980322212
0.0005903564160689712
0.00046889210352674127
0.0005463276174850762
0.00018711101438384503
0.0002878849336411804
0.00015469160280190408
0.00017798681801650673
0.00021190541156101972
0.0003597477334551513
0.0004062483785673976
0.0003892263339366764
0.0003221295482944697
0.0001859291223809123
0.00014494419156108052
0.0005664047203026712
0.001040428294800222
0.002734619192779064
0.004182807635515928
0.0046369656920433044
0.004420502111315727
0.0036266662646085024
0.002517550718039274
0.0021842389833182096
0.000928239431232214
0.0002453372871968895
6.917736754985526e-05
0.00019158420036546886
0.00032479348010383546
0.00033002308919094503
0.000271952070761472
7.396473665721714e-05
0.0001209547626785934
0.00034302048152312636
0.000526098592672497
0.00037240059464238584
0.00015165930381044745
8.138256816891953e-05
0.00011112567881355062
0.00011905569408554584
0.00011622815509326756
0.00013745710020884871
8.539455302525312e-05
8.177410927601159e-05
6.277427019085735e-05
0.00016265058366116136
0.00014451846072915941
0.0003314603818580508
0.00026135335792787373
9.249662980437279e-05
3.37060155288782e-05
