0.00010144717816729099
0.00040523515781387687
0.00038360225153155625
0.0003676714259199798
0.00022778812854085118
0.00011511545744724572
0.00014517673116642982
0.00016045139636844397
0.00032740700407885015
0.0002906657464336604
0.00020409865828696638
0.00015283649554476142
0.00025055851438082755
0.0004658850666601211
0.0005407025455497205
0.0005734929582104087
0.00041250453796237707
0.0002899027313105762
0.00023091441835276783
0.00022757636907044798
0.0002310574782313779
0.000287660543108359
0.0003733992052730173
0.0004459875344764441
0.0004216168890707195
0.0004117280477657914
0.00016304050222970545
0.0001492160517955199
0.00039717144682072103
0.0010613729245960712
0.0023706413339823484
0.004158586263656616
0.004574967082589865
0.004138060379773378
0.0033691651187837124
0.002439399715512991
0.0018213437870144844
0.0007170419557951391
0.0002804944815579802
6.518291047541425e-05
0.0002147580380551517
0.0003841707657556981
0.00031370678334496915
0.0002497656096238643
9.677949856268242e-05
9.64952414506115e-05
0.00030283050728030503
0.0005370971048250794
0.00044589777826331556
0.00022270203044172376
7.59395188651979e-05
8.765358506934717e-05
0.00011583918239921331
0.00010515737812966108
0.00014463815023191273
8.178687858162448e-05
6.525373464683071e-05
0.0001024877346935682
0.0001502127997810021
0.00022204472043085843
0.00033534810063429177
0.000245554227149114
8.612761303083971e-05
3.720676977536641e-05
