0.0001028600090648979
0.00031497847521677613
0.00048047330346889794
0.0004481419164221734
0.00027734378818422556
0.00013413780834525824
0.00016224212595261633
0.0001864677033154294
0.0003264082770328969
0.00045230091200210154
0.00021929683862254024
0.00017780948837753385
0.00027027534088119864
0.0006765934522263706
0.0005903442506678402
0.0005932849599048495
0.0005685589276254177
0.00023835073807276785
0.0002877952065318823
0.00016619621601421386
0.0001635033404454589
0.00024060969008132815
0.0003889160871040076
0.0004339799052104354
0.0003950919199269265
0.000318598875310272
0.00019948335830122232
0.00012477060954552144
0.0004012257559224963
0.0010608044685795903
0.002420460106804967
0.003940656781196594
0.004974389914423227
0.004347349051386118
0.0034465333446860313
0.002710252534598112
0.002116761403158307
0.0011475005885586143
0.00030983201577328146
6.748683517798781e-05
0.00018735037883743644
0.00043297195225022733
0.0003344869473949075
0.0002601024170871824
0.00010644944268278778
6.640967330895364e-05
0.00023453582252841443
0.0005297813913784921
0.0005501724663190544
0.000284578709397465
9.000238787848502e-05
8.45866888994351e-05
0.0001297524431720376
0.00010403533815406263
0.00012655003229156137
8.836635242914781e-05
5.601586235570721e-05
9.018152923090383e-05
0.00016294981469400227
0.00023808145488146693
0.0003446002083364874
0.00030998533475212753
9.085067722480744e-05
3.765703513636254e-05
