0.00010110328730661422
0.00039881441625766456
0.0004151195753365755
0.00038162001874297857
0.0002232705446658656
0.00012094071280444041
0.00015021841682028025
0.0001804245839593932
0.00045396058703772724
0.0003639759379439056
0.00022250569600146264
0.0001783637999324128
0.0002557797124609351
0.0006093194242566824
0.0005566934705711901
0.000569217256270349
0.0006814060034230351
0.00023613656230736524
0.0002755670284386724
0.00017527902673464268
0.00021473277593031526
0.00021791187464259565
0.0003160032501909882
0.0004211082705296576
0.0004103665705770254
0.0003382120921742171
0.00020723290799651295
0.00014389010902959853
0.000446645834017545
0.0010756602277979255
0.002094231080263853
0.004003684967756271
0.004936771932989359
0.004478695802390575
0.0033603045158088207
0.002385122701525688
0.0018835979280993342
0.0008863051189109683
0.0002237886073999107
0.00011450769670773298
0.00029903053655289114
0.0004258058615960181
0.00032329646637663245
0.00030127461650408804
0.00011254787386860698
0.00012320834503043443
0.0004810307000298053
0.0005571590736508369
0.00044651119969785213
0.00021317221398930997
7.439858018187806e-05
9.138894529314712e-05
0.00011558617552509531
0.0001400566688971594
0.00010635149374138564
8.460164826828986e-05
7.840799662517384e-05
9.660833165980875e-05
0.00015253560559358448
0.00025464274222031236
0.00033460662234574556
0.000307064299704507
0.00010762586316559464
3.6714947782456875e-05
