0.00011497855302877724
0.0004258806584402919
0.00047808128874748945
0.0004422138154041022
0.0002843542897608131
0.00012046197662129998
0.00015678607451263815
0.00021393594215624034
0.0005598089774139225
0.00040738945244811475
0.00025603402173146605
0.00019152436289004982
0.0002813921310007572
0.0005438741645775735
0.0008203891338780522
0.0005759195191785693
0.0006528208614327013
0.00033796727075241506
0.00024941685842350125
0.00019092127331532538
0.00022876105504110456
0.00026849613641388714
0.00038980005774647
0.0005071471096016467
0.0004733049136120826
0.000346999557223171
0.00019185911514796317
0.00020258018048480153
0.0005172744276933372
0.0012631004210561514
0.0034816914703696966
0.006003981921821833
0.005766989663243294
0.005355815403163433
0.003869175910949707
0.0029898732900619507
0.002202186267822981
0.0014051503967493773
0.0002985181345138699
9.470406075706705e-05
0.00035668833879753947
0.000492290360853076
0.00038668414345011115
0.00026526054716669023
0.00010464902152307332
0.00018100245506502688
0.000420210650190711
0.0006385741289705038
0.0005320553318597376
0.00025875685969367623
8.913467900129035e-05
8.321031782543287e-05
0.00012853220687247813
0.00013487714750226587
0.0001363375486107543
9.197156759910285e-05
6.58561330055818e-05
0.00011565964814508334
0.00017294340068474412
0.00021161629410926253
0.0003699732478708029
0.0003735487989615649
0.00012584775686264038
3.987984382547438e-05
