0.00011170867219334468
0.0003203078522346914
0.0004844061331823468
0.00046208506682887673
0.00025467725936323404
0.0001544410188216716
0.00019692510250024498
0.00023351851268671453
0.0002843692200258374
0.0004968831781297922
0.0002622576430439949
0.00016761841834522784
0.00028730410849675536
0.0006943319458514452
0.0006716668140143156
0.0006312585319392383
0.0005556480609811842
0.00023019725631456822
0.0002935849188361317
0.00016578786016907543
0.00020007607236038893
0.00024672862491570413
0.0003715440980158746
0.000516047584824264
0.0005006681894883513
0.0004963446408510208
0.0003786802990362048
0.0001564419799251482
0.0005837239441461861
0.0013307227054610848
0.003128541400656104
0.0054805707186460495
0.005466672591865063
0.0050426023080945015
0.00387701322324574
0.0029113672208040953
0.0022686440497636795
0.0012732477625831962
0.00016898543981369585
8.408737630816177e-05
0.00028574562747962773
0.0004528693971224129
0.0004088256973773241
0.0002574230602476746
7.245371671160683e-05
0.00013820512685924768
0.0003607426187954843
0.0006923337350599468
0.0004759046423714608
0.0002301724744029343
9.660382784204558e-05
0.0001396104780724272
0.0001333130494458601
0.00015168955724220723
0.00014739774633198977
9.788470197236165e-05
6.492857937701046e-05
0.00010726680920924991
0.00019909437105525285
0.0002455916255712509
0.00041291865636594594
0.00020168256014585495
9.540499740978703e-05
4.002495916211046e-05
