0.00011580925638554618
0.0003442486631684005
0.000362283579306677
0.000477035267977044
0.0002073675423162058
0.0001290307118324563
0.00016878440510481596
0.000174798522493802
0.00040230576996691525
0.000324793451000005
0.00020730770484078676
0.00020091954502277076
0.00027172762202098966
0.0005365584511309862
0.0007468283292837441
0.000590745359659195
0.0005320594646036625
0.0003569501277524978
0.00032908617868088186
0.00019185910059604794
0.00019146452541463077
0.0002603426983114332
0.0002928369212895632
0.0005203862092457712
0.00040100133628584445
0.0003639890637714416
0.00028435426065698266
0.00016025005606934428
0.0004512537270784378
0.0016485577216371894
0.00307238451205194
0.004477867390960455
0.005359889939427376
0.004372559953480959
0.004072817508131266
0.0032689301297068596
0.0023667518980801105
0.0018656644970178604
0.0004250428464729339
0.00012629656703211367
0.00024945143377408385
0.00039592955727130175
0.00036814057966694236
0.00028290465706959367
0.00014763772196602076
0.00019167395657859743
0.0003078011213801801
0.0005533142248168588
0.0006134105497039855
0.00016529859567526728
0.00016419152962043881
4.634763899957761e-05
0.0001867776591097936
0.0001339455193374306
8.72346936375834e-05
0.00012625822273548692
7.870721310609952e-05
0.00010307787306373939
0.00018723068933468312
0.00020346285600680858
0.00043927456135861576
0.00023996361414901912
0.00011528621689649299
3.7449877709150314e-05
