9.591929847374558e-05
0.0004121045640204102
0.0003981139452662319
0.000376959826098755
0.0002872267214115709
0.00011518623068695888
0.00015591835835948586
0.0001743282628012821
0.00038740751915611327
0.00028486293740570545
0.0002210863312939182
0.00016708987823221833
0.00024223299988079816
0.0005324132507666945
0.0005807613488286734
0.0006573440041393042
0.00042123167077079415
0.0002810779551509768
0.0002715929877012968
0.00016211139154620469
0.00021152653789613396
0.00021691234724130481
0.0002821999660227448
0.0004161862889304757
0.00040225801058113575
0.00035749617381952703
0.0002279531763633713
0.00010122276580659673
0.0005017938674427569
0.0011481242254376411
0.003202076070010662
0.004394511226564646
0.004544522147625685
0.004162461031228304
0.0033273654989898205
0.002470039064064622
0.002077176235616207
0.0010229983599856496
0.00022894184803590178
7.990582525962964e-05
0.0003948974481318146
0.00034781996509991586
0.0003280688833910972
0.00012080606393283233
0.0001119195221690461
5.940816117799841e-05
0.0002794459869619459
0.0005268062232062221
0.0003396875981707126
0.0001698120031505823
7.497923797927797e-05
8.648667426314205e-05
0.00011989346967311576
0.00010415502765681595
0.0001417956518707797
8.195364353014156e-05
6.528449739562348e-05
9.564240463078022e-05
0.00014824362006038427
0.00020244553161319345
0.00032067837310023606
0.00023992515343707055
8.910473843570799e-05
3.4229633456561714e-05
