0.00010786522761918604
0.00043324872967787087
0.00045713313738815486
0.00039999900036491454
0.000231887650443241
0.00012366213195491582
0.0001609600440133363
0.00019671492918860167
0.0004768501385115087
0.0004047414695378393
0.00024762627435848117
0.00016115454491227865
0.0002992334484588355
0.0006964628701098263
0.0006441992591135204
0.0007579140947200358
0.0004772506363224238
0.0003263353428337723
0.0003481009916868061
0.00024366170691791922
0.00020590140775311738
0.000209641526453197
0.0002677930169738829
0.0004201059346087277
0.0003719629894476384
0.0003277247888036072
0.0002420011005597189
0.00015162801719270647
0.0004377091827336699
0.0013683512806892395
0.0026122236158698797
0.004035850055515766
0.004867923445999622
0.0044381385669112206
0.003676408901810646
0.0026249701622873545
0.002163812518119812
0.0013480011839419603
0.00037081105983816087
6.783091521356255e-05
0.00017185130855068564
0.00043068299419246614
0.0003437204286456108
0.00015029226779006422
9.544800559524447e-05
0.00012625120871234685
0.0003652332234196365
0.0005754025187343359
0.0003622237127274275
0.0002049588947556913
8.022117253858596e-05
0.00010237237438559532
0.00012523117766249925
0.00015952384273987263
0.0001243666629306972
8.388354763155803e-05
7.647809252375737e-05
0.00013535303878597915
0.0001652494684094563
0.000257215928286314
0.00035317259607836604
0.0003056131536141038
9.516377031104639e-05
3.704220580402762e-05
