0.00012169621186330914
0.00016461042105220258
0.00031713899807073176
0.0003948132798541337
0.00028478814056143165
0.00012004308518953621
0.00014703183842357248
0.00019402294128667563
0.0003152546123601496
0.00040760921547189355
0.00025288204778917134
0.00023353345750365406
0.00025188998552039266
0.0005479113897308707
0.00038592767668887973
0.00048512424109503627
0.0004438930773176253
0.0002170769002987072
0.0002868656883947551
0.00019588424765970558
0.00027605119976215065
0.0003013942623510957
0.0002624072367325425
0.00028552120784297585
0.0002622532192617655
0.0002881701511796564
0.00021236433531157672
0.000349935085978359
0.0014894827036187053
0.0019185648998245597
0.002475305227562785
0.0028070202097296715
0.002406958257779479
0.0035127701703459024
0.0035710115917026997
0.0027824293356388807
0.002169422572478652
0.0015060140285640955
0.0005078043323010206
0.00019391527166590095
0.0006550709367729723
0.0003720826643984765
0.00026380227063782513
0.00019471095583867282
5.984669041936286e-05
0.00011233373516006395
0.00016015219443943352
0.00041971690370701253
0.0004945101100020111
0.0002550848585087806
8.612200326751918e-05
0.00018550088861957192
0.00017663865583017468
0.00016733321535866708
0.000193409388884902
0.00014715151337441057
0.00011293382704025134
0.0001863238721853122
0.0001758308062562719
0.00015292626630980521
0.0001953243336174637
0.00020530298934318125
6.564598879776895e-05
3.572649438865483e-05
