0.00011917536903638393
0.00040798194822855294
0.0005171381635591388
0.0005057697417214513
0.0002988061460200697
0.00014454837946686894
0.0001913298765430227
0.00022316562535706908
0.0004012366698589176
0.0004200713010504842
0.0002643221814651042
0.00022205873392522335
0.00035600014962255955
0.0006588904652744532
0.0008459416567347944
0.000678608485031873
0.0008240244933404028
0.0002795519831124693
0.00042205076897516847
0.000216143365832977
0.00026415300089865923
0.0002975644310936332
0.00043553014984354377
0.0005359750357456505
0.0004898816696368158
0.0004052949952892959
0.0002492120547685772
0.0001444436638848856
0.00047937940689735115
0.0012878898996859789
0.0035197327379137278
0.005201892927289009
0.005735474638640881
0.00530218193307519
0.004316972568631172
0.0032075170893222094
0.0025592991150915623
0.0013033596333116293
0.00010263746662531048
0.00010069821291835979
0.00035682294401340187
0.00046715387725271285
0.00039126205956563354
0.00028481805929914117
0.00011977378744632006
0.00012898945715278387
0.0003934313135687262
0.0006697517819702625
0.0006999570759944618
0.0003258247743360698
0.00010267394100083038
0.00011608612112468109
0.00013126121484674513
0.00015817646635696292
0.000133178400574252
9.682436939328909e-05
7.438361353706568e-05
0.0001121289751608856
0.0001977778592845425
0.00022158000501804054
0.0003707960422616452
0.0004142862744629383
0.00014583497249986976
4.170988540863618e-05
