0.0001011304630083032
0.0004211680789012462
0.00041813115240074694
0.00039299746276810765
0.0003020825097337365
0.00011712446575984359
0.00014729007671121508
0.00017852368182502687
0.0003254507901147008
0.0004064469540026039
0.0002496758534107357
0.000173167820321396
0.0002720551856327802
0.0005664246273227036
0.0005952288047410548
0.000555310514755547
0.0003988021635450423
0.0002543434966355562
0.0002946471213363111
0.00018411890778224915
0.0001850015833042562
0.00023526888980995864
0.00032612253562547266
0.0004142581601627171
0.0003720667737070471
0.00030152895487844944
0.00017797014152165502
0.00016634164785500616
0.00071499909972772
0.0014879651134833694
0.003029202576726675
0.004855100531131029
0.0046283346600830555
0.004201968666166067
0.003255596151575446
0.00247392151504755
0.0017293086275458336
0.0004651969065889716
0.0002808236167766154
8.072109631029889e-05
0.00028830397059209645
0.00039053024374879897
0.00032543798442929983
0.00024650420527905226
0.00011190456280019134
0.00012553883425425738
0.0003187080437783152
0.0005256522563286126
0.0004317900165915489
0.00016139606304932386
6.326423317659646e-05
0.00010203062993241474
0.00011255532444920391
0.0001016416572383605
0.000121639299322851
7.976940833032131e-05
6.235366163309664e-05
0.00010979455691995099
0.0001459995546611026
0.0002162839809898287
0.00032028942951001227
0.0003225185500923544
8.689669630257413e-05
3.6587931390386075e-05
