0.00010141864186152816
0.0003933565167244524
0.0003981738118454814
0.00042595548438839614
0.00031378158018924296
0.00010551315062912181
0.00015050265938043594
0.00017578589904587716
0.00029271721723489463
0.0004839872708544135
0.0002384945546509698
0.0001732177333906293
0.0002666603832039982
0.0005161229055374861
0.0005189256044104695
0.0005903713754378259
0.00046896690037101507
0.00023967286688275635
0.00025157583877444267
0.00017939139797817916
0.0001757709396770224
0.00024147747899405658
0.000263185182120651
0.0004256583342794329
0.00039470064803026617
0.00041205069283023477
0.0002612764365039766
0.00024073274107649922
0.0005539029953069985
0.0014761070488020778
0.003191314870491624
0.004891230724751949
0.0051316251046955585
0.004433662164956331
0.0035486940760165453
0.0027388802263885736
0.00218724156729877
0.0011517745442688465
0.00018386458395980299
7.294741226360202e-05
0.00024779082741588354
0.0004160515672992915
0.00039649821701459587
0.0002654554264154285
0.000138309842441231
0.0001284807949559763
0.00031653433688916266
0.000535511237103492
0.000563188164960593
0.00024785081041045487
8.298238390125334e-05
0.00012034714018227533
0.00013432239938993007
0.00012827696627937257
0.00013477618631441146
9.443537419429049e-05
6.684072286589071e-05
0.0001302910241065547
0.00015612781862728298
0.00019978256023023278
0.0003406506439205259
0.0003603386867325753
0.00012161393533460796
4.012407225673087e-05
