9.706374839879572e-05
0.00042499799747020006
0.00040680603706277907
0.0003748952585738152
0.0003144996881019324
0.00010743330494733527
0.00014829763676971197
0.00018295760673936456
0.00032401460339315236
0.00041376263834536076
0.0002092134382110089
0.0001732295349938795
0.00026698512374423444
0.000549738178960979
0.00042544680763967335
0.0006134255090728402
0.00043301927507855
0.00024247867986559868
0.00019132989109493792
0.0001507719571236521
0.00020711368415504694
0.00023227221390698105
0.00038155270158313215
0.0004084666143171489
0.00035586548619903624
0.00028978491900488734
0.00021358214144129306
0.0003129587566945702
0.0005482425913214684
0.0011588108027353883
0.0025285796727985144
0.004160591401159763
0.004961051978170872
0.004535022657364607
0.0038972110487520695
0.0024899484124034643
0.0018990960670635104
0.001125980750657618
0.0002026044821832329
8.31654469948262e-05
0.00031523278448730707
0.0004622197011485696
0.00037043701740913093
0.0002918195677921176
0.00011479193926788867
6.896792183397338e-05
0.0003071963437832892
0.0005283752107061446
0.00044561593676917255
0.00015689079009462148
7.571510650450364e-05
0.0001083101233234629
9.124037023866549e-05
0.00010829908569576219
0.0001378311135340482
0.000100903314887546
7.27912993170321e-05
0.0001498789933975786
0.00016499939374625683
0.00022608313884120435
0.00033747905399650335
0.00027869921177625656
0.00010788020153995603
3.868715793942101e-05
