9.176771709462628e-05
0.0003798920370172709
0.0003825685998890549
0.0003492110699880868
0.00015476641419809312
9.173780563287437e-05
0.00011962418648181483
0.0001756174606271088
0.00043695143540389836
0.000385577033739537
0.00024054993991740048
0.00018087834178004414
0.0002713829162530601
0.0006411782233044505
0.000545280403457582
0.0005823011160828173
0.0004709211061708629
0.00025258000823669136
0.00024177109298761934
0.00015903482562862337
0.00020431559823919088
0.00023737830633763224
0.0002978935372084379
0.0004130894085392356
0.00038520776433870196
0.00032329210080206394
0.00010395679419161752
0.0001540595112601295
0.0004872635763604194
0.0011389133287593722
0.002385781379416585
0.003923945128917694
0.004448086954653263
0.004035805352032185
0.0032966069411486387
0.0023094380740076303
0.0019423372577875853
0.0011791271390393376
0.00031835949630476534
5.313970541465096e-05
0.00027455948293209076
0.0003592570428736508
0.0002939263649750501
0.00016359683650080115
8.21004286990501e-05
9.876923286356032e-05
0.000267478812020272
0.0004978706128895283
0.000427969207521528
0.00019669291214086115
6.846104224678129e-05
8.53128731250763e-05
9.995112486649305e-05
0.00011368486593710259
0.00010680210107238963
8.03201473900117e-05
6.247506098588929e-05
0.0001069077625288628
0.00014664401533082128
0.00019620730017777532
0.0003489387745503336
0.00022617756621912122
7.28969243937172e-05
3.734141500899568e-05
