9.211205178871751e-05
0.0004215803637634963
0.00040626744157634676
0.00038942191167734563
0.00025353836826980114
0.00012039329158142209
0.0001503512467024848
0.00016944641538430005
0.00026442689704708755
0.0003558654570952058
0.00020791360293515027
0.0001734792604111135
0.0002497855166438967
0.0005699979956261814
0.0005317056202329695
0.0005591413355432451
0.00041498939390294254
0.0002074423391604796
0.000258457672316581
0.00016134903125930578
0.0002068214089376852
0.0002350949653191492
0.00038766028592363
0.0004270653298590332
0.0004001036868430674
0.0003333499189466238
0.00018362521950621158
0.00014076338266022503
0.00045322845107875764
0.0009921358432620764
0.0023006710689514875
0.004013289697468281
0.004624755121767521
0.004219775088131428
0.0033831982873380184
0.0023971963673830032
0.0017975782975554466
0.0008810869185253978
0.00023233375395648181
9.411651990376413e-05
0.0002715929877012968
0.00040348476613871753
0.00034293963108211756
0.0002631552633829415
0.00010144717816729099
9.341337863588706e-05
0.00027298429631628096
0.0005055154324509203
0.00045557727571576834
0.00022078710026107728
7.697178807575256e-05
7.85875236033462e-05
0.0001066984623321332
0.0001186781155411154
0.00010940998618025333
8.319723565364257e-05
6.474251131294295e-05
0.00010982505773426965
0.00015307587455026805
0.00018557009752839804
0.00031668395968154073
0.0002939439727924764
9.773696365300566e-05
3.888235005433671e-05
