5.168854113435373e-05
0.00012821151176467538
0.00010455673327669501
0.00013088382547721267
0.00011721674673026428
6.793565262341872e-05
6.60207006148994e-05
7.529620779678226e-05
0.00011670912499539554
0.00013214572391007096
9.025484177982435e-05
7.286513573490083e-05
0.00010390068928245455
0.0001302461459999904
0.00015882069419603795
0.00013320833386387676
0.00015997265290934592
7.266316242748871e-05
9.565779328113422e-05
7.146837015170604e-05
5.8316105423728004e-05
5.881347897229716e-05
9.25914864637889e-05
9.181260975310579e-05
8.935907681006938e-05
8.49590651341714e-05
4.655802695197053e-05
4.768660437548533e-05
9.952193795470521e-05
0.00020206402405165136
0.0004071005678270012
0.0005657380097545683
0.0006599349435418844
0.0006544191855937243
0.000569680065382272
0.0005584419122897089
0.000430991523899138
0.00028605604893527925
0.0001092182137654163
5.461705586640164e-05
5.1016973884543404e-05
8.780694042798132e-05
7.184781861724332e-05
6.503330951090902e-05
4.84720294480212e-05
4.456734313862398e-05
7.104742689989507e-05
0.00011361006181687117
0.00012210763816256076
7.33214255888015e-05
4.510181679506786e-05
4.893580626230687e-05
6.433016824303195e-05
5.901918848394416e-05
8.301583147840574e-05
5.2690891607198864e-05
4.2410312744323164e-05
5.670090831699781e-05
5.9477504692040384e-05
8.354385499842465e-05
0.00012053584214299917
0.00010630932229105383
6.353724893415347e-05
3.3511529181851074e-05
