9.977159788832068e-05
0.0002828430733643472
0.00044002023059874773
0.00039848516462370753
0.0002465640427544713
9.835034870775416e-05
0.00015075120609253645
0.00020090366888325661
0.0004317226994317025
0.0003835592360701412
0.00023891922319307923
0.00018398425891064107
0.00024671366554684937
0.0004792148538399488
0.0005790615105070174
0.0006954988348297775
0.0004708369669970125
0.00021821388509124517
0.0002497239620424807
0.0001664103619987145
0.0002211012615589425
0.0002463396522216499
0.00036984807229600847
0.0004481793730519712
0.0003959372406825423
0.0003231613663956523
0.0001856701128417626
0.00018300529336556792
0.0004077897174283862
0.0014434257755056024
0.002397159580141306
0.004265728406608105
0.004987719003111124
0.004598827101290226
0.0037101947236806154
0.002608917187899351
0.002039819722995162
0.0011346645187586546
0.00024081736046355218
7.035924500087276e-05
0.00026174893719144166
0.0004061178187839687
0.0003312853805255145
0.00027011189376935363
0.00010038497566711158
0.00010051962453871965
0.0003023218596354127
0.0005575031391344965
0.0005556480609811842
0.00021328218281269073
7.558046490885317e-05
9.945742931449786e-05
0.00011249423550907522
0.0001375767751596868
0.0001348539808532223
8.715988951735198e-05
7.686707249376923e-05
8.28662232379429e-05
0.00017532214405946434
0.0001627104211365804
0.00030396750662475824
0.0003688512369990349
0.0001284059981117025
4.1096503991866484e-05
