3.26438203046564e-05
5.8615256421035156e-05
5.680503090843558e-05
5.106019671075046e-05
4.4756186980521306e-05
4.129506123717874e-05
4.144888953305781e-05
3.907683276338503e-05
3.9720136555843055e-05
4.670668931794353e-05
3.948077210225165e-05
4.221854396746494e-05
4.027090108138509e-05
3.4834294638130814e-05
3.544143328326754e-05
3.980990368290804e-05
4.226342571200803e-05
3.5037501220358536e-05
4.411852569319308e-05
4.4806711230194196e-05
3.6249301047064364e-05
3.876266782754101e-05
3.89272317988798e-05
3.735637801582925e-05
3.5561115510063246e-05
3.593512883526273e-05
4.160562821198255e-05
4.983250255463645e-05
5.4760119382990524e-05
0.00011663207988021895
0.0001363201008643955
7.085294055286795e-05
5.843912367708981e-05
0.0001240236306330189
7.715231186011806e-05
4.8355756007367745e-05
4.94325504405424e-05
5.193225297261961e-05
4.128737054998055e-05
3.96414143324364e-05
4.4730033550877124e-05
5.0388844101689756e-05
4.693951632361859e-05
4.651751078199595e-05
4.288615673431195e-05
3.9452719647670165e-05
4.2600036977091804e-05
4.231392085785046e-05
4.376040669740178e-05
3.779958205996081e-05
3.5669581848196685e-05
3.8228761695791036e-05
3.723701593116857e-05
3.506555367494002e-05
3.539935642038472e-05
3.4509208489907905e-05
3.59874902642332e-05
3.8501748349517584e-05
3.690943049150519e-05
3.8472324376925826e-05
4.6414959797402844e-05
4.342557804193348e-05
3.584955629776232e-05
3.1970594136510044e-05
