9.360786498291418e-05
0.00041100993985310197
0.00039027465390972793
0.0003624978708103299
0.00022262721904553473
0.00012735876953229308
0.00014347123214975
0.00015552555851172656
0.00028348149498924613
0.00029622612055391073
0.00021179004397708923
0.00018328112491872162
0.0002726850798353553
0.0005448316223919392
0.0006266655982472003
0.000540358480066061
0.0006007839110679924
0.00024801018298603594
0.0002588382631074637
0.00016461877385154366
0.00017992463835980743
0.00019828090444207191
0.00032879915670491755
0.00039589416701346636
0.0004134933406021446
0.00035101830144412816
0.0001823243364924565
0.00015032048395369202
0.0005449064774438739
0.0010188552550971508
0.002234515966847539
0.0037765547167509794
0.004642109852284193
0.0042446088045835495
0.0033830036409199238
0.0023656596895307302
0.0019479473121464252
0.001105356845073402
0.00029751952388323843
7.1735616074875e-05
0.0002507394237909466
0.0003822465951088816
0.0003455894475337118
0.00019723927835002542
0.00010633925558067858
9.42212573136203e-05
0.0002765449171420187
0.0005312013672664762
0.00040246726712211967
0.00019410756067372859
8.079699910013005e-05
0.00011522579734446481
0.00011253290722379461
0.0001337917783530429
0.00014519169053528458
0.00010048970580101013
0.00010186606959905475
9.006222535390407e-05
0.000151220359839499
0.00022295024245977402
0.00035857147304341197
0.0002630505186971277
7.763686880934983e-05
3.0598905141232535e-05
