3.138855390716344e-05
5.94081575400196e-05
6.762147677363828e-05
6.350611511152238e-05
5.80776650167536e-05
4.542008900898509e-05
4.612322663888335e-05
4.2648745875339955e-05
4.176423681201413e-05
4.1789364331634715e-05
4.0040853491518646e-05
4.7368695959448814e-05
4.913309749099426e-05
5.328183397068642e-05
5.029347448726185e-05
4.894235098618083e-05
5.126309770275839e-05
5.1342580263735726e-05
4.037978942506015e-05
3.678788198158145e-05
3.7087091186549515e-05
3.8249276258284226e-05
4.472542059374973e-05
3.850833672913723e-05
3.828393164440058e-05
4.006443850812502e-05
4.4287011405685917e-05
4.479922790778801e-05
4.764920231536962e-05
5.9123911341885105e-05
7.042234938126057e-05
0.00011490933684399351
0.00013630515604745597
8.029302262002602e-05
6.84293481754139e-05
7.845288200769573e-05
6.906866474309936e-05
5.3778185247210786e-05
4.5047949242871255e-05
5.153332313057035e-05
4.034286757814698e-05
4.5270484406501055e-05
4.4746870116796345e-05
4.890588752459735e-05
4.4492535380413756e-05
4.250279380357824e-05
4.1919334762496874e-05
4.993816037313081e-05
4.788857404491864e-05
3.928628211724572e-05
3.939100861316547e-05
3.816424941760488e-05
3.9076836401363835e-05
3.508237932692282e-05
4.8083060391945764e-05
4.167996667092666e-05
3.6967405321775004e-05
3.5875291359843686e-05
3.817920878645964e-05
3.6204419302521273e-05
3.949573147110641e-05
4.016895036329515e-05
3.4962697100127116e-05
3.577056486392394e-05
