9.571931877871975e-05
0.0002982376317959279
0.00040985795203596354
0.00038187133031897247
0.00023135694209486246
0.00011725520744221285
0.00015005384921096265
0.00015940415323711932
0.0002680922334548086
0.0003969619865529239
0.0002525183081161231
0.00016956235049292445
0.0002905421715695411
0.000626620720140636
0.0007041011122055352
0.00042510268394835293
0.0004571684112306684
0.00025813066167756915
0.00023639838036615402
0.00016959226923063397
0.00019246313604526222
0.00022273197828326374
0.00029090698808431625
0.00041615634108893573
0.00039925097371451557
0.000338496349286288
0.00020759194740094244
0.0001088226999854669
0.0003023517783731222
0.0011866196291521192
0.002442477270960808
0.004035816993564367
0.0046496824361383915
0.004025512374937534
0.003120388835668564
0.002368232700973749
0.001742837717756629
0.0010276694083586335
0.0001817972370190546
8.62173837958835e-05
0.0002747646067291498
0.00041068080463446677
0.00033549065119586885
0.00024394775391556323
6.830311031080782e-05
0.00012342413538135588
0.0003107745433226228
0.0005284060607664287
0.00043936283327639103
0.00014685884525533766
7.062385702738538e-05
9.438581037102267e-05
0.00010777547140605748
0.00012540807074401528
8.299059118144214e-05
8.372178126592189e-05
5.863021215191111e-05
0.00010143221152247861
0.00014739087782800198
0.00018160554463975132
0.00029702583560720086
0.0003619992930907756
0.00012480051373131573
3.5295775887789205e-05
