9.71535118878819e-05
0.0003360444388817996
0.0003840660210698843
0.00036895592347718775
0.0003049548831768334
9.534329001326114e-05
0.00012240563228260726
0.00017033654148690403
0.0003462458844296634
0.00040118087781593204
0.00025199473020620644
0.00016547812265343964
0.0002626455097924918
0.0006088326335884631
0.000566853501368314
0.0004927839618176222
0.00043606324470601976
0.0003260810044594109
0.0002381413069088012
0.00016796156705822796
0.00018683150119613856
0.00020939802925568074
0.0003344420692883432
0.0003992060956079513
0.0003889730724040419
0.00035456393379718065
0.0001821089826989919
0.00020285880600567907
0.00045611587120220065
0.0009261299856007099
0.0019547543488442898
0.004169132560491562
0.004570176359266043
0.004153442103415728
0.0028846582863479853
0.002347532194107771
0.001804493018426001
0.0008817730704322457
0.00021509836369659752
7.722050213487819e-05
0.0002502910792827606
0.00036699610063806176
0.0003104753268416971
0.0002607167116366327
9.91133347270079e-05
0.0001251850335393101
0.0003121318877674639
0.0005258402670733631
0.00042830518214032054
0.00020629227219615132
7.84229559940286e-05
8.753390284255147e-05
0.0001146124122897163
0.0001078801869880408
0.00012140448234276846
8.388354763155803e-05
8.219300798373297e-05
5.6909753766376525e-05
0.00015895534306764603
0.00020101440895814449
0.00032372280838899314
0.00016780915029812604
7.359632581938058e-05
3.646436016424559e-05
