9.746728028403595e-05
0.00030308481655083597
0.00039589416701346636
0.00038506838609464467
0.00025398447178304195
0.00010708728223107755
0.0001419901236658916
0.0001755265548126772
0.0003325371362734586
0.00038714599213562906
0.00022718821128364652
0.00017734646098688245
0.00024657053290866315
0.0006368227768689394
0.0005661353934556246
0.0005489035975188017
0.0003504488558974117
0.00028305177693255246
0.0002536291431169957
0.00016278614930342883
0.00020207992929499596
0.00021419233235064894
0.0003168933617416769
0.0004036942555103451
0.0003862203739117831
0.0003430593351367861
0.00023070594761520624
0.00010817939619300887
0.00028222991386428475
0.0007929365965537727
0.0018533969996497035
0.004337489139288664
0.004788089077919722
0.00440381933003664
0.003518517827615142
0.00264036119915545
0.0021862618159502745
0.001264587277546525
0.0002096779935527593
7.18552983016707e-05
0.0002991950896102935
0.00036321807419881225
0.0003293144691269845
0.00025385426124557853
7.539252692367882e-05
0.00013214613136369735
0.0003065706405322999
0.0005094051593914628
0.0005336262402124703
0.00017801715875975788
8.191327651729807e-05
0.00011088725295849144
0.00011680039460770786
0.0001254288654308766
0.00012662570225074887
8.60528161865659e-05
7.361221651080996e-05
8.599297143518925e-05
0.00015461680595763028
0.00017728196689859033
0.000349465903127566
0.0002744825615081936
6.772619963157922e-05
3.665323310997337e-05
