9.686533303465694e-05
0.00036099529825150967
0.00040052903932519257
0.00037178347702138126
0.0002463396522216499
0.00010917924373643473
0.00013661442790180445
0.00015458920097444206
0.00034582699299789965
0.0003957651788368821
0.00023642083397135139
0.00016084035451058298
0.0002775898901745677
0.0006665951223112643
0.0005522819119505584
0.0005461630644276738
0.0005429915036074817
0.00023100513499230146
0.00030102027812972665
0.00017310798284597695
0.00015982304466888309
0.00021362102415878326
0.0002970414061564952
0.00038509242585860193
0.00036617930163629353
0.00028958485927432775
0.00017934650531969965
0.00012441154103726149
0.000288962124614045
0.0007895405869930983
0.002577607287093997
0.004142073914408684
0.004564423114061356
0.004081703256815672
0.0033220695331692696
0.0024265339598059654
0.0021214892622083426
0.001303044962696731
0.0003675197367556393
4.767912469105795e-05
0.0002543772861827165
0.0003876997798215598
0.00032190512865781784
0.0002208658988820389
6.585520168300718e-05
0.00011899584205821157
0.0002463695709593594
0.000537897227331996
0.0003127287491224706
0.00017016073979903013
8.077175880316645e-05
0.00010552583262324333
0.00011180970614077523
0.00012186825915705413
0.0001262516889255494
8.230554522015154e-05
5.423556285677478e-05
9.268032590625808e-05
0.000152208172949031
0.0001512506860308349
0.00032565335277467966
0.00017272088734898716
9.386219608131796e-05
3.7972378777340055e-05
