0.0001215239244629629
0.0004506999393925071
0.000413343746913597
0.0004213775391690433
0.00035807964741252363
9.67794912867248e-05
0.00014230431406758726
0.00022476659796666354
0.0004493923916015774
0.0004752354579977691
0.00028025510255247355
0.00019653033814392984
0.0002816015621647239
0.00058775331126526
0.0007520495564676821
0.000700754695571959
0.0005915293004363775
0.00038376590237021446
0.00022563710808753967
0.0002539152919780463
0.00020232584211044014
0.00027157802833244205
0.00038687861524522305
0.0006783241988159716
0.0003877463168464601
0.0005754856974817812
0.00021766035933978856
0.0001148218652815558
0.0007082917727530003
0.0013188039883971214
0.004300234839320183
0.005454016383737326
0.005643370561301708
0.005332192871719599
0.004654258023947477
0.003057044232264161
0.0026298321317881346
0.001103998743928969
0.00030783243710175157
0.00010838885646080598
0.00032028942951001227
0.0004983792896382511
0.0003784259024541825
0.00030151402461342514
0.00012869025522377342
0.00010497785842744634
0.00025488209212198853
0.0006380391423590481
0.0005155306425876915
0.00016731637879274786
8.499342948198318e-05
0.00011068060848629102
0.00012891466030851007
0.00013479414337780327
0.00013147290155757219
9.000238787848502e-05
7.02762117725797e-05
0.0001206086526508443
0.00019014238205272704
0.00026676070410758257
0.00040697059012018144
0.0003444805333856493
0.00011856198398163542
3.6922523577231914e-05
