3.657843262772076e-05
7.722611189819872e-05
7.259131962200627e-05
5.604204852716066e-05
4.5853943447582424e-05
3.663827374111861e-05
3.961064794566482e-05
4.083357998752035e-05
4.186883961665444e-05
3.855321847368032e-05
4.812793849851005e-05
3.6368986911838874e-05
3.8268968637567014e-05
4.102170350961387e-05
4.5120876166038215e-05
3.9705177186988294e-05
4.217188325128518e-05
4.244107913109474e-05
4.0676673961570486e-05
3.6339064536150545e-05
3.823904989985749e-05
4.034848097944632e-05
4.0858580177882686e-05
4.354863631306216e-05
4.21411132265348e-05
4.072590309078805e-05
4.0303595596924424e-05
4.1994135244749486e-05
5.4979849664960057e-05
7.05537386238575e-05
0.00013937204494141042
0.0003300137468613684
0.0003984131617471576
0.0005204454646445811
0.00032766078948043287
0.00018434050434734672
0.0001885921083157882
9.5313363999594e-05
4.922005973639898e-05
4.0833576349541545e-05
4.22335033363197e-05
4.1814608266577125e-05
3.7480134778888896e-05
3.534192728693597e-05
3.80380151909776e-05
3.6937482946086675e-05
3.828393164440058e-05
3.855321847368032e-05
3.856817784253508e-05
3.421467408770695e-05
3.375089727342129e-05
3.342793570482172e-05
3.500350794638507e-05
3.4265132853761315e-05
3.67981665476691e-05
3.71319692931138e-05
3.394538725842722e-05
3.48878966178745e-05
3.4334356314502656e-05
3.4947737731272355e-05
3.8480018702102825e-05
4.051823270856403e-05
3.690943049150519e-05
3.215012475266121e-05
