9.724326810101047e-05
0.0003651563310995698
0.00038865889655426145
0.00033999240258708596
0.00019429215171840042
9.125062206294388e-05
0.00012650601274799556
0.0001997376821236685
0.00028261885745450854
0.00035040423972532153
0.00023802538635209203
0.00019650059402920306
0.0002989791100844741
0.0005402256501838565
0.0005726880626752973
0.0005784179666079581
0.0005269369576126337
0.00022605039703194052
0.00026907961000688374
0.0001841039484133944
0.0002009067393373698
0.00023404891544487327
0.00036136904964223504
0.0003732112527359277
0.0003782501444220543
0.00032070832094177604
0.00016380254237446934
0.00015508057549595833
0.00034084514481946826
0.0010668650502339005
0.0026616204995661974
0.00416863989084959
0.004397070500999689
0.0041924635879695415
0.003183351131156087
0.002137033035978675
0.0018857417162507772
0.0011170710204169154
0.00025628836010582745
0.00010642902634572238
0.00023974206123966724
0.0003745701687876135
0.00029507422004826367
0.00024320169177372009
7.396472938125953e-05
9.716846398077905e-05
0.00028363618184812367
0.0005665243952535093
0.0005008028820157051
0.00022736971732228994
7.321671000681818e-05
9.641923679737374e-05
0.00011407097190385684
0.0001359161688014865
0.00011820293730124831
7.649305189261213e-05
7.773477409500629e-05
4.583898407872766e-05
0.00015041288861539215
0.0001933076564455405
0.000360293808626011
0.00024620501790195704
9.630075510358438e-05
3.482660395093262e-05
