9.746526484377682e-05
0.0003172075666952878
0.0003885458572767675
0.00036442565033212304
0.0001731229422148317
9.836530807660893e-05
0.00012906425399705768
0.00015326449647545815
0.00029363410430960357
0.0002990006178151816
0.00021103287872392684
0.0001686198520474136
0.00021565565839409828
0.000538781750947237
0.0005601714947260916
0.0005638940492644906
0.0004733972018584609
0.0002808423014357686
0.00022697234817314893
0.00014997905236668885
0.00018410396296530962
0.0002211462997365743
0.0003055634442716837
0.000395198876503855
0.00036321295192465186
0.00028891724650748074
0.00015029226779006422
0.0001691284851403907
0.0005113116931170225
0.0012388186296448112
0.002709123771637678
0.004198789596557617
0.004588786978274584
0.004237516317516565
0.003056027926504612
0.0023798001930117607
0.0019109771819785237
0.0009141017217189074
0.00024200111511163414
6.971594120841473e-05
0.00022977837943471968
0.0003887038037646562
0.00031128322007134557
0.0002771732397377491
0.00011211401579203084
6.329788448056206e-05
0.0003474353579804301
0.0005199147271923721
0.0004348095098976046
0.00020917497749906033
6.943169864825904e-05
0.0001084075411199592
0.00011422531679272652
0.00012489121581893414
0.00010288338671671227
8.159458229783922e-05
6.842934089945629e-05
8.502053242409602e-05
0.0001593293563928455
0.0002203813346568495
0.00033246021484956145
0.00026792948483489454
5.4601165174972266e-05
3.4556891478132457e-05
