9.754987695487216e-05
0.0003951966355089098
0.00038457472692243755
0.00035172715433873236
0.0002207351353717968
0.0001136530700023286
0.00014006021956447512
0.00016360805602744222
0.00031296256929636
0.0003085246426053345
0.0002160587755497545
0.00016236632654909045
0.0002263206260977313
0.00045260009937919676
0.0006143231294117868
0.0004312514793127775
0.0006444386672228575
0.0002547849144320935
0.00025663856649771333
0.00015614184667356312
0.00017942131671588868
0.00022063749202061445
0.00025604901020415127
0.0004097817582078278
0.0003936375433113426
0.00029022066155448556
0.00015008564514573663
0.00016657022933941334
0.0004256263200659305
0.0010201268596574664
0.002062200801447034
0.003843443002551794
0.004812540020793676
0.004220325965434313
0.003242950653657317
0.0022715514060109854
0.0017719520255923271
0.0009319496457464993
0.0001581041724421084
8.133642404573038e-05
0.00036864177673123777
0.0004150342720095068
0.0003341830743011087
0.00013545302499551326
4.9324778956361115e-05
0.00010535185720073059
0.00034015162964351475
0.0005220571183599532
0.00039549588109366596
0.00019921404600609094
7.3129718657583e-05
0.0001230202178703621
0.00011637775605777279
0.00011197935964446515
0.00013293905067257583
8.449691813439131e-05
6.573060090886429e-05
0.00010228776227449998
0.00014911133621353656
0.00021079348516650498
0.0003180004423484206
0.00031578628113493323
0.00010976521298289299
3.66802305507008e-05
