9.98464020085521e-05
0.00023695940035395324
0.0003917992871720344
0.0003766606096178293
0.0002625269116833806
0.00010227000166196376
0.0001332232786808163
0.0001741253217915073
0.000325991801219061
0.00036588902003131807
0.0002444097481202334
0.00018447794718667865
0.0002619883161969483
0.0005204161279834807
0.0006504293414764106
0.0005670778919011354
0.0005487513262778521
0.0002461900294292718
0.0002993746311403811
0.0001706226757960394
0.00017834416939876974
0.00022272822388913482
0.0002837708161678165
0.00042249957914464176
0.0004054595483466983
0.0003629268321674317
0.00022487413662020117
0.00013358608703128994
0.00039797648787498474
0.0010939869098365307
0.0025627491995692253
0.004330571740865707
0.004859126638621092
0.004413967486470938
0.0034489796962589025
0.002610578201711178
0.00212888908572495
0.0011453761253505945
0.00027988108922727406
6.853406375739723e-05
0.0002485837321728468
0.0004149744345340878
0.00033713493030518293
0.00027995588607154787
0.00011118646943941712
9.535824210615829e-05
0.00025978911435231566
0.0005225255154073238
0.0005422284593805671
0.00018000922864302993
7.572171307401732e-05
9.513477561995387e-05
0.00010689746704883873
0.0001383706257911399
0.00013362248137127608
8.469140448141843e-05
6.121370097389445e-05
0.00011695934517774731
0.00015577624435536563
0.00022290307970251888
0.00035265833139419556
0.0002578414569143206
8.291110134450719e-05
3.485797060420737e-05
