9.572182898409665e-05
0.0003947927034460008
0.00038574161590076983
0.0003749401366803795
0.0002023681008722633
0.00010754867253126577
0.00015070555673446506
0.00016389232769142836
0.0002933605283033103
0.0003786204324569553
0.00022213357442524284
0.00016142382810357958
0.00024367666628677398
0.0004733054665848613
0.0006739258533343673
0.000455756759038195
0.00044996157521381974
0.0002454629575368017
0.0002756248286459595
0.00015727976278867573
0.0001816953154047951
0.0002262177731608972
0.0002674488932825625
0.0004167697043158114
0.0004032070573884994
0.00033385236747562885
0.00019103099475614727
0.0001734520774334669
0.0005073377978987992
0.0012550955871120095
0.0028522154316306114
0.004475435707718134
0.004803948570042849
0.004288456402719021
0.0033383802510797977
0.0025409806985408068
0.0018972116522490978
0.0012590109836310148
0.0001806368527468294
7.520177314290777e-05
0.00030419285758398473
0.0003868973581120372
0.0003403285227250308
0.00021508247300516814
8.934880315791816e-05
0.00012298375077079982
0.00037241645622998476
0.0005574133829213679
0.00044938360224477947
0.00021933593961875886
8.00985362729989e-05
9.425117605132982e-05
0.0001248154731001705
0.0001283538731513545
0.00010390069655841216
8.324023656314239e-05
6.135419971542433e-05
0.00010525664401939139
0.00015735041233710945
0.00019526894902810454
0.00035580567782744765
0.000267104827798903
9.104962373385206e-05
3.6941222788300365e-05
