0.00010460384510224685
0.0002783251693472266
0.0004024998052045703
0.0003820904821623117
0.0001581175602041185
9.630075510358438e-05
0.00013589311856776476
0.00016410343232564628
0.0003080554597545415
0.0004002136702183634
0.00023914063058327883
0.00017284804198425263
0.0002702465280890465
0.0005388773279264569
0.0006989846006035805
0.0006292017060332
0.0004913873854093254
0.00024024819140322506
0.00022919490584172308
0.0001682308648014441
0.000177162277395837
0.00023066105495672673
0.00025111204013228416
0.0004117429780308157
0.00039093292434699833
0.0003522300976328552
0.00024089400540105999
0.00010212039342150092
0.00028230471070855856
0.001127645024098456
0.002765138866379857
0.004472665023058653
0.004976543132215738
0.004556016530841589
0.003677691100165248
0.0027550626546144485
0.002260622102767229
0.000765513104852289
0.00019378245633561164
7.399371679639444e-05
0.0003245232510380447
0.00041260450961999595
0.00034652266185730696
0.0002258755557704717
8.833149331621826e-05
0.00012550366227515042
0.00031873350962996483
0.0005458189989440143
0.00046729133464396
0.00020551243505906314
8.08315962785855e-05
0.0001098400098271668
0.00013708308688364923
0.00012688002607319504
0.00014154132804833353
8.929923933465034e-05
7.746548362774774e-05
8.80575244082138e-05
0.00016323404270224273
0.00019746366888284683
0.000341608130838722
0.00031159736681729555
9.161812340607867e-05
3.600993295549415e-05
