9.443536691833287e-05
0.00021453358931466937
0.00036859436659142375
0.00034823562600649893
0.0002248563541797921
0.00010448415559949353
0.00013237052189651877
0.00016429624520242214
0.00022162488312460482
0.00034501258051022887
0.00021117473079357296
0.00016543405945412815
0.0003017131530214101
0.0005756886093877256
0.0005694098654203117
0.0005905826692469418
0.000412625668104738
0.00022599335352424532
0.00025667736190371215
0.00015217823965940624
0.0001609750179341063
0.00023564287403132766
0.00031516229500994086
0.00039796438068151474
0.0003859061689581722
0.00032784449285827577
0.00020410613797139376
0.00010776049748528749
0.00033536963746882975
0.0011854198528453708
0.0030799636151641607
0.004073236603289843
0.004698331002146006
0.004366656765341759
0.0031849730294197798
0.0024107194039970636
0.0019314844394102693
0.001099991612136364
0.00029085754067637026
8.85811386979185e-05
0.0002479254617355764
0.00039536121767014265
0.00032440354698337615
0.00028027009102515876
0.00010931639553746209
0.00012059327127644792
0.0004339958250056952
0.0005290192784741521
0.0003940344031434506
0.000160815121489577
7.01469907653518e-05
9.426052565686405e-05
0.00010940616630250588
0.00012538398732431233
0.0001159289458882995
7.77347813709639e-05
6.458449934143573e-05
8.714493014849722e-05
0.00014537491369992495
0.000206129188882187
0.00036502128932625055
0.0002442750846967101
9.478975698584691e-05
3.7655587220797315e-05
