0.00010374144039815292
0.0003269618027843535
0.0003824081504717469
0.0003678098728414625
0.00014160116552375257
9.489447256783023e-05
0.00014619404100812972
0.0001618576789041981
0.00024647428654134274
0.00044957807403989136
0.00028306772583164275
0.0001714025711407885
0.00028833476244471967
0.0005068240570835769
0.0005287042004056275
0.000607905094511807
0.0005412112222984433
0.0002460404357407242
0.00029098178492859006
0.00016490333655383438
0.0001861085183918476
0.00024632466374896467
0.0002549718483351171
0.00044966783025301993
0.0004744873440358788
0.00032241380540654063
0.00015620261547155678
0.00019066673121415079
0.0005876912618987262
0.001211601309478283
0.003143644193187356
0.004542577546089888
0.00468104425817728
0.0041481624357402325
0.0032442749943584204
0.00239962013438344
0.001974906073883176
0.0010313921375200152
0.000266296963673085
7.49970058677718e-05
0.00019975264149252325
0.0004036194004584104
0.00035459388163872063
0.00027232602587901056
9.676453191787004e-05
0.00010648929310264066
0.00034525871160440147
0.00053334393305704
0.00033297966001555324
0.00017514260252937675
7.083798118401319e-05
0.0001040054194163531
0.00011384942627046257
0.00011070772598031908
0.0001382799237035215
8.520005940226838e-05
7.54458160372451e-05
0.00010618729720590636
0.00012759346282109618
0.00025001991889439523
0.0003261389792896807
0.0002638733421918005
9.80062541202642e-05
3.808944165939465e-05
