9.591929847374558e-05
0.0003569127293303609
0.0003712863544933498
0.0003589801490306854
0.0001764086337061599
0.00010627754818415269
0.00014069137978367507
0.0001679017295828089
0.00027522837626747787
0.0004055792232975364
0.00021701249352190644
0.00017908627341967076
0.00025742303114384413
0.000603934982791543
0.000636727490928024
0.000565849244594574
0.0005347098922356963
0.00023991130001377314
0.0002665512729436159
0.00016250098997261375
0.00020046831923536956
0.00022315022943075746
0.00030388805316761136
0.00040230012382380664
0.0003741967666428536
0.000310916657326743
0.00018635924789123237
0.0001351756218355149
0.00045904808212071657
0.001148383249528706
0.00222835224121809
0.003909613471478224
0.004532650113105774
0.003996354527771473
0.0032296886201947927
0.002477638889104128
0.002182976808398962
0.0014070204924792051
0.00041545319254510105
8.749723201617599e-05
0.0002494009386282414
0.0003505442291498184
0.00032158257090486586
0.0002033992495853454
8.24660382932052e-05
0.0001209491238114424
0.0003418773994781077
0.0005119783454574645
0.00044574818457476795
0.00020250538364052773
7.448835094692186e-05
7.896152965258807e-05
0.00011178487329743803
0.00010931639553746209
0.00012957291619386524
8.460164826828986e-05
6.11696086707525e-05
9.26738721318543e-05
0.00014822074444964528
0.00020134513033553958
0.0003194694872945547
0.00019917105964850634
8.092416828731075e-05
3.741860200534575e-05
