9.8857402917929e-05
0.000315083161694929
0.0003979643515776843
0.0003710633027367294
0.000258992105955258
0.00011916882067453116
0.00014652503887191415
0.00016518638585694134
0.0003131832054350525
0.00038224083255045116
0.00022255245130509138
0.00016129198775161058
0.00023299487656913698
0.0004503261297941208
0.0006633786833845079
0.0004740983422379941
0.0006584716029465199
0.00018503150204196572
0.0003115375293418765
0.0001640618429519236
0.00019127434643451124
0.0002327728143427521
0.0003761996340472251
0.00042317277984693646
0.00040351468487642705
0.000336042809067294
0.00020115799270570278
0.00015772858751006424
0.0005920983967371285
0.001191103714518249
0.0024908636696636677
0.004660765174776316
0.004879936575889587
0.004411014728248119
0.0035416302271187305
0.0025825160555541515
0.0020771464332938194
0.0011584516614675522
0.00030001794220879674
6.492857937701046e-05
0.00021973987168166786
0.0004277208063285798
0.000338930229190737
0.000321052415529266
0.00012824144505430013
6.89230437274091e-05
0.0002604922919999808
0.0005218223668634892
0.0005375159671530128
0.00021631541312672198
8.859610534273088e-05
7.188521703938022e-05
0.00011291726696072146
9.947238868335262e-05
0.00012187772517791018
8.615123806521297e-05
5.9465193771757185e-05
8.763567166170105e-05
0.0001528196589788422
0.00022126585827209055
0.0003562189231161028
0.0002697948948480189
8.764797530602664e-05
3.678787834360264e-05
