9.733303159009665e-05
0.0004100699152331799
0.00038236708496697247
0.0003724117996171117
0.0002302421344211325
0.00010198575182585046
0.00012961779430042952
0.00015663119847886264
0.0003110551042482257
0.00030155418789945543
0.0001994384656427428
0.00015841676213312894
0.00020284944912418723
0.00036231346894055605
0.000589237199164927
0.0005642248434014618
0.00029205894679762423
0.0002681969490367919
0.0002801802766043693
0.00017402057710569352
0.0001838395546656102
0.00019565345428418368
0.000330911367200315
0.00039741082582622766
0.0003882400051224977
0.00034825055627152324
0.00022361462470144033
0.00010060938075184822
0.0003999100881628692
0.0010474816663190722
0.0026526444125920534
0.004217233974486589
0.004675009753555059
0.004058145917952061
0.0031043344642966986
0.0024202207569032907
0.0020978066604584455
0.0012244423851370811
0.00033910974161699414
6.427032349165529e-05
0.00017952604684978724
0.0004094689793419093
0.0003178044280502945
0.00021682021906599402
8.715110743651167e-05
0.00010704873420763761
0.00040023832116276026
0.0005142224254086614
0.0004540213558357209
0.00022195401834324002
7.84977528383024e-05
8.338985207956284e-05
0.00011537539830897003
0.00010659358667908236
0.0001262516889255494
7.867728709243238e-05
6.623053923249245e-05
0.00011327105312375352
0.0001535201008664444
0.00023377563047688454
0.00033007358433678746
0.0002609560324344784
9.187245450448245e-05
3.7401256122393534e-05
