0.00011467224976513535
0.000369740417227149
0.0005196830607019365
0.0005023737321607769
0.00032956796349026263
0.00013923720689490438
0.0001968979777302593
0.00021819800895173103
0.0004474836168810725
0.0004924399545416236
0.000282588938716799
0.00020189197675790638
0.00026472611352801323
0.0005556331016123295
0.0008787800325080752
0.0006106878281570971
0.0008975703967735171
0.00034595862962305546
0.000272670149570331
0.00021047930931672454
0.00025074693257920444
0.0002782205701805651
0.00045298910117708147
0.0004953123861923814
0.0004619055544026196
0.0003906935453414917
0.00019253850041422993
0.00023486492864321917
0.0005921217962168157
0.001354733482003212
0.002703482750803232
0.005042721517384052
0.006024654023349285
0.00556099833920598
0.004641406703740358
0.0032862392254173756
0.002838381566107273
0.0018096525454893708
0.00048451084876433015
5.635621346300468e-05
0.00037709338357672095
0.0004678299301303923
0.0004292318189982325
0.0003409499186091125
0.00013340280565898865
8.964334119809791e-05
0.0004661596321966499
0.0007344111218117177
0.0005718203610740602
0.0002706504601519555
8.143826562445611e-05
0.00010762559395516291
0.00012525681813713163
0.0001564868725836277
0.00015138532035052776
0.00010084875248139724
7.691387872910127e-05
0.00017954099166672677
0.00019708967010956258
0.00022117608750704676
0.00040175282629206777
0.00032106932485476136
7.34859931981191e-05
3.961541369790211e-05
