9.8499956948217e-05
0.0003181874635629356
0.00038076212513260543
0.00036665613879449666
0.0001454282464692369
0.00011484523565741256
0.00014131690841168165
0.0001656032691244036
0.00040228792931884527
0.0003604882804211229
0.00022657682711724192
0.00016394963313359767
0.00035634427331387997
0.0005654771230183542
0.000575169688090682
0.0005558643024414778
0.0004308625066187233
0.00024259951896965504
0.00028050944092683494
0.0001674080267548561
0.0001588057348271832
0.00020204159955028445
0.0002764677337836474
0.000392045418266207
0.000387669017072767
0.0002982974692713469
0.00016121439693961293
0.00013308864436112344
0.0003948375815525651
0.0009997206507250667
0.002198834903538227
0.003931830171495676
0.004729642998427153
0.00412273034453392
0.0032184149604290724
0.0024333475157618523
0.0017226787749677896
0.0008856673957780004
0.00022347531921695918
8.636698476038873e-05
0.0002840251545421779
0.0003972911508753896
0.00031874849810265005
0.0002560938592068851
9.609132393961772e-05
9.063073230208829e-05
0.00037662420072592795
0.000561086751986295
0.0004115672199986875
0.00019747023179661483
9.341805707663298e-05
0.00010436447337269783
0.00010322747402824461
0.00012198794138384983
0.00013585634587798268
8.314153819810599e-05
6.683047104161233e-05
9.901892190100625e-05
0.00015240638458635658
0.00021501234732568264
0.00034006719943135977
0.0003048800863325596
9.306929132435471e-05
4.006422750535421e-05
