3.0474544473690912e-05
3.7102050555404276e-05
3.7134024751139805e-05
3.7695492210332304e-05
3.92937618016731e-05
3.7176854675635695e-05
3.7461104511749e-05
3.532174741849303e-05
3.615953755797818e-05
3.664177347673103e-05
3.829542038147338e-05
3.65597297786735e-05
3.6937482946086675e-05
3.4738288377411664e-05
3.605107485782355e-05
3.5590099287219346e-05
3.7068388337502256e-05
3.915070556104183e-05
3.638487760326825e-05
3.719555388670415e-05
3.509734233375639e-05
3.509733869577758e-05
3.506741995806806e-05
3.787999594351277e-05
3.600993295549415e-05
3.635402754298411e-05
4.160562821198255e-05
3.838002885458991e-05
3.810313864960335e-05
4.82906361867208e-05
5.070163024356589e-05
6.351855699904263e-05
4.2822572140721604e-05
6.566444790223613e-05
5.8781690313480794e-05
5.1739967602770776e-05
6.4233856392093e-05
4.484130477067083e-05
4.506384357227944e-05
4.275642641005106e-05
3.818107506958768e-05
3.883279350702651e-05
3.592647408368066e-05
3.6872512282570824e-05
3.831849244306795e-05
4.1994135244749486e-05
3.5908014979213476e-05
3.50524605892133e-05
3.756115256692283e-05
3.646436016424559e-05
3.608286351663992e-05
3.5605997254606336e-05
3.464970359345898e-05
3.633906817412935e-05
3.83877195417881e-05
3.666071279440075e-05
3.72965369024314e-05
3.7704208807554096e-05
3.7863163015572354e-05
3.9061873394530267e-05
3.8478417991427705e-05
3.949573147110641e-05
3.7191814044490457e-05
3.319735697004944e-05
