9.806609887164086e-05
0.0004174129862803966
0.00041789174429140985
0.00037670551682822406
0.00020091624173801392
0.00010718717385316268
0.00014906833530403674
0.00015543962945230305
0.0002498703252058476
0.000385980965802446
0.0002336082688998431
0.00016449073154944927
0.0002009943564189598
0.00039224946522153914
0.0006494654226116836
0.0004423072678036988
0.0006742400000803173
0.0002285172085976228
0.00024503993336111307
0.00016952586884144694
0.00020074470376130193
0.0002091179194394499
0.00028401019517332315
0.0004055194149259478
0.0003885093319695443
0.00034510891418904066
0.00023202243028208613
0.00010101332009071484
0.0004808809608221054
0.0010818938026204705
0.003029307583346963
0.004039171151816845
0.00457897549495101
0.004183600191026926
0.0034713903442025185
0.0023841357324272394
0.0019698196556419134
0.0011927412124350667
0.0003438970888964832
5.8241239457856864e-05
0.0002748286642599851
0.0003810313355643302
0.0003209467395208776
0.00021987452055327594
8.897011139197275e-05
0.0001000857591861859
0.0002891715557780117
0.0005098989349789917
0.00045982602750882506
0.00022330047795549035
7.58048627176322e-05
7.74056461523287e-05
0.00011386438563931733
9.5313363999594e-05
0.00010462594946147874
8.353103476110846e-05
7.17730144970119e-05
0.00010475344606675208
0.00015098140283953398
0.00018211420683655888
0.000301214779028669
0.0003275901544839144
0.00011030378664145246
4.22335033363197e-05
