9.226141264662147e-05
0.0003650362486951053
0.00034334356314502656
0.0002978187403641641
0.00017668654618319124
0.00012279300426598638
0.00015406326565425843
0.00019324480672366917
0.0003209028218407184
0.000563248002436012
0.00031321312417276204
0.0001686721370788291
0.00034979713382199407
0.0006140089826658368
0.0005561866564676166
0.0004917667247354984
0.0003837387193925679
0.00022919566254131496
0.00026506828726269305
0.00019457723828963935
0.0002020116662606597
0.0002513813378755003
0.00027682914515025914
0.0004781975585501641
0.00046052917605265975
0.0004008367541246116
0.00027780159143731
0.00011989632184850052
0.00042129578650929034
0.0010267311008647084
0.0029020686633884907
0.004310469143092632
0.0050949291326105595
0.004935532808303833
0.00402263505384326
0.003530170302838087
0.0026607257314026356
0.0015091107925400138
0.00035003089578822255
0.00010560619557509199
0.00023655548284295946
0.0003637347253970802
0.00036113159148953855
0.0002872194745577872
0.00014746698434464633
0.00014650820230599493
0.00043801363790407777
0.0005743038491345942
0.0005407024873420596
0.00023912869801279157
7.881193596404046e-05
8.171330409822986e-05
8.157589036272839e-05
0.0001171977783087641
0.00014001534145791084
0.00010285346070304513
7.034429290797561e-05
9.113938722293824e-05
0.00015012864605523646
0.00016906863311305642
0.0003028637438546866
0.00024397850211244076
6.733348709531128e-05
3.6416669900063425e-05
