9.101970499614254e-05
0.0002495142398402095
0.0004287871706765145
0.0003984056820627302
0.00022015877766534686
0.00011618326243478805
0.00015296631318051368
0.00017755125008989125
0.0002729244588408619
0.0004551583551801741
0.0002210812526755035
0.00017034116899594665
0.0002275573933729902
0.0005148231284692883
0.0005723505164496601
0.0007165782153606415
0.0006749880267307162
0.0004342735046520829
0.0005202944739721715
0.0003438281419221312
0.0003663869574666023
0.00032340746838599443
0.00036217973683960736
0.00037837729905731976
0.00041061348747462034
0.00037171709118410945
0.0002101389691233635
0.00016758662241045386
0.000464515236672014
0.0012871091021224856
0.0029473344329744577
0.004927361384034157
0.005278589203953743
0.0046783736906945705
0.003930394072085619
0.0029126182198524475
0.0022635243367403746
0.0011703901691362262
0.0004004328220617026
6.744577694917098e-05
0.00022304254525806755
0.00035577386734075844
0.00034342301660217345
0.00026963313575834036
0.0001018262846628204
0.00011552465002750978
0.00045367449638433754
0.0005739560001529753
0.00042800503433682024
0.000210901940590702
9.271023009205237e-05
0.00011767463001888245
0.0001361555332550779
0.00012593751307576895
0.00014034447667654604
8.772839646553621e-05
7.210962940007448e-05
6.015618419041857e-05
0.00016206713917199522
0.00014204997569322586
0.00036414104397408664
0.0002955877280328423
0.00010198780364589766
3.934144478989765e-05
