9.119677997659892e-05
0.00032886178814806044
0.00037799208075739443
0.00035293324617668986
0.00030323443934321404
9.701916133053601e-05
0.00014872234896756709
0.00016473009600304067
0.00027229610714130104
0.00034770459751598537
0.00018639290647115558
0.00018579595780465752
0.0002894500212278217
0.0006446480983868241
0.0005735408631153405
0.0005395954940468073
0.0005304396036081016
0.00023230668739415705
0.0002876455837395042
0.00016238130046986043
0.00017626465705689043
0.00023260590387508273
0.00030001794220879674
0.0004359789891168475
0.0004242798895575106
0.0003832880756817758
0.0002626017085276544
0.0001417984312865883
0.0006782045238651335
0.0010758696589618921
0.001860952121205628
0.0037313292268663645
0.0046361107379198074
0.004282383713871241
0.0035338953603059053
0.0023837019689381123
0.0019758339039981365
0.001287067192606628
0.00036138592986389995
6.280418892856687e-05
0.00016061596397776157
0.0003678666253108531
0.00029852191801182926
0.000294437661068514
0.00011334077134961262
6.751675391569734e-05
0.00020783131185453385
0.0004961896920576692
0.0003963141643907875
0.00017966314044315368
7.119917427189648e-05
8.378997881663963e-05
9.964909986592829e-05
0.00012026562035316601
0.00010705643217079341
7.796760473866016e-05
6.207206752151251e-05
0.00010567352001089603
0.00014484013081528246
0.000211871592910029
0.0003309132589492947
0.0002294202713528648
7.898490730440244e-05
3.694121915032156e-05
