0.00011150945647386834
0.0004229484184179455
0.0004156195209361613
0.00039970604120753706
0.00018709605501499027
0.00011260771134402603
0.00014240902964957058
0.0001680261775618419
0.00032837610342539847
0.00028462547925300896
0.0002120623248629272
0.00017726700752973557
0.00027190716355107725
0.0005542105063796043
0.0005946365999989212
0.0006328781601041555
0.0003463478060439229
0.00027624849462881684
0.00028694618958979845
0.00017933154595084488
0.0001653612416703254
0.00023039174266159534
0.00034392811357975006
0.00044315255945548415
0.0004341388412285596
0.0003729354648385197
0.0002622276952024549
0.00017017194477375597
0.0004948562127538025
0.0014599730493500829
0.002860020147636533
0.004663293715566397
0.005121713504195213
0.004690611734986305
0.003344807540997863
0.0025401883758604527
0.0016981835942715406
0.000869819603394717
0.0002310799463884905
9.21716564334929e-05
0.00026919928495772183
0.0004439977928996086
0.00035133244819007814
0.00029172978247515857
0.00010741641744971275
9.855979442363605e-05
0.0004062283260282129
0.0005738006439059973
0.0004896107129752636
0.00017262551409658045
7.890543929534033e-05
9.076537389773875e-05
0.00010717703844420612
0.0001122935427702032
0.00012191313726361841
8.75818295753561e-05
7.4721836426761e-05
0.00015075324336066842
0.00016323124873451889
0.00021596983424387872
0.00032660277793183923
0.0002649067610036582
6.873228994663805e-05
3.725913120433688e-05
