0.000100863711850252
0.0003835464594885707
0.0004152886103838682
0.00039575021946802735
0.0002925825538113713
0.00010084875248139724
0.00014908218872733414
0.00017920932441484183
0.00041160834371112287
0.00043003965402022004
0.0002661024918779731
0.000181070645339787
0.0002747286926023662
0.0006598077598027885
0.0005718577886000276
0.0006004099268466234
0.00048561792937107384
0.0002456065849401057
0.0002999581047333777
0.00017639927682466805
0.00021075940458104014
0.00022575398907065392
0.0003055682755075395
0.00042092872899957
0.0003873460227623582
0.0002671880356501788
0.0001477349578635767
0.00016143878747243434
0.00045824021799489856
0.0011265259236097336
0.0024257111363112926
0.004094076342880726
0.004805971868336201
0.004486610181629658
0.0037092624697834253
0.002393398666754365
0.0016269874759018421
0.0009132041013799608
0.0002866731956601143
8.919760875869542e-05
0.0003050942614208907
0.0003571567649487406
0.00034607757697813213
0.0002311098505742848
9.510391828371212e-05
0.00010828412632690743
0.00032177052344195545
0.0005492749041877687
0.0004339019942563027
0.0001976609928533435
7.179546082625166e-05
9.045120532391593e-05
0.00012076117855031043
0.00011404391989344731
0.0001285406615352258
8.552823419449851e-05
6.656896584900096e-05
0.00012575800064951181
0.00016103485540952533
0.000220996662392281
0.00033628285746090114
0.00020434553152881563
8.976302342489362e-05
3.747606388060376e-05
