0.00010454134462634102
0.0003669802099466324
0.0003967375960201025
0.0003837668336927891
0.00020625992328859866
0.00011580153659451753
0.00015518530562985688
0.00017289852257817984
0.0002564230526331812
0.00037336305831559
0.00022568838903680444
0.000181081923074089
0.00025283900322392583
0.0006394615047611296
0.0006020434084348381
0.0006318793166428804
0.0004499866918195039
0.0002703194913920015
0.0003042251628357917
0.00015356956282630563
0.00018688660929910839
0.00023209724167827517
0.0002870471798814833
0.00043832778465002775
0.00041895481990650296
0.00034694309579208493
0.00020117594976909459
0.0001867968385340646
0.0004639850521925837
0.0010714264353737235
0.002465416444465518
0.004395904950797558
0.005244329571723938
0.004789575468748808
0.0038625176530331373
0.0027946969494223595
0.0022552059963345528
0.0012379518011584878
0.00033493575756438076
6.685848347842693e-05
0.000196192049770616
0.00041893901652656496
0.00033665995579212904
0.00023624097229912877
9.914968541124836e-05
0.00011187123163836077
0.0004150165186729282
0.0005406230920925736
0.0004275412647984922
0.0002031486656051129
8.111585339065641e-05
8.500558033119887e-05
0.00012148007226642221
0.00012816928210668266
0.00012082401372026652
8.88242429937236e-05
6.771497282898054e-05
0.00011956434900639579
0.0001596584916114807
0.00018842755525838584
0.0003235657641198486
0.0003707362338900566
0.00012140448961872607
3.7280155083863065e-05
