0.00010244952864013612
0.000417667324654758
0.0004019903717562556
0.00037853067624382675
0.00018965422350447625
0.00013112882152199745
0.000134734291350469
0.00018276686023455113
0.00035297812428325415
0.000401524972403422
0.0002495561493560672
0.00017342540377285331
0.0002630531380418688
0.0005922564305365086
0.0005905293510295451
0.0006075657438486814
0.0003675346961244941
0.00023145393060985953
0.0002447707229293883
0.0001672030775807798
0.0002141745644621551
0.00022941101633477956
0.00039994754479266703
0.0004077186167705804
0.000382001482648775
0.00031646215938962996
0.00013174218474887311
0.00017940635734703392
0.00040707530570216477
0.0009052750538103282
0.001902856514789164
0.003882101271301508
0.0049120839685201645
0.004371908027678728
0.0034303131978958845
0.0025733846705406904
0.0018514642724767327
0.0009630824788473547
0.00025392460520379245
7.698675472056493e-05
0.00021546117204707116
0.0004133736656513065
0.00036667819949798286
0.00019799477013293654
9.090002276934683e-05
0.00012357375817373395
0.0003201697254553437
0.0005437395302578807
0.00040513614658266306
0.00010146213026018813
7.520645158365369e-05
8.125049498630688e-05
0.00011680141324177384
0.00012833080836571753
0.00010340699373045936
8.876066567609087e-05
8.205835911212489e-05
0.00011050986358895898
0.00015355458890553564
0.0002204579795943573
0.0003273807233199477
0.00026826022076420486
5.299010081216693e-05
3.7939840694889426e-05
