0.00013255006342660636
0.0006011055083945394
0.0007654541986994445
0.000914311152882874
0.0007425047806464136
0.00042766096885316074
0.00046956533333286643
0.0002163741155527532
0.0005030320025980473
0.00048521399730816483
0.0002612918324302882
0.00017319773905910552
0.00035724861663766205
0.0005884988931939006
0.0006063967593945563
0.0007741462322883308
0.0008272111299447715
0.0005477344966493547
0.00042617981671355665
0.0002135883114533499
0.0001697960979072377
0.00016616629727650434
0.0003225185500923544
0.000502553244587034
0.0004128201398998499
0.00041758024599403143
0.00027832057094201446
0.00013655288785230368
0.0002239962777821347
0.000903240405023098
0.002221470233052969
0.00468613812699914
0.006453243084251881
0.006584461312741041
0.0059302812442183495
0.005276677198708057
0.004551655147224665
0.0029075215570628643
0.001116289640776813
0.00021035963436588645
0.00028667316655628383
0.0004645086592063308
0.0005337309557944536
0.0006020854343660176
0.00043193966848775744
0.00014796691539231688
0.00028008187655359507
0.0006108961533755064
0.0006480890442617238
0.00046772515634074807
0.0002513514191377908
0.00018616850138641894
0.0001677568507147953
0.000212759172427468
0.00019608731963671744
0.00013715788372792304
8.165441977325827e-05
6.621518696192652e-05
0.00011923520651180297
0.00021815851505380124
0.0004769352381117642
0.0003026827471330762
0.00014833711611572653
6.144278449937701e-05
