0.00010317996930098161
0.0004339322040323168
0.0004260957066435367
0.0003736535436473787
0.00022424299095291644
0.0001058181151165627
0.0001621120172785595
0.00017931658658199012
0.00033714991877786815
0.0003953142440877855
0.00024301708617713302
0.0001753819960867986
0.0002499152033124119
0.0004835384024772793
0.0006678818026557565
0.0005448764422908425
0.0005470308824442327
0.00023532872728537768
0.0002954549854621291
0.0001719859428703785
0.00016413167759310454
0.00023168766347225755
0.00038969118031673133
0.00043083258788101375
0.00039830844616517425
0.00039455335354432464
0.00020619538554456085
0.00015371238987427205
0.0004732203087769449
0.0010838472517207265
0.003396399086341262
0.004668121226131916
0.0050580063834786415
0.004629065748304129
0.003533291397616267
0.0027427268214523792
0.002102804370224476
0.0009880188154056668
0.0002249377139378339
9.044559556059539e-05
0.00031584425596520305
0.0003898220893461257
0.0003652793529909104
0.0002927804016508162
8.324491500388831e-05
0.00014768540859222412
0.0003960643953178078
0.0005513366195373237
0.0006619695341214538
0.00028912670677527785
0.00017638433200772852
0.00013920747733209282
0.00016200730169657618
0.00012798710667993873
0.0001585214922670275
9.399645205121487e-05
7.951356383273378e-05
0.00010507974366191775
0.00016393065743613988
0.00022681336849927902
0.00038236708496697247
0.00025998736964538693
8.108312613330781e-05
3.6829955206485465e-05
