9.824978769756854e-05
0.00039649821701459587
0.0004084366955794394
0.00039694702718406916
0.00035423479857854545
0.00010481589561095461
0.00013541457883547992
0.00016114996105898172
0.00027672076248563826
0.0003306589205749333
0.00019957309996243566
0.00016009234241209924
0.00023736334696877748
0.00048419670201838017
0.0006231199367903173
0.0004986784770153463
0.0005201019230298698
0.00020461480016820133
0.00029198412084951997
0.00015955376147758216
0.00018468558846507221
0.00023582564608659595
0.00021924616885371506
0.00043813991942442954
0.00041670401697047055
0.00031457265140488744
0.00022184269619174302
0.00018141574400942773
0.0005459638778120279
0.0012289633741602302
0.002220249967649579
0.004396434407681227
0.004755538888275623
0.004063105210661888
0.0030407363083213568
0.0023540654219686985
0.001735633471980691
0.000926359964068979
0.0001923518575495109
8.238655573222786e-05
0.0002830994490068406
0.00035722035681828856
0.00031630523153580725
0.00020605380996130407
7.839677709853277e-05
0.00013264823064673692
0.0002861273242160678
0.0005443902919068933
0.00037780505954287946
0.00015356676885858178
8.391304436372593e-05
0.00010476747411303222
0.00011268344678683206
0.0001324256882071495
0.0001258767442777753
0.00012250688450876623
0.00010034953447757289
0.00011983643344137818
0.00018213974544778466
0.00025444824132137
0.00032334134448319674
0.00026793719734996557
9.292735194321722e-05
3.641103103291243e-05
