9.76267911028117e-05
0.0003248224384151399
0.00038950727321207523
0.00035168102476745844
0.00025278516113758087
0.00010524433309910819
0.00014948534953873605
0.0001797354780137539
0.000316639052471146
0.00045768669224344194
0.00026472608442418277
0.0001728386851027608
0.0002928188187070191
0.0005298058385960758
0.0004924277309328318
0.0006410510395653546
0.00043118229950778186
0.00024249761190731078
0.00026716466527432203
0.0001683505397522822
0.00018212918075732887
0.000222702044993639
0.00027527325437404215
0.0004018541076220572
0.0003921148309018463
0.0003285299171693623
0.0001904387609101832
0.00016552020679228008
0.0004759684088639915
0.0011453162878751755
0.0024116183631122112
0.004040667787194252
0.004884365014731884
0.004497531335800886
0.00390968844294548
0.0026815803721547127
0.0022744752932339907
0.0014290722319856286
0.00036950947833247483
5.6834949646145105e-05
0.0001724646717775613
0.0004311916418373585
0.00032725316123105586
0.00022770353825762868
9.33888295548968e-05
0.0001591778709553182
0.0003941933682654053
0.0005285906372591853
0.00036485021701082587
0.00018624796939548105
7.154580089263618e-05
0.00011031875328626484
0.0001232745562447235
0.00012418713595252484
0.00013234061771072447
7.908121915534139e-05
6.979075260460377e-05
9.478974970988929e-05
0.000156935682753101
0.00018833778449334204
0.00032751529943197966
0.00029970379546284676
0.00011042346886824816
3.768551323446445e-05
