9.709366713650525e-05
0.000313485594233498
0.00039699190529063344
0.00037489618989638984
0.00026818198966793716
0.00011090211773989722
0.00015301042003557086
0.00016383526963181794
0.0003104005299974233
0.0003798023099079728
0.00022644536511506885
0.00017389460117556155
0.00026107646408490837
0.0006217696936801076
0.0005552441580221057
0.0005746628739871085
0.0005015041097067297
0.00024267431581392884
0.0002818259526975453
0.0001602718693902716
0.0001631293271202594
0.0002197198773501441
0.00040420753066428006
0.0004063852538820356
0.0003829739289358258
0.0003216209006495774
0.0001998124789679423
0.00011950450425501913
0.0003628371050581336
0.0010211741318926215
0.0020840878132730722
0.003906217170879245
0.004782050382345915
0.0043123504146933556
0.003546103136613965
0.0023788693360984325
0.0018734992481768131
0.0007380773895420134
0.0002212976396549493
8.584337047068402e-05
0.00026487570721656084
0.0003718016960192472
0.00032384588848799467
0.0002356179611524567
6.55718904454261e-05
0.00011337069008732215
0.000311103678541258
0.0005318758776411414
0.0004652716452255845
0.0001607038575457409
6.462937744800001e-05
9.278504876419902e-05
0.00011790372809628025
0.00010704240412451327
0.0001306949561694637
8.11607314972207e-05
6.23156302026473e-05
0.00010856393055291846
0.00014569846098311245
0.00024520265287719667
0.0003465750196482986
0.00029406367684714496
9.71535118878819e-05
3.78650329366792e-05
