0.00015244328824337572
0.0004083319799974561
0.000544273410923779
0.0005401863600127399
0.00031001155730336905
0.00014128698967397213
0.0002252422709716484
0.00030266595422290266
0.0005377935594879091
0.0006356718367896974
0.00033653652644716203
0.0001994833437493071
0.0002537899708840996
0.000631470640655607
0.0006401080754585564
0.0006611209828406572
0.0006406310712918639
0.0003637048357632011
0.0003367309982422739
0.00021582021145150065
0.00021505723998416215
0.0002764850505627692
0.0002889022580347955
0.0005006786086596549
0.0004552780301310122
0.00043995847227051854
0.00022331775107886642
0.00015392774366773665
0.0004771275562234223
0.001185489003546536
0.0024727890267968178
0.004061606712639332
0.004288678988814354
0.003909745253622532
0.002994050970301032
0.0024502763990312815
0.0020056350622326136
0.0010071410797536373
0.00020832500013057142
5.671527105732821e-05
0.00017177651170641184
0.00031405090703628957
0.0002763504162430763
0.00023890426382422447
9.573226270731539e-05
7.013483991613612e-05
0.00018111187091562897
0.0003781267150770873
0.0003638394409790635
0.00019773298117797822
8.163946768036112e-05
6.509315426228568e-05
9.694225445855409e-05
0.00010174167982768267
7.41367693990469e-05
6.653871241724119e-05
5.3186460718279704e-05
9.014357783598825e-05
0.0001057557892636396
0.00013304376625455916
0.00019439677998889238
0.00017583079170435667
6.368686445057392e-05
3.470836963970214e-05
