0.00011568957415875047
0.00022480387997347862
0.00045010173926129937
0.0003571371198631823
0.000314275297569111
0.00011925016588065773
0.00017248705262318254
0.00020177586702629924
0.0003793833893723786
0.00044402776984497905
0.0004120870726183057
0.0003482505853753537
0.00047308107605203986
0.0007160097011364996
0.001158212311565876
0.0006386313471011817
0.0005288762622512877
0.0004189838655292988
0.000468443293357268
0.00019613513723015785
0.00020632147789001465
0.0002290418342454359
0.00029732598341070116
0.0004106508567929268
0.00037888973020017147
0.0003763164859265089
0.00023906886053737253
0.000179799651959911
0.00048560346476733685
0.001159076695330441
0.002435854868963361
0.004506257362663746
0.004816954955458641
0.004294711630791426
0.0034908836241811514
0.0025477290619164705
0.0021517944987863302
0.0011710633989423513
0.0002593104145489633
8.460164826828986e-05
0.00022452723351307213
0.0004297404666431248
0.00032905625994317234
0.000252892350545153
0.00010829908569576219
9.81708217295818e-05
0.0002541041176300496
0.0005283750942908227
0.0005154790706001222
0.0002764401724562049
8.865594281814992e-05
7.523637032136321e-05
0.00016130413860082626
0.00014156766701489687
0.00013165349082555622
0.00010998684592777863
6.700809899484739e-05
0.00010746130283223465
0.00015571984113194048
0.0002061830455204472
0.000368061097105965
0.0002631823590490967
9.578649769537151e-05
4.11713044741191e-05
