0.00010876286251004785
0.0004609630268532783
0.00043496169382706285
0.0004131043970119208
0.0003492828691378236
0.00010186606959905475
0.00014257525617722422
0.00018901099974755198
0.0004084366955794394
0.000400521355913952
0.0002649913658387959
0.00021114038827363402
0.00031291390769183636
0.0006050177616998553
0.0006714872433803976
0.0005562764126807451
0.0006108523812144995
0.00021966507483739406
0.00032878699130378664
0.00018229373381473124
0.00022044905927032232
0.0002535235253162682
0.0003461047599557787
0.00044475708273239434
0.0004086901026312262
0.00031535245943814516
0.0001547215215396136
0.00015913485549390316
0.0004673960502259433
0.001151988748461008
0.0025449611712247133
0.004596629645675421
0.005345746409147978
0.004754446912556887
0.003006418002769351
0.002749768551439047
0.0021132759284228086
0.0010264849988743663
0.00028777276747860014
7.025452941888943e-05
0.00028393539832904935
0.0004559512890409678
0.00034617396886460483
0.0002584537141956389
0.00010476440365891904
0.00016393064288422465
0.00038874117308296263
0.0005977674736641347
0.000473634572699666
0.00022289653134066612
8.476621587760746e-05
9.95172667899169e-05
0.0001341957104159519
0.00013200730609241873
0.0001010320193017833
8.835672633722425e-05
7.020964403636754e-05
9.326378494733945e-05
0.00015460459690075368
0.0002194968401454389
0.0003514348645694554
0.00023455450718756765
8.66661939653568e-05
3.615953755797818e-05
