9.775753278518096e-05
0.00038125348510220647
0.00039495728560723364
0.0003282483958173543
0.0003221594961360097
0.00010088144335895777
0.00013435316213872284
0.00015072044334374368
0.00036362625542096794
0.0003661283990368247
0.00019644389976747334
0.000158513750648126
0.00025914591969922185
0.0005437195650301874
0.0006030432414263487
0.0005188764189369977
0.00041851354762911797
0.00026103650452569127
0.00026336469454690814
0.00016420648898929358
0.0002056021912721917
0.0001793939300114289
0.0002933187934104353
0.0003588263352867216
0.00039190438110381365
0.0002631701936479658
0.00023879954824224114
0.0001044542295858264
0.0004438033502083272
0.0008136569522321224
0.0024188891984522343
0.004559976514428854
0.004656172823160887
0.004647988826036453
0.0037857552524656057
0.0026659658178687096
0.002112009096890688
0.0007580786477774382
0.00021405488951131701
6.542227492900565e-05
0.0003144316142424941
0.00031435012351721525
0.00032705155899748206
0.0002413129259366542
9.796137601369992e-05
7.590960012748837e-05
0.00022077214089222252
0.0005517303361557424
0.00044301626621745527
0.0002130053035216406
8.18825137685053e-05
0.0001322349562542513
0.00012888100172858685
0.00013830704847350717
0.00011215889389859512
9.27850414882414e-05
7.602927507832646e-05
9.434093226445839e-05
0.00015808764146640897
0.00018338584050070494
0.00034961203346028924
0.0002937644312623888
0.00010303298040525988
3.909179213223979e-05
