0.00011224865011172369
0.0005331680295057595
0.0005085374577902257
0.0004819227324333042
0.0004146154096815735
0.0001207761379191652
0.000177917187102139
0.00019045414228457958
0.00039536121767014265
0.000456908717751503
0.0002585025504231453
0.00017990006017498672
0.00022576894843950868
0.00046645355178043246
0.0006917173159308732
0.0006911327945999801
0.000619795173406601
0.00033893020008690655
0.00034892381518147886
0.00019936365424655378
0.00021779500821139663
0.0002822969981934875
0.000477180234156549
0.0005256672156974673
0.0004895644960924983
0.0004117661446798593
0.00024807031149975955
0.00016470017726533115
0.0004519867361523211
0.0011888064909726381
0.002529925899580121
0.004691957961767912
0.005643940530717373
0.0051827263087034225
0.003553748829290271
0.002949897199869156
0.0024410304613411427
0.0013859261525794864
0.0004143162223044783
5.569795030169189e-05
0.0002984907478094101
0.00044883863301947713
0.0003844924794975668
0.00029959494713693857
9.266535198548809e-05
0.0001359161688014865
0.0003598449984565377
0.0006320214597508311
0.0006094460259191692
0.0003220248327124864
9.051104279933497e-05
0.00011169433855684474
0.00013139197835698724
0.00015143677592277527
0.00011381202784832567
9.478974970988929e-05
8.207331848097965e-05
0.00010416998702567071
0.00018729052681010216
0.00021432417270261794
0.00036865673610009253
0.0003743566630873829
0.00011697617446770892
4.049003473483026e-05
