9.679445793153718e-05
0.0002441784890834242
0.00036831264151260257
0.0003556410956662148
0.00030278562917374074
0.00010131252929568291
0.00013534766912925988
0.00016770300862845033
0.00030618644086644053
0.000387499836506322
0.0002451014588586986
0.00018470238137524575
0.0002664016792550683
0.0004994414630346
0.0006105531938374043
0.0005179027793928981
0.00052307901205495
0.00023907548165880144
0.00024754731566645205
0.00016604168922640383
0.00019184629491064698
0.00022113867453299463
0.000310678209643811
0.0003917454450856894
0.0003694795595947653
0.00032776969601400197
0.00016144223627634346
0.00014425966946873814
0.00043419425492174923
0.0013659090036526322
0.0024130993988364935
0.003912021871656179
0.004382724408060312
0.0039499918930232525
0.0031760253477841616
0.002311128657311201
0.0019013005075976253
0.0011585712200030684
0.00029810299747623503
8.840481314109638e-05
0.000263953028479591
0.00037429682561196387
0.00032214453676715493
0.00025076797464862466
9.851491631707177e-05
9.390708146383986e-05
0.00027121894527226686
0.0004881761851720512
0.00047581884427927434
0.0002324114175280556
7.439858745783567e-05
6.600574124604464e-05
0.00010876031592488289
0.00011020460806321353
0.00011634761904133484
8.147487824317068e-05
5.71640812268015e-05
0.00010677311365725473
0.00015409318439196795
0.0001921377406688407
0.0003139760810881853
0.0003181051870342344
0.00010300306166755036
4.05579230573494e-05
