0.00010227238817606121
0.0003291759348940104
0.00042339719948358834
0.00041118942317552865
0.00035227497573941946
9.891885565593839e-05
0.00013461460184771568
0.0001610947074368596
0.0003656716726254672
0.000413312140153721
0.0002524697920307517
0.00019390307716093957
0.0002717725292313844
0.0004512087907642126
0.0006076581194065511
0.0006204719538800418
0.0005444118287414312
0.00031578069319948554
0.000263993046246469
0.0001781412574928254
0.00021809421014040709
0.00021990443929098547
0.0002974596864078194
0.00042654896969906986
0.00041760748717933893
0.0003773038915824145
0.0002665363426785916
0.00013240045518614352
0.0005467808223329484
0.001218192745000124
0.0033675169106572866
0.004857754800468683
0.00523350527510047
0.004584541544318199
0.0035141182597726583
0.0027438257820904255
0.0018630464328452945
0.0008982735453173518
0.0002012374607147649
7.592937618028373e-05
0.0004270924546290189
0.0004108154389541596
0.00036671184352599084
0.00023551798949483782
9.418105037184432e-05
0.00011837814963655546
0.0004903614171780646
0.0006075113778933883
0.00044601279660128057
0.00018423859728500247
8.217804861487821e-05
0.00011093212378909811
0.00013177210348658264
0.0001290492800762877
0.00014261847536545247
9.202204819303006e-05
6.4469211793039e-05
0.00011382484080968425
0.0001602577540325001
0.00025431267567910254
0.0003538345918059349
0.0002888574090320617
9.197717008646578e-05
4.154531779931858e-05
