8.196860289899632e-05
0.00027943580062128603
0.00039121718145906925
0.0003422436711844057
0.00024088658392429352
9.569111716700718e-05
0.0001564756385050714
0.00020609587954822928
0.0003216209006495774
0.000450251332949847
0.0003026061167474836
0.000200899041374214
0.0002200429153162986
0.0006160791381262243
0.0004911982687190175
0.0005135192768648267
0.000497885630466044
0.0002300177438883111
0.00023637170670554042
0.00018135353457182646
0.00016521869110874832
0.00019194626656826586
0.0003501206520013511
0.0003008514177054167
0.00043159452616237104
0.000434707326348871
0.00022113118029665202
0.0002574428799562156
0.0005758311599493027
0.0015697478083893657
0.002401466714218259
0.004553318955004215
0.004602523986250162
0.004327460192143917
0.003319840645417571
0.0024093440733850002
0.0020366034004837275
0.0010040142806246877
0.000244155409745872
7.116711640264839e-05
0.0002372735907556489
0.00039607935468666255
0.000330911367200315
0.0003361475537531078
0.00010296323307557032
6.952145486138761e-05
0.0003481122257653624
0.0005275728181004524
0.0004200610565021634
0.00018251812434755266
8.533471554983407e-05
7.371040555881336e-05
0.00013850432878825814
9.275512275053188e-05
0.00011845505650853738
8.837169298203662e-05
6.131573900347576e-05
0.00015364315186161548
0.00013582734391093254
0.00022698075918015093
0.00033631210681051016
0.000292477838229388
8.253628038801253e-05
3.0639108445029706e-05
