5.9804613556480035e-05
0.00014439878577832133
0.0001184422944788821
0.0001135556522058323
8.065188740147278e-05
5.481528569362126e-05
6.0724687500623986e-05
7.7436889114324e-05
0.00010885261872317642
0.0001051872968673706
7.677729445276782e-05
6.530259997816756e-05
6.232546002138406e-05
9.755744395079091e-05
0.00011987027392024174
0.00011381715739844367
8.190968947019428e-05
6.215154280653223e-05
7.281277066795155e-05
5.939319817116484e-05
5.9587684518191963e-05
6.362701969919726e-05
8.360538049601018e-05
9.081220923690125e-05
6.752424087608233e-05
6.75317132845521e-05
5.5084576160879806e-05
4.916021498502232e-05
6.808525358792394e-05
6.272939208429307e-05
0.0001221674756379798
0.0002536465763114393
0.00021895072131883353
0.00023177226830739528
0.00017286391812376678
0.00016006804071366787
0.00011266754881944507
7.498203922295943e-05
4.504607932176441e-05
4.01015677198302e-05
4.036344034830108e-05
5.623942706733942e-05
4.745586556964554e-05
4.2059586121467873e-05
4.104124673176557e-05
3.749756797333248e-05
4.509095742832869e-05
4.684133091359399e-05
4.892084689345211e-05
4.2622476030373946e-05
3.9091795770218596e-05
3.807448229053989e-05
3.586032835301012e-05
3.5007578844670206e-05
3.5872639273293316e-05
3.522655606502667e-05
3.5319881135364994e-05
3.574905713321641e-05
3.5471352020977065e-05
3.397530599613674e-05
3.3865180739667267e-05
3.7191814044490457e-05
3.5531196772353724e-05
3.226980334147811e-05
