4.2846877477131784e-05
5.572787267738022e-05
7.24374913261272e-05
0.00010942111839540303
8.364417590200901e-05
5.110508209327236e-05
6.970705726416782e-05
9.116930596064776e-05
0.00013467445387504995
0.0001682009460637346
8.776642789598554e-05
6.550947728101164e-05
7.730093057034537e-05
0.00014736779849044979
0.00013047055108472705
0.00012059661821695045
0.00015000897110439837
9.034303366206586e-05
8.882783731678501e-05
6.121576006989926e-05
4.552480822894722e-05
4.7384590288857e-05
6.025997208780609e-05
5.189798685023561e-05
5.708928074454889e-05
6.045538975740783e-05
5.5689986766083166e-05
4.7248195187421516e-05
5.764695379184559e-05
8.500558033119887e-05
0.00013943188241682947
0.00016107974806800485
0.0001326459605479613
0.00011074059875681996
0.00013957869668956846
8.985277963802218e-05
7.492220174754038e-05
7.734580867690966e-05
4.4687025365419686e-05
4.218862159177661e-05
3.617450056481175e-05
4.137653741054237e-05
3.898707655025646e-05
3.5088112781522796e-05
3.785701119340956e-05
3.62343416782096e-05
3.674299659905955e-05
3.807448229053989e-05
4.1904371755663306e-05
4.173980778432451e-05
3.631104118539952e-05
4.003430876764469e-05
3.7790236092405394e-05
3.621938230935484e-05
3.7865036574658006e-05
3.726477370946668e-05
3.541884507285431e-05
3.400522473384626e-05
3.5127264709444717e-05
3.5112305340589955e-05
4.2083738662768155e-05
4.0664366679266095e-05
3.442972956690937e-05
3.104398274444975e-05
