0.00010235699301119894
0.0003415333339944482
0.0004439546319190413
0.0004195384681224823
0.00018966551579069346
0.00012620679626706988
0.00015307585999835283
0.00018296272901352495
0.0003494274278637022
0.00036351033486425877
0.0002567072806414217
0.0001824582868721336
0.0002924803993664682
0.0005470422911457717
0.0006064782501198351
0.000597642152570188
0.0006143381469883025
0.00021532650862354785
0.00034675453207455575
0.00016917976608965546
0.0002103671431541443
0.0002530774218030274
0.0003268147702328861
0.00048454973148182034
0.0004580775275826454
0.0003816835524048656
0.0001863779325503856
0.00015777346561662853
0.0004807886725757271
0.0011381946969777346
0.0024426772724837065
0.004885699134320021
0.005269909743219614
0.004690791014581919
0.003602444427087903
0.0028561993967741728
0.0023229923099279404
0.001231593545526266
0.00031230051536113024
7.299229764612392e-05
0.00021154152636881918
0.0003925530763808638
0.00035784029751084745
0.00023639838036615402
0.0001038408518070355
0.00011823285603895783
0.00034341835998930037
0.0005676463479176164
0.0005029272870160639
0.00023577753745485097
8.813232852844521e-05
9.567242523189634e-05
0.00013190675235819072
0.00012068638170603663
0.00016266554303001612
9.007413609651849e-05
6.435385148506612e-05
0.00010747175838332623
0.00015925017942208797
0.00027041483554057777
0.00039300121716223657
0.00026319827884435654
7.965252734720707e-05
3.640077557065524e-05
