9.95172667899169e-05
0.0004179665702395141
0.0004040084022562951
0.00038240544381551445
0.00019065412925556302
0.00010076487524202093
0.00013979095092508942
0.00016157343634404242
0.00023939796665217727
0.00037220935337245464
0.00019060335762333125
0.00016864137433003634
0.00027144336490891874
0.00046284805284813046
0.0006208758568391204
0.000490734470076859
0.000598076032474637
0.0002669603854883462
0.00019047617388423532
0.00016028682875912637
0.00017705756181385368
0.00020943208073731512
0.0002211910323239863
0.0003988918906543404
0.0003898697323165834
0.0003253764589317143
0.00019749175407923758
0.00017485835996922106
0.00040128559339791536
0.001033456646837294
0.002102564089000225
0.00389990396797657
0.004840231966227293
0.004552511032670736
0.0037822395097464323
0.002419679891318083
0.0019183782860636711
0.0006941103492863476
0.00029953342163935304
9.718343062559143e-05
0.00024176172155421227
0.00040435249684378505
0.00033583337790332735
0.0002716827439144254
0.00010238967661280185
0.00010312275844626129
0.00026922920369543135
0.0005187554634176195
0.0005092406063340604
0.0002835763443727046
8.721973426872864e-05
6.672384915873408e-05
0.00011391713633202016
0.00012014716776320711
0.00012165468069724739
8.062215056270361e-05
6.64115505060181e-05
8.681580220581964e-05
0.0001456255413359031
0.00018163547792937607
0.0003093533159699291
0.00034341835998930037
0.00011247306247241795
4.169492603978142e-05
