0.00010481328354217112
0.0002237193548353389
0.0003557958989404142
0.00033208951936103404
0.00018632746650837362
0.00010922663932433352
0.00014558066322933882
0.0001678718108450994
0.0002562734007369727
0.000412625668104738
0.00020717149891424924
0.00016031927953008562
0.00025371581432409585
0.0005571740330196917
0.0005591937224380672
0.0004181161639280617
0.0005867509753443301
0.00022978219203650951
0.00024855489027686417
0.00015415489906445146
0.00020770695118699223
0.00023932315525598824
0.00037136737955734134
0.0004308625066187233
0.00038150776526890695
0.000304730492644012
0.000187455108971335
0.00015291247109416872
0.00038634613156318665
0.0012270081788301468
0.0025135441683232784
0.00404615793377161
0.004420248791575432
0.004103809595108032
0.002744714030995965
0.002204430289566517
0.001878425944596529
0.0012859150301665068
0.00046678268699906766
0.00011648247891571373
0.00023253110703080893
0.00048062115092761815
0.0002623324398882687
0.0002926573797594756
0.00010592152830213308
0.00011490604083519429
0.00033432923373766243
0.0005088314646854997
0.0004114969342481345
0.00019871471158694476
7.584477862110361e-05
0.00010738815035438165
0.0001110462035285309
0.00011030988389393315
0.00010826448851730675
7.901670323917642e-05
7.172064943006262e-05
0.00014679526793770492
0.00016107303963508457
0.0002056021912721917
0.000314275297569111
0.00027133862022310495
0.00010642902634572238
4.547993012238294e-05
