0.00010924838716164231
0.0003985328658018261
0.0004096715128980577
0.0003836920077446848
0.00024162708723451942
0.0001531693706056103
0.0001505924155935645
0.0001686798204900697
0.00032360744080506265
0.00033465150045230985
0.00023154371592681855
0.00016303957090713084
0.00021166118676774204
0.0004472292785067111
0.0006685101543553174
0.0004844958893954754
0.0006950949318706989
0.00021203520009294152
0.0002982974692713469
0.00017499300884082913
0.00018348509911447763
0.00021907380141783506
0.00031953101279214025
0.0004593142948579043
0.0003969755780417472
0.0002884085988625884
0.00019961799262091517
0.0001911802974063903
0.000590990879572928
0.0013086897088214755
0.0028032264672219753
0.004598396364599466
0.005262485705316067
0.004468489903956652
0.00342685473151505
0.002743299352005124
0.0021044895984232426
0.0009058734867721796
0.00029359987820498645
0.0001262068108189851
0.0003104454081039876
0.0004203602147754282
0.0004452096181921661
0.0003285775310359895
0.00013434531865641475
9.118426532950252e-05
0.0002469380560796708
0.0005219719605520368
0.000605601177085191
0.00029895573970861733
0.00010216527880402282
8.235757559305057e-05
0.00011694755085045472
0.00012011640501441434
0.00012628489639610052
9.543679334456101e-05
6.666586705250666e-05
9.71459157881327e-05
0.00017802997899707407
0.00019708873878698796
0.0003648118581622839
0.0002495711378287524
9.538816811982542e-05
3.5830409615300596e-05
