9.9891287391074e-05
0.0002825738920364529
0.0004172933113295585
0.0003980990150012076
0.00027614098507910967
0.00010259912232868373
0.00014082322013564408
0.00017811974976211786
0.00022129762510303408
0.00048666514339856803
0.00029418335179798305
0.00017750637198332697
0.0002097312972182408
0.0005204139743000269
0.0006083503249101341
0.0005749851115979254
0.0005012477631680667
0.00024067892809398472
0.00021042508888058364
0.00017715571448206902
0.0002287685201736167
0.0002320112253073603
0.00035962057881988585
0.0004460024938452989
0.0004317868151701987
0.0003318987728562206
0.00018241716315969825
0.00016421677719336003
0.0005341218202374876
0.001232571667060256
0.0022776892874389887
0.004979959689080715
0.005245257169008255
0.004787174053490162
0.0034755587112158537
0.0029107904992997646
0.0020204815082252026
0.001357345492579043
0.00015278789214789867
6.363853754010051e-05
0.0003757068479899317
0.0004369477683212608
0.00037022290052846074
0.00025445569190196693
9.138343739323318e-05
9.215050522470847e-05
0.00030101017910055816
0.0005870856693945825
0.0004898816696368158
0.0002225374773843214
8.464652637485415e-05
9.501415479462594e-05
0.00013491383288055658
0.00012869025522377342
0.00014854283654130995
8.699532190803438e-05
7.101750088622794e-05
7.327654748223722e-05
0.00015953970432747155
0.00020668345678132027
0.00035277631832286716
0.0002825354167725891
9.165826486423612e-05
3.783393549383618e-05
