9.342834528069943e-05
0.00028132792795076966
0.00040066285873763263
0.0003732346522156149
0.0002591907395981252
0.00010403534543002024
0.00014662092144135386
0.00017188713536597788
0.0003860408323816955
0.00038186684832908213
0.00024820968974381685
0.00017832919547799975
0.00027714509633369744
0.0007644321885891259
0.0005480332183651626
0.0006041500018909574
0.000514865736477077
0.00020041089737787843
0.0002989407512359321
0.00016137893544510007
0.0001704749302007258
0.00025136637850664556
0.00023284526832867414
0.000433615263318643
0.00040011919918470085
0.00032459961948916316
0.00011546516907401383
0.00015709556464571506
0.0004582206020131707
0.0011578832054510713
0.0026409178972244263
0.0040748221799731255
0.004806555341929197
0.0041932906024158
0.003310565836727619
0.0024668050464242697
0.0019624577835202217
0.001079232431948185
0.00026783719658851624
8.41509536257945e-05
0.00031322153517976403
0.00037317947135306895
0.0003286561113782227
0.00020802486687898636
0.00010144940461032093
0.00015041943697724491
0.0002839660446625203
0.0005508158938027918
0.0004221854323986918
0.00022887979866936803
8.095595694612712e-05
9.191733261104673e-05
0.0001200430779135786
0.00011293683928670362
0.00012085094203939661
8.045759022934362e-05
7.290253415703773e-05
8.941892156144604e-05
0.0001549309672554955
0.00016864975623320788
0.00029210385400801897
0.00027543187025003135
0.00012122496264055371
3.6710993299493566e-05
