9.80498080025427e-05
0.0003735188802238554
0.0004026021051686257
0.0003760472172871232
0.0002649056550581008
9.540312748868018e-05
0.00012577296001836658
0.00016782607417553663
0.00031335483072325587
0.000307991896988824
0.0001974702172446996
0.0001599277602508664
0.00024219560145866126
0.0005860376404598355
0.000569678086321801
0.0005199762526899576
0.0003238556382711977
0.0002403404942015186
0.00021527321950998157
0.0001667262113187462
0.00021671972353942692
0.0002142400189768523
0.0003286561113782227
0.0003882250748574734
0.00036963477032259107
0.00030120450537651777
0.00015793803322594613
0.00014743109932169318
0.0005017902585677803
0.001238166936673224
0.0026543636340647936
0.004309422802180052
0.004734374117106199
0.004214923363178968
0.0032580983825027943
0.0024587372317910194
0.0019501167116686702
0.000983892590738833
0.0002209067897638306
6.781595584470779e-05
0.000254882121225819
0.00038093930925242603
0.0003253011673223227
0.00024624986690469086
9.520864841761068e-05
0.00012293046165723354
0.0003535615687724203
0.0005479284445755184
0.0004651220515370369
0.0002193658729083836
8.093631913652644e-05
9.440357825951651e-05
0.0001187714296975173
0.00011851710587507114
0.00012061157758580521
8.289615652756765e-05
7.676234235987067e-05
8.379376959055662e-05
0.00016359309665858746
0.00016855997091624886
0.00030064626480452716
0.00036494649248197675
0.0001170210525742732
4.031855860375799e-05
