3.327216109028086e-05
4.695449388236739e-05
5.43242713320069e-05
5.375309046939947e-05
5.28404962096829e-05
4.090201764483936e-05
4.437930692802183e-05
5.075546869193204e-05
8.149640780175105e-05
8.049498865148053e-05
5.601212978945114e-05
6.115853466326371e-05
6.733721966156736e-05
0.00010262905561830848
0.00014993417426012456
0.0001187415182357654
0.0001678667904343456
0.00010607192962197587
0.000105030216218438
6.416560063371435e-05
6.392312934622169e-05
6.506042700493708e-05
6.380467675626278e-05
6.400102574843913e-05
6.274435145314783e-05
5.524913649423979e-05
4.5405129640130326e-05
4.357995203463361e-05
6.952146213734522e-05
8.490085747325793e-05
0.00013081463112030178
0.00040963562787510455
0.0006070505478419363
0.0007690596976317465
0.00072170962812379
0.000589369039516896
0.0004884416121058166
0.00017032066534738988
7.467722025467083e-05
4.500119393924251e-05
4.561457535601221e-05
5.1389328291406855e-05
4.497127520153299e-05
3.977997766924091e-05
3.721862594829872e-05
3.64494881068822e-05
3.784727232414298e-05
3.6925324820913374e-05
3.6480254493653774e-05
3.804456355283037e-05
3.798471880145371e-05
4.042327782372013e-05
3.7805195461260155e-05
3.5037501220358536e-05
3.530678804963827e-05
3.437923442106694e-05
3.478045982774347e-05
3.4718923416221514e-05
3.4509208489907905e-05
3.458868377492763e-05
3.649614882306196e-05
3.867290433845483e-05
3.491781899356283e-05
3.157314858981408e-05
