9.935270645655692e-05
0.0004102768434677273
0.0004000139597337693
0.00037617041380144656
0.0001753670076141134
9.378739923704416e-05
0.00013602089893538505
0.0001868853287305683
0.00034375122049823403
0.00041222761501558125
0.00018879126582760364
0.00016380254237446934
0.00026679065194912255
0.0005134743987582624
0.0006586960516870022
0.000575814803596586
0.0005536433309316635
0.00024123811454046518
0.00028596026822924614
0.00017123336147051305
0.00022185398847796023
0.00021785484568681568
0.00027474964736029506
0.0004221106064505875
0.0004100278893020004
0.0003613644512370229
0.00011878732038894668
0.00013521459186449647
0.0005343761295080185
0.0012134015560150146
0.0028471932746469975
0.004419300705194473
0.004917028360068798
0.004429989960044622
0.003494489472359419
0.002509793732315302
0.0020827564876526594
0.0011393321910873055
0.0002322029904462397
7.114533946150914e-05
0.0003685697738546878
0.00041973748011514544
0.00037106539821252227
0.0002558068372309208
0.00011144078598590568
8.778823394095525e-05
0.0002321121864952147
0.0005449213786050677
0.00046672113239765167
0.00021728170395363122
8.715880539966747e-05
0.00010083409870276228
0.00012126703222747892
0.00013117369962856174
0.00013578151992987841
8.772839646553621e-05
7.884185470174998e-05
7.71961931604892e-05
0.000166061581694521
0.00022748818446416408
0.000357818731572479
0.00031320101697929204
7.402456685667858e-05
3.777526944759302e-05
