0.00010586051939753816
0.000304148270515725
0.0004180843534413725
0.0003930011880584061
0.00021272992307785898
0.00011866016575368121
0.00015887587505858392
0.00018624796939548105
0.0003642433730419725
0.0003889581130351871
0.0002599536965135485
0.0001748252398101613
0.00031962330103851855
0.000508808356244117
0.0006497646099887788
0.0005643073236569762
0.0005606299382634461
0.00021341156389098614
0.0003529182868078351
0.0001615729706827551
0.00021027485490776598
0.00023680242884438485
0.0002914728538598865
0.00043173861922696233
0.0003936856519430876
0.00032435866887681186
0.0002057218662230298
0.00012913907994516194
0.0004124461265746504
0.0011403494281694293
0.002510656835511327
0.004487223457545042
0.00540101109072566
0.004952839110046625
0.004277327563613653
0.0029146652668714523
0.002209689933806658
0.0011150205973535776
0.0002886270231101662
7.464491500286385e-05
0.0003684266994241625
0.0004279554996173829
0.00037052491097711027
0.0002603529719635844
0.00010201754048466682
0.00013105868129059672
0.00038527598371729255
0.0005680269096046686
0.000419117568526417
0.00019053978030569851
8.020886889426038e-05
9.46579166338779e-05
0.00011283211642876267
0.00012610206613317132
0.00011958570394199342
8.570512727601454e-05
6.854564708191901e-05
0.00012813671492040157
0.0001610498147783801
0.00022372610692400485
0.0003570726839825511
0.00028651958564296365
5.913139466429129e-05
3.487480353214778e-05
