9.185749513562769e-05
0.0003465047338977456
0.0003805503365583718
0.00035916472552344203
0.00010599516826914623
0.0001033920343616046
0.00012441154103726149
0.0001532553869765252
0.00029608767363242805
0.0002913408388849348
0.00024013103393372148
0.000175609762663953
0.0003390499041415751
0.0005799076170660555
0.0004527684359345585
0.0006011429941281676
0.0003940297174267471
0.00022434769198298454
0.0002793126041069627
0.00015430263010784984
0.00015612780407536775
0.00022722012363374233
0.00030540963052771986
0.00039982140879146755
0.00038788438541814685
0.00030700635397806764
0.00017092374037019908
0.00013643979036714882
0.0004834883729927242
0.0011131208157166839
0.002318922895938158
0.0039517502300441265
0.004448143299669027
0.004053934011608362
0.0031083880458027124
0.0023226714693009853
0.0018168336246162653
0.0010085399262607098
0.0002540424175094813
6.851910438854247e-05
0.00020353765285108238
0.0003603184304665774
0.0003095655411016196
0.0002370641304878518
9.969678649213165e-05
0.00011687063670251518
0.00031942332861945033
0.0005304657970555127
0.00036866511800326407
0.00015657662879675627
7.222931162687019e-05
9.686532575869933e-05
0.00011387099220883101
0.00012946821516379714
0.00012062654423061758
8.371925650862977e-05
6.679970829281956e-05
0.00014879809168633074
0.00014325058145914227
0.00021359110542107373
0.0003258846409153193
0.00029599358094856143
0.00010075899626826867
3.964533607359044e-05
