0.00010347223724238575
0.0003821809950750321
0.0004228586331009865
0.0004053847515024245
0.00032266811467707157
0.00010553306492511183
0.00013695284724235535
0.00018073221144732088
0.00035687064519152045
0.0003853975504171103
0.00021879735868424177
0.0001664031733525917
0.00026525286375544965
0.0005393970641307533
0.000626278982963413
0.0006857175612822175
0.0005557258264161646
0.00024280943034682423
0.00023261526075657457
0.00016038594185374677
0.0001997432846110314
0.00022055054432712495
0.00033903587609529495
0.00042264917283318937
0.00040827211341820657
0.0003609071718528867
0.0002221634640591219
0.00012993197015020996
0.0003862502926494926
0.0009359590476378798
0.0020224505569785833
0.00394097063690424
0.005243462044745684
0.004796995781362057
0.0040567051619291306
0.0028391743544489145
0.0025332472287118435
0.001276666414923966
0.0004777637077495456
7.31220279703848e-05
0.0002468551101628691
0.00040760511183179915
0.0003530379617586732
0.0002592206292320043
0.00010636918887030333
9.618108015274629e-05
0.00028755582752637565
0.0005433655460365117
0.0005329081322997808
0.0002665363426785916
8.913467900129035e-05
7.34859931981191e-05
0.00013292409130372107
0.00010743137681856751
0.0001550955348648131
8.66661939653568e-05
8.249221718870103e-05
6.189160922076553e-05
0.00016935289022512734
0.00020693677652161568
0.00035097342333756387
0.0001973589533008635
7.809475937392563e-05
3.6655103031080216e-05
