9.61346595431678e-05
0.0002957242832053453
0.00038277945714071393
0.00037764798616990447
0.0002945872547570616
9.875428077066317e-05
0.0001392910344293341
0.00016677235544193536
0.0003932873369194567
0.00036603864282369614
0.0002056021912721917
0.0001458948099752888
0.0002006353170145303
0.0003739078820217401
0.0005710439872927964
0.00040554936276748776
0.0006935540586709976
0.00015606798115186393
0.00023992513888515532
0.0001506435073679313
0.00017332540301140398
0.00021333395852707326
0.00032160591217689216
0.00040812251972965896
0.00039323681266978383
0.00035118285450153053
0.0002116911200573668
0.00012734381016343832
0.0003628071863204241
0.0009413298685103655
0.0023858086206018925
0.004060069099068642
0.004780375864356756
0.004389965441077948
0.003436153521761298
0.002593747340142727
0.0020345537923276424
0.001105656148865819
0.00026527963927946985
6.65144034428522e-05
0.00024053498054854572
0.0003729938471224159
0.0003309132589492947
0.00020907397265546024
8.641187014291063e-05
0.0001116801577154547
0.00032025951077230275
0.000531412020791322
0.0004595417995005846
0.00024610027321614325
8.877562504494563e-05
9.952679829439148e-05
0.00011630147491814569
0.0001268848282052204
0.00012377749953884631
8.456681098323315e-05
6.0116912209196016e-05
0.00012889689242001623
0.0001484007079852745
0.00021425590966828167
0.0003334546636324376
0.00029482663376256824
0.00010162669059354812
4.015399099444039e-05
