9.920309821609408e-05
0.00039096796535886824
0.00039129165816120803
0.00036438924144022167
0.00021290477889124304
0.00010942112567136064
0.00013576657511293888
0.00015805770817678422
0.00024595067952759564
0.0004205995937809348
0.00022457279555965215
0.00016302461153827608
0.00034187742858193815
0.0005204759654588997
0.0005713715218007565
0.0005032414337620139
0.0005737970350310206
0.00022152018209453672
0.00027988108922727406
0.0001704599562799558
0.0001685450115473941
0.0002159698196919635
0.00021178087627049536
0.00039676023880019784
0.0003732421319000423
0.0003191075229551643
0.00021517691493500024
0.00012020763824693859
0.0004574826161842793
0.0012072633253410459
0.0025054388679564
0.00407446688041091
0.004549636039882898
0.004154800903052092
0.0032316932920366526
0.0024084916803985834
0.0019804267212748528
0.0010631383629515767
0.0002828283468261361
7.30314786778763e-05
0.0002668988599907607
0.0003695327613968402
0.00031779101118445396
0.00022943428484722972
9.353306813864037e-05
0.0001002054414129816
0.0002907274756580591
0.0005245601641945541
0.00047870620619505644
0.0002246020158054307
8.496069494867697e-05
8.977797551779076e-05
0.00011543524306034669
0.0001062046067090705
0.00013243037392385304
8.30756762297824e-05
6.686583219561726e-05
0.00010327226482331753
0.00013991403102409095
0.00023094619973562658
0.00032700292649678886
0.0002502144197933376
8.359929051948711e-05
3.81492827727925e-05
