9.275813499698415e-05
0.0003411892685107887
0.0003815077943727374
0.00034525850787758827
0.00020432172459550202
0.00010045721137430519
0.00013086125545669347
0.00015725810953881592
0.0003642882511485368
0.0003503749903757125
0.0002086827444145456
0.00017827098781708628
0.000326859881170094
0.0006121847545728087
0.0005579014541581273
0.0006145850056782365
0.00034548944677226245
0.00022223495761863887
0.00019770866492763162
0.00014612764061894268
0.00019607142894528806
0.00021317502250894904
0.0002896753721870482
0.0003923177137039602
0.00037406961200758815
0.00030160185997374356
0.00016598118236288428
0.0001589703024365008
0.0005528416368179023
0.0014656797284260392
0.0027261797804385424
0.0037749025505036116
0.0043927151709795
0.003958052024245262
0.0033515070099383593
0.0022000533062964678
0.0016646122094243765
0.0007513184100389481
0.00020441658853087574
7.265285239554942e-05
0.00031075769220478833
0.0003694795595947653
0.0003139685722999275
0.00023139131371863186
8.351514406967908e-05
0.00011319116310914978
0.00028524536173790693
0.0004919611965306103
0.00042649402166716754
0.00020928247249685228
6.940177991054952e-05
7.227419700939208e-05
0.00010572581231826916
0.00011187123163836077
9.314408816862851e-05
7.920090138213709e-05
7.02246034052223e-05
8.412291208514944e-05
0.0001497396733611822
0.00018387954332865775
0.00028800463769584894
0.0003283980186097324
7.221410487545654e-05
3.255405317759141e-05
