0.0001035276145557873
0.00028632907196879387
0.00046073863632045686
0.0004091203154530376
0.0002606149937491864
0.0001315673434874043
0.0001635781372897327
0.000190222795936279
0.00034232757752761245
0.0004228494071867317
0.00021651307179126889
0.00021444664162117988
0.0003274106129538268
0.0006069326773285866
0.0007557148928754032
0.0006109271780587733
0.0004877797618974
0.0003333447384648025
0.00023873502505011857
0.00017425994155928493
0.00021733123867306858
0.0002561537257861346
0.0003188981208950281
0.0004668425244744867
0.00045762682566419244
0.00040339500992558897
0.0002029681345447898
0.00015545064525213093
0.0004817808512598276
0.0014801324578002095
0.002793933730572462
0.004307413008064032
0.005279337055981159
0.004759835544973612
0.0035477601923048496
0.0026004945393651724
0.00210335711017251
0.0013524744426831603
0.0002625224587973207
0.0001104739640140906
0.00033548931241966784
0.00044223250006325543
0.0003389600897207856
0.0002994195092469454
0.00011239825835218653
6.670888251392171e-05
0.00038052373565733433
0.0006297247018665075
0.0004927180125378072
0.00020220615260768682
0.00010973529424518347
0.00010470856068423018
0.00011935488873859867
0.00012472571688704193
9.20519742066972e-05
9.722830873215571e-05
8.594809332862496e-05
7.430881669279188e-05
0.00018850235210265964
0.00023411045549437404
0.00035535747883841395
0.0002127458283212036
8.634454570710659e-05
3.644378739409149e-05
