0.00010347223724238575
0.00032096265931613743
0.00043286720756441355
0.0003963064809795469
0.00028388912323862314
0.00011606358748394996
0.0001616931112948805
0.00018552520486991853
0.00023260590387508273
0.00048235655413009226
0.0002645914501044899
0.0001860854245023802
0.00029118056409060955
0.0006672469316981733
0.000655055046081543
0.000654276111163199
0.00047556450590491295
0.00023324920039158314
0.0002705138176679611
0.00018171673582401127
0.00021836352243553847
0.0002292697026859969
0.00026556389639154077
0.00043763997382484376
0.00040136740426532924
0.0003211846633348614
0.00020365258387755603
0.0001621868141228333
0.0003970368125010282
0.0013495924649760127
0.00398724339902401
0.004685000982135534
0.005263105034828186
0.004801468923687935
0.003905424615368247
0.0027124371845275164
0.0019900312181562185
0.00127637037076056
0.00041911849984899163
5.4441276006400585e-05
0.0002708599204197526
0.00036804520641453564
0.000346335640642792
0.0002815566840581596
9.92379427771084e-05
0.0001185704386443831
0.0004512265441007912
0.0005683046183548868
0.0004890139680355787
0.00018062455637846142
7.798297156114131e-05
9.85112928901799e-05
0.0001241313002537936
0.00012256995250936598
0.00011392329906811938
8.549927588319406e-05
6.55718904454261e-05
8.656147110741585e-05
0.00016543324454687536
0.0001715820108074695
0.00030485016759485006
0.00038414084701798856
0.0001308595237787813
3.4834294638130814e-05
