9.83727877610363e-05
0.0003978825407102704
0.00038093930925242603
0.0003686417476274073
0.0001744022301863879
0.00010758712596725672
0.00014372743316926062
0.00015705535770393908
0.00028421965544112027
0.0003447587660048157
0.00016590168524999171
0.00016820093151181936
0.0002566923212725669
0.0005891449400223792
0.0005739160114899278
0.0005358104826882482
0.0004209137405268848
0.00018969917437061667
0.00032197992550209165
0.00014302802446763963
0.00017940635734703392
0.00021540132001973689
0.000254852173384279
0.0004204799188300967
0.00039574498077854514
0.0003356059896759689
0.0001371728430967778
0.00017159698472823948
0.0005410891608335078
0.0015498463762924075
0.002769159385934472
0.004150881431996822
0.004703312646597624
0.004451677203178406
0.0032317135483026505
0.0024189953692257404
0.0019080104539170861
0.0006405040039680898
0.00021882729197386652
7.164585258578882e-05
0.00025178526993840933
0.00040148006519302726
0.0003243437095079571
0.0002990454959217459
0.00011989346967311576
5.994673483655788e-05
0.00017898746591527015
0.0005228643422015011
0.00043818604899570346
0.00021742013632319868
7.558046490885317e-05
8.514022192684934e-05
0.00012707451242022216
0.00011177894339198247
0.000111840468889568
8.178907592082396e-05
7.172663026722148e-05
0.00015144517237786204
0.00014541337441187352
0.00025764977908693254
0.0003451202646829188
0.00014967982133384794
0.00010117788042407483
3.731092147063464e-05
