0.00010780249431263655
0.0003088296507485211
0.00045853943447582424
0.0004015366139356047
0.00027338266954757273
0.00013441263581626117
0.0001630087208468467
0.00018597402959130704
0.0002930313930846751
0.0004107406421098858
0.0002335932949790731
0.0001832512061810121
0.00026279620942659676
0.0005001212703064084
0.0006677171913906932
0.0005842974642291665
0.0005540230195038021
0.00026095606153830886
0.00029573641950264573
0.0001776643912307918
0.0001953991304617375
0.0002374680625507608
0.0003231319133192301
0.000446241901954636
0.00041425044764764607
0.00033609053934924304
0.00020176047109998763
0.00018273506429977715
0.0005399236688390374
0.0012921638553962111
0.0029618628323078156
0.004826933145523071
0.0051346393302083015
0.00476695504039526
0.0034516872838139534
0.0027905080933123827
0.002499212045222521
0.0010962611995637417
0.0002905652509070933
6.78841897752136e-05
0.0003062910691369325
0.0003715590573847294
0.00032628857297822833
0.0002967565378639847
0.00011410375736886635
7.522140367655084e-05
0.00024850890622474253
0.0005428268923424184
0.0005572937079705298
0.0002835913037415594
7.564479892607778e-05
0.00011645069025689736
0.00012589263496920466
0.00012515956768766046
0.00014043424744158983
8.81323212524876e-05
7.409937097691e-05
5.976721513434313e-05
0.00015427386097144336
0.00021022101282142103
0.0003380903508514166
0.0003173774166498333
7.474080484826118e-05
3.9956757973413914e-05
