0.00010481054778210819
0.00042981014121323824
0.0004283846647012979
0.0004469898995012045
0.00023982251877896488
0.00014145999739412218
0.00018992359400726855
0.00019870541291311383
0.0003669791913125664
0.0004368708760011941
0.00023467045684810728
0.00020059043890796602
0.0002749740378931165
0.0004945045220665634
0.0008274355204775929
0.0007284513558261096
0.0005404584226198494
0.0003787906316574663
0.00027354626217857003
0.00018132130207959563
0.00023744083591736853
0.00026742953923530877
0.0004589676973409951
0.0005047973245382309
0.0004721085715573281
0.00040162965888157487
0.00024086408666335046
9.22165418160148e-05
0.0005250449175946414
0.0016764741158112884
0.003077555214986205
0.0045045181177556515
0.00541480490937829
0.005075844470411539
0.0036951659712940454
0.002780629089102149
0.0018665652023628354
0.0008819815702736378
0.00028619912336580455
7.938042836030945e-05
0.00021430919878184795
0.00039968296186998487
0.00033382928813807666
0.00020703839254565537
8.92970128916204e-05
0.00015730968152638525
0.0003794084768742323
0.0006010083598084748
0.0005115295061841607
0.0002565876056905836
8.00087655079551e-05
8.044263086048886e-05
0.0001385641808155924
0.00012457782577257603
0.00011972412903560326
9.284274710807949e-05
7.691387872910127e-05
0.0001314083783654496
0.00017016075435094535
0.00022563431411981583
0.0003703403053805232
0.0002008746814681217
9.788470197236165e-05
3.603985169320367e-05
