0.000100459779787343
0.0003864896425511688
0.0004017643223050982
0.0003746859438251704
0.0001024944067467004
0.00012352888006716967
0.00012795717339031398
0.00017034028132911772
0.0003479737788438797
0.0002589364012237638
0.00024731209850870073
0.00016582630632910877
0.00027884356677532196
0.0005716707673855126
0.0005650282837450504
0.0005197727587074041
0.0005106917815282941
0.0002242130576632917
0.0003180603089276701
0.0001358862646156922
0.00021955066767986864
0.00019529202836565673
0.0004113989125471562
0.0004186098522040993
0.0002610906958580017
0.0005099436966702342
0.0002718828618526459
0.00024286327243316919
0.000399879296310246
0.0014280100585892797
0.001966154435649514
0.0035810957197099924
0.005020415876060724
0.004383322782814503
0.003408185439184308
0.0022476771846413612
0.001978486543521285
0.0010947767877951264
0.0001907912956085056
6.21010476606898e-05
0.00026401455397717655
0.0003846046165563166
0.0002843692491296679
0.00028022515471093357
0.00012242179946042597
0.00012761549442075193
0.0003737553197424859
0.0005129155470058322
0.0003845298197120428
0.00021888711489737034
7.293245289474726e-05
7.637337694177404e-05
0.00011562973668333143
0.00010826397192431614
0.00010191089677391574
7.927102706162259e-05
6.625258538406342e-05
0.00011509956675581634
0.00015560421161353588
0.0001772520481608808
0.0003721400862559676
0.0002780116628855467
8.086724847089499e-05
3.226793705835007e-05
