3.0250139388954267e-05
4.129660010221414e-05
4.310121585149318e-05
4.293664460419677e-05
4.416340379975736e-05
3.967218071920797e-05
3.692635436891578e-05
3.5557288356358185e-05
3.849899076158181e-05
3.946580909541808e-05
4.443269790499471e-05
4.323585380916484e-05
4.4552380131790414e-05
4.7170466132229194e-05
5.0222413847222924e-05
4.426813029567711e-05
3.918155925930478e-05
3.631104118539952e-05
3.547268352122046e-05
3.695711711770855e-05
3.539935642038472e-05
3.4366144973319024e-05
3.4159507777076215e-05
3.666819247882813e-05
3.469341027084738e-05
3.915070556104183e-05
3.662331437226385e-05
3.957053559133783e-05
4.0513044950785115e-05
5.065626828582026e-05
4.972871465724893e-05
4.257952605257742e-05
4.1179690015269443e-05
4.467158214538358e-05
3.679816290969029e-05
4.374451236799359e-05
3.672803723020479e-05
4.784369230037555e-05
4.196421286906116e-05
3.995950464741327e-05
3.66802305507008e-05
3.5411147109698504e-05
3.58803263225127e-05
3.8928166759433225e-05
3.750598261831328e-05
3.8268968637567014e-05
3.7655587220797315e-05
4.153035843046382e-05
3.9046914025675505e-05
3.544143328326754e-05
3.4977660106960684e-05
3.693748658406548e-05
3.538159216986969e-05
3.5127264709444717e-05
3.497765646898188e-05
3.4109947591787204e-05
3.5249631764600053e-05
3.5088112781522796e-05
3.538038436090574e-05
3.586032835301012e-05
3.611465581343509e-05
3.5606000892585143e-05
3.5665842005982995e-05
3.3601292670937255e-05
