3.33768839482218e-05
7.751036901026964e-05
8.16843457869254e-05
6.0477384977275506e-05
5.138616688782349e-05
5.066701851319522e-05
5.3583844419335946e-05
6.04703527642414e-05
5.2227118430892006e-05
5.4544514568988234e-05
4.734049434773624e-05
4.3694773921743035e-05
4.5979119022376835e-05
4.709566564997658e-05
5.246648652246222e-05
5.6805580243235454e-05
5.003247861168347e-05
4.017212268081494e-05
4.34153807873372e-05
4.36996306234505e-05
4.355002238298766e-05
3.813432704191655e-05
4.696102405432612e-05
4.227838144288398e-05
4.4522457756102085e-05
4.491143045015633e-05
4.184452700428665e-05
4.0602808439871296e-05
3.8493377360282466e-05
4.3250816815998405e-05
5.188302384340204e-05
5.396253982326016e-05
7.839062163839117e-05
7.963662937982008e-05
8.401819650316611e-05
0.00011395415640436113
8.371897274628282e-05
9.306929132435471e-05
5.462424087454565e-05
4.236814129399136e-05
4.800825263373554e-05
5.380894799600355e-05
4.6335488150361925e-05
4.972123133484274e-05
4.6780558477621526e-05
4.1320912714581937e-05
4.355002238298766e-05
4.356498538982123e-05
4.495631219469942e-05
4.3041367462137714e-05
4.198413444100879e-05
4.3871677917195484e-05
3.954142448492348e-05
4.193242421024479e-05
3.7942645576549694e-05
4.10104839829728e-05
4.105817060917616e-05
4.105817060917616e-05
4.4387812522472814e-05
4.568937947624363e-05
5.183814573683776e-05
5.578771742875688e-05
5.122476432006806e-05
3.9555568946525455e-05
