3.535166979418136e-05
4.221854396746494e-05
5.121694994159043e-05
5.254129064269364e-05
4.404372157296166e-05
3.695244595292024e-05
3.9031954656820744e-05
4.19492571381852e-05
5.626645724987611e-05
8.13552105682902e-05
5.469560346682556e-05
4.989328226656653e-05
5.662550756824203e-05
7.947019184939563e-05
8.294391591334715e-05
0.00011543524306034669
8.540951239410788e-05
6.886320625199005e-05
8.53646342875436e-05
6.0202160966582596e-05
5.2032242820132524e-05
5.36474326509051e-05
5.641325333272107e-05
5.563811646425165e-05
6.404590385500342e-05
5.0790909881470725e-05
5.6954635510919616e-05
6.023098831064999e-05
6.784588185837492e-05
0.00014972471399232745
0.00019481565686874092
0.0002541041176300496
0.00034271518234163523
0.00032759158057160676
0.00022413827537093312
0.00016718362167011946
0.00010916678002104163
6.578133616130799e-05
5.128460543346591e-05
4.639252438209951e-05
3.816424941760488e-05
5.022241020924412e-05
4.794060441781767e-05
4.433316280483268e-05
3.891842425218783e-05
4.525459007709287e-05
5.356795372790657e-05
6.626007234444842e-05
6.317820952972397e-05
4.2323263187427074e-05
4.172484841546975e-05
3.989966353401542e-05
4.185948637314141e-05
4.2833340557990596e-05
4.0956638258649036e-05
3.9325554098468274e-05
3.7227342545520514e-05
3.95337374357041e-05
4.1919334762496874e-05
4.328073555370793e-05
4.954918767907657e-05
4.763424294651486e-05
3.877762719639577e-05
3.466349153313786e-05
