9.721334936330095e-05
0.00031538534676656127
0.00041857300675474107
0.0004084666143171489
0.0002891117474064231
0.00011466321302577853
0.00014790537534281611
0.00017888272122945637
0.00029171485221013427
0.00035876480978913605
0.0001974763727048412
0.0001700261200312525
0.000250124663580209
0.0004388215020298958
0.0006832312210462987
0.0005250239046290517
0.00039643721538595855
0.00025279284454882145
0.00021668792760465294
0.0001613639760762453
0.00018447794718667865
0.00022724224254488945
0.0003313142224214971
0.00041905761463567615
0.0003893929242622107
0.000309143855702132
0.00019327475456520915
0.00010602508700685576
0.0005020707030780613
0.0014276211149990559
0.0027904738672077656
0.0044465456157922745
0.004758486989885569
0.0042793177999556065
0.002967174630612135
0.002318205079063773
0.0019094240851700306
0.001113749691285193
0.00020669067453127354
0.00011732026905519888
0.00034655086346901953
0.00039378367364406586
0.0003530398244038224
0.00025904111680574715
0.00011398407514207065
8.330007403856143e-05
0.0002739866613410413
0.0005211042589507997
0.00062400265596807
0.00018153982819058
7.973661558935419e-05
0.00010837575973710045
0.0001125403941841796
0.00011633288522716612
0.00012378321844153106
8.668962254887447e-05
5.8390844060340896e-05
0.00012079277803422883
0.00014447451394516975
0.00022546974651049823
0.0003195114550180733
0.0002681448240764439
6.552701233886182e-05
3.698788714245893e-05
