9.646538819652051e-05
0.0003507190849632025
0.0003847924526780844
0.0003552221751306206
0.00021262842346914113
0.0001156746075139381
0.00013730666250921786
0.0001560582750244066
0.0002945186279248446
0.000309581431793049
0.00018969731172546744
0.00015361445548478514
0.00026912728208117187
0.000548125768546015
0.0005356758483685553
0.0005441135144792497
0.0005841029342263937
0.00018980390450451523
0.00030956274713389575
0.00015721992531325668
0.00018093221297021955
0.00021987452055327594
0.00029511083266697824
0.00040808969060890377
0.000388661224860698
0.0003000441356562078
0.00014687475049868226
0.0001104714028770104
0.0003507350047584623
0.001168019836768508
0.0026927830185741186
0.004388454835861921
0.004717652220278978
0.00427969777956605
0.003238683333620429
0.0026124154683202505
0.002087942324578762
0.0009526250651106238
0.00023487990256398916
7.763686880934983e-05
0.00023377971956506371
0.00036636029835790396
0.00033970348886214197
0.00029363410430960357
8.594715473009273e-05
8.34977108752355e-05
0.0003537869197316468
0.0005203562323004007
0.0004811347753275186
0.00016607654106337577
8.409763540839776e-05
8.853556209942326e-05
0.00011986355093540624
0.00011717066809069365
0.00012812382192350924
8.6797313997522e-05
6.529987877001986e-05
9.586546366335824e-05
0.0001453646837035194
0.0002061650884570554
0.00033357436768710613
0.0002764102828223258
0.00010017552267527208
4.344529952504672e-05
