2.957691322080791e-05
4.495257235248573e-05
5.037294977228157e-05
4.957910641678609e-05
4.465709935175255e-05
3.995950464741327e-05
3.6892601201543584e-05
3.9061873394530267e-05
4.688670014729723e-05
4.804810305358842e-05
4.4612221245188266e-05
4.220358096063137e-05
3.9095324609661475e-05
4.3079468014184386e-05
4.2602601752150804e-05
3.801464117714204e-05
3.764062421396375e-05
3.84784143534489e-05
3.9750058931531385e-05
3.68477230949793e-05
3.720324093592353e-05
3.897226633853279e-05
3.961834227084182e-05
3.9961374568520114e-05
3.6241821362636983e-05
3.7018653529230505e-05
3.6353088944451883e-05
4.156682553002611e-05
4.6542125346604735e-05
6.782625132473186e-05
0.00011632352106971666
0.0001502358791185543
0.00012908763892482966
0.00011468628508737311
0.00012755324132740498
0.0001224068400915712
0.00010216528607998043
8.043141133384779e-05
5.1509014156181365e-05
4.1231149225495756e-05
3.829889101325534e-05
4.0542967326473445e-05
4.619803439709358e-05
4.7245270252460614e-05
4.3759471736848354e-05
4.2667357774917036e-05
4.5748376578558236e-05
5.539874837268144e-05
5.525493179447949e-05
4.684054874815047e-05
4.178936069365591e-05
3.795853626797907e-05
3.7221736420178786e-05
4.1614512156229466e-05
4.628779424820095e-05
4.061776780872606e-05
3.880754593410529e-05
3.80296005459968e-05
4.094895120942965e-05
4.826345684705302e-05
7.709147757850587e-05
7.282773003680632e-05
4.435623486642726e-05
3.3601292670937255e-05
