0.00010161173122469336
0.00032948364969342947
0.0003836770774796605
0.00037196301855146885
0.0002610607771202922
0.00011467859440017492
0.00014924368588253856
0.0001764741027727723
0.0003626412362791598
0.00039768320857547224
0.00021950142399873585
0.00019367867207620293
0.0002838904911186546
0.0005985668976791203
0.00048304939991794527
0.0006386938039213419
0.0005327884573489428
0.0002520694979466498
0.00027985440101474524
0.00016216521908063442
0.00021236433531157672
0.00021836350788362324
0.0003166689712088555
0.0004289326025173068
0.00041127920849248767
0.00033700859057717025
0.00018233204900752753
0.00018868186452891678
0.0005073777865618467
0.0011699293972924352
0.0030224258080124855
0.0042944420129060745
0.004876046907156706
0.004228594247251749
0.0032402127981185913
0.0023155417293310165
0.001741043757647276
0.0008598280255682766
0.00023030323791317642
8.470636385027319e-05
0.00024973569088615477
0.00040338007966056466
0.0003259622026234865
0.00022524999803863466
8.919701940612867e-05
0.0001489467831561342
0.00029017392080277205
0.0005387715063989162
0.0004218342073727399
0.00011231784446863458
7.43387354305014e-05
9.362283162772655e-05
0.00011691633699228987
0.0001266386971110478
8.32608129712753e-05
8.545439050067216e-05
7.194506179075688e-05
8.597800479037687e-05
0.00015789314056746662
0.0001951091835508123
0.00033470612834207714
0.0001478995254728943
7.510172872571275e-05
3.554955401341431e-05
