0.00010198010568274185
0.0003418624692130834
0.0004081973456777632
0.00038083139224909246
0.00014876629575155675
0.00010991481394739822
0.00014292534615378827
0.00016769532521720976
0.0003045635821763426
0.0003602723008953035
0.00021737611677963287
0.00017523237329442054
0.0002653693954925984
0.00045874889474362135
0.0007133766775950789
0.0004843912029173225
0.0004408857203088701
0.000251746823778376
0.0002183251635869965
0.00015768369485158473
0.00020012476306874305
0.0002234578860225156
0.00034623092506080866
0.00041947755380533636
0.0003903195320162922
0.00033070193603634834
0.00022717524552717805
0.00012164384679635987
0.0003431341319810599
0.0011720595648512244
0.0028101487550884485
0.004358193837106228
0.004979466088116169
0.004569607321172953
0.00323297712020576
0.002643570536747575
0.002263352507725358
0.0009603287908248603
0.00025110176648013294
7.181042019510642e-05
0.00023577753745485097
0.00039838324300944805
0.0003344753640703857
0.0002465012948960066
7.057617767713964e-05
0.0001415413134964183
0.00026776312734000385
0.0005500803817994893
0.0004399165918584913
0.0002008836599998176
8.24516755528748e-05
9.71576155279763e-05
0.00010864598152693361
0.00012875383254140615
0.00011458249355200678
8.464652637485415e-05
6.790572660975158e-05
9.031654917635024e-05
0.00014788458065595478
0.00019469599646981806
0.00033804753911681473
0.00030212735873647034
9.728814620757475e-05
3.71319692931138e-05
