0.00010337994172004983
0.0003244484541937709
0.00042058047256432474
0.00039915231172926724
0.00017923806444741786
0.00011085545702371746
0.0001409933902323246
0.00017057966033462435
0.0005146939656697214
0.0003858612908516079
0.0002660725440364331
0.00020048570877406746
0.00032615329837426543
0.0005832917522639036
0.0006862682639621198
0.0006640677456744015
0.0005456619546748698
0.0002734181471168995
0.0002782354422379285
0.000179526032297872
0.0001947707642102614
0.0002380365622229874
0.0002960534184239805
0.00044890487333759665
0.000432029424700886
0.0003806251334026456
0.00024267433036584407
0.00012538398732431233
0.0003276050847489387
0.0008845547563396394
0.001997601240873337
0.004128200933337212
0.00548326363787055
0.004960439167916775
0.00426836684346199
0.0029581852722913027
0.0026400950737297535
0.0016876646550372243
0.0004457930917851627
6.552114791702479e-05
0.00029041912057437
0.00041878066258504987
0.00036006461596116424
0.00022574837203137577
0.00010093664604937658
0.00012553358101285994
0.00034624585532583296
0.0005763982771895826
0.0005382639355957508
0.0002617938444018364
9.201646753353998e-05
0.0001103637259802781
0.00012510041415225714
0.00012022407463518903
0.00010592783655738458
8.839507063385099e-05
6.61572121316567e-05
0.00011395508772693574
0.00015739757509436458
0.00022124993847683072
0.0003630465071182698
0.00027648507966659963
0.00010642902634572238
3.9016991649987176e-05
