9.77039962890558e-05
0.00024973167455755174
0.0003878809802699834
0.00036828272277489305
0.0002741212956607342
0.00010451407433720306
0.00013352249516174197
0.0001635737862670794
0.0003109858953393996
0.00036823286791332066
0.00019104561943095177
0.00017289852257817984
0.0002554805250838399
0.0004999201628379524
0.000592540658544749
0.0005472403136081994
0.0004958210047334433
0.00024725223192945123
0.0002712339046411216
0.00016725841851439327
0.0001950689620571211
0.00021330526215024292
0.0003466657071840018
0.0004007900133728981
0.00039405966526828706
0.0003304176789242774
0.00020575179951265454
0.00015259713109117
0.00034193729516118765
0.0011037694057449698
0.002599112456664443
0.004082827363163233
0.004480362869799137
0.004126077052205801
0.0032153413631021976
0.002406112849712372
0.0019271672936156392
0.0010696910321712494
0.0002810779551509768
6.801044946769252e-05
0.00019593772594816983
0.00042390587623231113
0.00031846424099057913
0.00024800022947601974
8.662040636409074e-05
0.00011760900815716013
0.00042453792411834
0.0005227947840467095
0.00042733183363452554
0.000212409213418141
7.511669537052512e-05
8.487093873554841e-05
0.00011999820708297193
0.00010279361595166847
0.00010948744602501392
7.888673280831426e-05
7.211510092020035e-05
0.00011039449600502849
0.0001500897342339158
0.00018267813720740378
0.000333249889081344
0.00024237509933300316
8.499062096234411e-05
3.6952442314941436e-05
