9.577059972798452e-05
0.000283426750684157
0.00040970140253193676
0.0003839540877379477
0.00025799989816732705
0.00012468457862269133
0.00014275779540184885
0.00015968841034919024
0.00029425814864225686
0.0003735188802238554
0.00022505085507873446
0.0001597781665623188
0.00023407202388625592
0.0004567741125356406
0.00060162169393152
0.0004605740832630545
0.0005973430234007537
0.0002043006243184209
0.00024621671764180064
0.00016690311895217746
0.00018361648835707456
0.0002189170481869951
0.00029374947189353406
0.0003945234348066151
0.0003786802990362048
0.00032085791463032365
0.00019884004723280668
0.00011726042430382222
0.00031527766259387136
0.0008014192571863532
0.0022996149491518736
0.004046800546348095
0.0045148530043661594
0.004079727455973625
0.003295744536444545
0.0022998456843197346
0.0018403532449156046
0.0009887994965538383
0.00026777805760502815
7.23041157471016e-05
0.0002225973439635709
0.00040685091516934335
0.0003305822319816798
0.0002884085988625884
0.00011365494719939306
0.00012170852278359234
0.0003212231385987252
0.0005315784364938736
0.0004458678886294365
0.0002594300894998014
8.627722127130255e-05
6.628999108215794e-05
0.00010765635670395568
0.00012305451673455536
0.0001249466004082933
8.300087210955098e-05
6.0202160966582596e-05
0.00010631806071614847
0.00013786104682367295
0.00018203940999228507
0.0003052391402889043
0.0003103107737842947
0.00012059661821695045
4.135083145229146e-05
