0.00010117788770003244
0.00043048846418969333
0.00042821449460461736
0.00039427491719834507
0.00022599335352424532
0.00010810459934873506
0.00014290542458184063
0.0001671799982432276
0.0004591901961248368
0.00039220642065629363
0.00022102647926658392
0.00017370640125591308
0.0002588765637483448
0.0005338805494830012
0.0006759455427527428
0.0005441883113235235
0.0006272490136325359
0.00018215908494312316
0.00026262245955877006
0.0001561659446451813
0.00021620919869747013
0.00023873680038377643
0.000330837385263294
0.0004408549575600773
0.000418211508076638
0.00034866854548454285
0.00023674090334679931
0.00018588239618111402
0.00045613833935931325
0.0011306549422442913
0.0024045868776738644
0.004267633426934481
0.005203367676585913
0.00470561720430851
0.003921955823898315
0.002777955960482359
0.002323590684682131
0.0013846843503415585
0.0003324074496049434
5.599716314463876e-05
0.0001865125959739089
0.00044398283353075385
0.0003425805480219424
0.00026432223967276514
0.00010771019151434302
0.00012849950871896
0.00032542087137699127
0.0005503071588464081
0.0005097193061374128
0.00023244133626576513
8.847641583997756e-05
0.00010737177217379212
0.00012531578249763697
0.00012388518371153623
0.00010786709754029289
8.930110925575718e-05
7.114840991562232e-05
0.00010967544949380681
0.0001572498440509662
0.0002110860514221713
0.00034316425444558263
0.0002918727695941925
6.238997593754902e-05
3.645874312496744e-05
