0.00010698720871005207
0.00039133685640990734
0.0004147196304984391
0.0003867460472974926
0.000312785676214844
0.0001411373814335093
0.00017140248382929713
0.00019037240417674184
0.0002891565964091569
0.0004591976758092642
0.00018763463594950736
0.00016504793893545866
0.0002808663994073868
0.0005364742828533053
0.0006322090630419552
0.0007059207418933511
0.00042422005208209157
0.00022511255519930273
0.0002491821360308677
0.00016818598669487983
0.00017807487165555358
0.00021329756418708712
0.00033291606814600527
0.00025591434678062797
0.0002101352292811498
0.0003833928203675896
0.000554481172002852
0.00047448172699660063
0.0006434461683966219
0.0012058326974511147
0.0024138495791703463
0.004579233005642891
0.004852271173149347
0.004497434478253126
0.003571456763893366
0.002706400118768215
0.0021078113932162523
0.0010154068004339933
0.00024334475165233016
8.992104267235845e-05
0.0003466657653916627
0.00048651464749127626
0.0003746259317267686
0.0002509587211534381
8.787051774561405e-05
0.0001312017411692068
0.00035024218959733844
0.0005467615555971861
0.0005096145905554295
0.0002369145367993042
8.898507076082751e-05
0.00010039994231192395
0.00013850432878825814
0.00012028244236717
0.00015430263010784984
9.050455992110074e-05
6.737656076438725e-05
0.0001264387246919796
0.00015140496543608606
0.00018916968838311732
0.00037885416531935334
0.00035514982300810516
8.171894296538085e-05
3.7068388337502256e-05
