9.894970571622252e-05
0.00038363217026926577
0.0004102169768884778
0.0003790243645198643
0.00031731228227727115
9.724581468617544e-05
0.00013849111564923078
0.00017988977197092026
0.00035426474642008543
0.00037411731318570673
0.00021803904382977635
0.00015944904589559883
0.00024990024394355714
0.00047493615420535207
0.0005885162972845137
0.0005607645725831389
0.000538682856131345
0.0002481498522683978
0.00026088126469403505
0.00015175934822764248
0.00016989147115964442
0.00021718161588069052
0.0002523238363210112
0.0004028518160339445
0.0003905071644112468
0.0003388979530427605
0.0001458574115531519
0.00017524827853776515
0.0005147161427885294
0.0011465281713753939
0.002483772812411189
0.004133288282901049
0.0048415781930089
0.004323061555624008
0.003369599115103483
0.002424753736704588
0.001895720255561173
0.001018974813632667
0.00023550825426355004
8.258198067778721e-05
0.00022362959862221032
0.00041790667455643415
0.0003310321772005409
0.0002576520782895386
8.693575364304706e-05
0.00011767823161790147
0.0003133702266495675
0.0005328660481609404
0.00039784936234354973
0.00018174955039285123
7.170569006120786e-05
9.921805030899122e-05
0.00012125487410230562
0.00010960063809761778
0.00012161393533460796
8.074184006545693e-05
7.260332495206967e-05
8.11158461146988e-05
0.00014689716044813395
0.00017995989765040576
0.0003093832347076386
0.0003299838281236589
0.00010710224159993231
4.144059857935645e-05
