9.823440632317215e-05
0.00039981945883482695
0.0004399734316393733
0.0004170838510617614
0.0002342950610909611
0.000122777113574557
0.00014348617696668953
0.0001620372204342857
0.0003710556193254888
0.0003905456105712801
0.00020066523575223982
0.00018718581122811884
0.00029888373683206737
0.0006027586641721427
0.000590423762332648
0.0006570101249963045
0.00036760015063919127
0.000265582581050694
0.0002623025211505592
0.0001612891792319715
0.00018564487982075661
0.00022672642080578953
0.00029526048456318676
0.0004260302521288395
0.0004152886103838682
0.00038625026354566216
0.00024090897932182997
0.0001259524724446237
0.0003647669800557196
0.00098532869014889
0.0019423821941018105
0.004010896198451519
0.004959852900356054
0.0045124138705432415
0.003516556229442358
0.0026754261925816536
0.0021401208359748125
0.0011457245564088225
0.00028228931478224695
6.685355037916452e-05
0.00036651926347985864
0.0003885345649905503
0.00034712665365077555
0.00024622181081213057
9.651769505580887e-05
0.00012943735055159777
0.00036769549478776753
0.0005550244241021574
0.0004400201723910868
0.00017750544066075236
7.683901640120894e-05
0.00010956791811622679
0.00011896217620233074
0.00013879981997888535
0.0001101401649066247
8.597895066486672e-05
6.266019772738218e-05
0.00012614695879165083
0.0001521034282632172
0.0002519049448892474
0.00036822285619564354
0.0003023966564796865
9.323386620962992e-05
3.7027246435172856e-05
