9.850360220298171e-05
0.0003982293128501624
0.00035526519059203565
0.0003496568533591926
0.00029283686308190227
0.00010702566214604303
0.00013686824240721762
0.00015754063497297466
0.00031166375265456736
0.0003337903181090951
0.0001910007413243875
0.00015411115600727499
0.0002495932567398995
0.00047565848217345774
0.0004544533439911902
0.0005991981597617269
0.00045834772754460573
0.0002390538720646873
0.00029029359575361013
0.00016153183241840452
0.00017911703616846353
0.00019889988470822573
0.00029922500834800303
0.00040460677701048553
0.00037657032953575253
0.0002597966231405735
0.00014299247413873672
0.00015401838754769415
0.0004858306492678821
0.0012210693676024675
0.0035120074171572924
0.004373044706881046
0.004584810696542263
0.004204469732940197
0.0034398087300360203
0.0023190283682197332
0.0017392998561263084
0.0004444073711056262
0.0001614032662473619
8.396021439693868e-05
0.0002667756925802678
0.0003861305885948241
0.00030075100949034095
0.0003036832786165178
0.00011468721640994772
0.00011523236753419042
0.0003074093838222325
0.0004962398670613766
0.0004242948489263654
0.00023318934836424887
7.374032429652289e-05
8.910472388379276e-05
0.00010585657582851127
0.00012004307063762099
0.00010265898163197562
7.722611189819872e-05
7.565526902908459e-05
8.858114597387612e-05
0.00015261207590810955
0.00021905839093960822
0.00038049143040552735
0.00022126585827209055
7.616011862410232e-05
3.4857370337704197e-05
