9.275512275053188e-05
0.00025191475288011134
0.0003818743280135095
0.0003166231617797166
0.00021500300499610603
0.00011432068276917562
0.00013387219223659486
0.00015731810708530247
0.0003400073619559407
0.00035704736365005374
0.00020030616724397987
0.00016425136709585786
0.0002635915589053184
0.0005021707038395107
0.00048503634752705693
0.0006381898419931531
0.0005885834689252079
0.000260527798673138
0.00026154512306675315
0.00011076008377131075
0.0001650417980272323
0.00025885875220410526
0.00026105239521712065
0.0004299106076359749
0.00036117833224125206
0.00032024734537117183
0.00018139983876608312
0.00017431977903470397
0.00039604943594895303
0.0010180480312556028
0.002361871534958482
0.004030125681310892
0.004594366066157818
0.004143012221902609
0.0034004165790975094
0.0026482597459107637
0.001886148238554597
0.0010382758919149637
0.0003650091530289501
9.691414015833288e-05
0.00023263583716470748
0.0003538159071467817
0.00035840878263115883
0.0002615694247651845
0.00011117149551864713
8.916460501495749e-05
0.000344381871400401
0.00047646608436480165
0.0003992163692601025
0.0001656950480537489
6.723811384290457e-05
0.00011050575267290697
0.00012390570191200823
0.00010107970592798665
8.739365148358047e-05
6.912967364769429e-05
6.645922985626385e-05
0.00011625994375208393
0.00015884407912380993
0.00020595843670889735
0.0003334724169690162
0.0002508633187972009
6.507631769636646e-05
3.400522473384626e-05
