3.3666990930214524e-05
5.4411353630712256e-05
5.388773570302874e-05
5.671527105732821e-05
4.8824931582203135e-05
3.885689511662349e-05
4.081819497514516e-05
4.7130262828432024e-05
5.948108810116537e-05
7.120686495909467e-05
5.350437277229503e-05
5.229630914982408e-05
4.9927875807043165e-05
5.809817957924679e-05
5.380638685892336e-05
7.464542431989685e-05
5.8450688811717555e-05
4.767071004607715e-05
6.0625567130045965e-05
5.048626917414367e-05
4.8131681978702545e-05
5.437862637336366e-05
4.606338916346431e-05
5.2089671953581274e-05
5.320235140970908e-05
4.899564737570472e-05
4.812793849851005e-05
4.028863622806966e-05
7.218367682071403e-05
8.658195292809978e-05
0.0001332456013187766
0.00024475943064317107
0.0002132227091351524
0.00018190850096289068
9.108141239266843e-05
7.860342157073319e-05
0.00012129882088629529
0.00010785028280224651
0.00010997465869877487
6.447976920753717e-05
5.4112140787765384e-05
5.2122395572951064e-05
4.966887354385108e-05
4.658700345316902e-05
3.7012287066318095e-05
3.871778608299792e-05
4.7768884542165324e-05
5.2197196055203676e-05
4.7309727960964665e-05
3.7633959436789155e-05
3.6464869481278583e-05
4.297178747947328e-05
4.441776763997041e-05
4.3471725803101435e-05
4.15827234974131e-05
3.678787834360264e-05
3.671307786135003e-05
3.777527672355063e-05
4.0557926695328206e-05
3.955373540520668e-05
5.6962417147587985e-05
6.373818905558437e-05
4.297947816667147e-05
3.271916284575127e-05
