0.00010042644862551242
0.0004174728528596461
0.00044223942677490413
0.00038242037408053875
0.0002390688459854573
0.0001067103075911291
0.00013582991959992796
0.00018226381507702172
0.000321770494338125
0.0004335404373705387
0.00026723946211859584
0.00018283231474924833
0.00023700427846051753
0.00046012524398975074
0.0007463496294803917
0.0004880565102212131
0.0007214404176920652
0.00020395652973093092
0.00032987911254167557
0.0001721505104796961
0.00015904511383268982
0.0002355531178181991
0.00022747443290427327
0.00044643640285357833
0.0004338845319580287
0.00040686584543436766
0.00030073602101765573
0.00016222674457821995
0.0005026322323828936
0.0012011256767436862
0.0026033578906208277
0.004548817407339811
0.005233302712440491
0.004896868485957384
0.003921377472579479
0.002871002769097686
0.002043053274974227
0.000943447754252702
0.00035538061638362706
6.556908192578703e-05
0.00022003523190505803
0.00038653454976156354
0.0003511426330078393
0.00027990498347207904
7.993864710442722e-05
0.00013835473509971052
0.00039389135781675577
0.0005569718778133392
0.00044348917435854673
0.00021179209579713643
8.268669625977054e-05
9.815492376219481e-05
0.00013000676699448377
0.00011862182873301208
0.00014252870460040867
8.636698476038873e-05
8.469140448141843e-05
6.730730092385784e-05
0.000167213540407829
0.00022207344591151923
0.0003638103371486068
0.0002888577582780272
9.693455649539828e-05
3.552652196958661e-05
