9.921802120516077e-05
0.0003998906468041241
0.0003909778024535626
0.00037427060306072235
0.00019724777666851878
0.0001201627601403743
0.0001509365247329697
0.00016981667431537062
0.00033597522997297347
0.0002849592419806868
0.00022908643586561084
0.00018245830142404884
0.00024063969613052905
0.00046199531061574817
0.0006552102277055383
0.0005718623870052397
0.0004170039901509881
0.0002436323993606493
0.00021293660392984748
0.00016928745026234537
0.00020692807447630912
0.0002294342702953145
0.0003216956974938512
0.000426897982833907
0.0004153484769631177
0.00036460242699831724
0.00024068457423709333
0.00015261703811120242
0.0005002017132937908
0.0011469859164208174
0.003019500058144331
0.004233044572174549
0.0045403530821204185
0.004110982175916433
0.0034580454230308533
0.002443962963297963
0.002098016208037734
0.000873357173986733
0.00022475773585028946
9.837746620178223e-05
0.0003036084526684135
0.0003932368417736143
0.0003270365996286273
0.0002688701788429171
0.00010891247075051069
7.953003660077229e-05
0.0002313941076863557
0.0005046327132731676
0.00044212330249138176
0.00018586237274575979
7.409114186884835e-05
0.00010327329073334113
0.00010955575999105349
0.00011247306974837556
0.00012429185153450817
8.391346636926755e-05
7.520645158365369e-05
6.588605174329132e-05
0.00016387733921874315
0.00014632867532782257
0.00028221495449543
0.00038370699621737003
8.901242836145684e-05
3.646487311925739e-05
