9.375748049933463e-05
0.0003423590387683362
0.00036985354381613433
0.0003684472758322954
0.00028327712789177895
0.00011054830974899232
0.00015814467042218894
0.00017173535889014602
0.0003264082479290664
0.0003864999453071505
0.0002494813525117934
0.0001773717231117189
0.00021929106151219457
0.0004053099546581507
0.0006754667847417295
0.0005928521859459579
0.0004396012518554926
0.000252331345109269
0.00023368025722447783
0.00017421504890080541
0.00019846601935569197
0.00022740151325706393
0.0002896951627917588
0.0004019737825728953
0.0003732752811629325
0.0002986950275953859
0.00017115645459853113
0.00015104345220606774
0.0006117397570051253
0.0012103646295145154
0.002664121799170971
0.0038591972552239895
0.004368721507489681
0.003956350032240152
0.0033203638158738613
0.0023261939641088247
0.0017244400223717093
0.0005866910796612501
0.00022669650206808
7.578990334877744e-05
0.00024992262478917837
0.00038629226037301123
0.00032037918572314084
0.00024562154430896044
7.85829106462188e-05
0.00011870119487866759
0.0003850983048323542
0.00048232663539238274
0.00042603688780218363
0.00018673152953851968
6.310340540949255e-05
7.78544635977596e-05
0.00010823924822034314
0.00011616303527262062
0.00010972534073516726
8.1848913396243e-05
7.302222365979105e-05
0.00011813971650553867
0.00015045124746393412
0.00023781215713825077
0.00031520286574959755
0.00029581403941847384
0.00010104323882842436
3.500350794638507e-05
