4.091560549568385e-05
6.424040475394577e-05
5.870501627214253e-05
5.909293395234272e-05
6.582341302419081e-05
5.6401098845526576e-05
6.419552664738148e-05
8.303079812321812e-05
9.28299268707633e-05
0.00010717705299612135
0.00011058804375352338
0.00011281429760856554
9.808826143853366e-05
0.00010075717727886513
8.32608129712753e-05
8.569375495426357e-05
8.035286737140268e-05
6.14128730376251e-05
7.149624434532598e-05
7.042234938126057e-05
8.050576434470713e-05
8.313365106005222e-05
8.504111610818654e-05
7.76814777054824e-05
6.51398950139992e-05
6.219922943273559e-05
5.7523135183146223e-05
5.334915840649046e-05
7.724107126705348e-05
0.00012141944171162322
0.00020249040971975774
0.0003120760666206479
0.0003663528186734766
0.0003384664305485785
0.0002887826121877879
0.0002450081519782543
0.0002138454292435199
0.0001579829113325104
8.659138984512538e-05
5.8959343732567504e-05
6.478404975496233e-05
6.899174331920221e-05
6.133806164143607e-05
5.515937664313242e-05
4.271223588148132e-05
4.84720294480212e-05
7.2139548137784e-05
9.591109119355679e-05
8.285931835416704e-05
5.354744280339219e-05
4.102170350961387e-05
4.853187419939786e-05
4.812793849851005e-05
4.6542125346604735e-05
5.1269642426632345e-05
4.093356983503327e-05
3.748782546608709e-05
4.413348506204784e-05
5.3319232392823324e-05
5.714912185794674e-05
7.375528366537765e-05
7.191513577708974e-05
5.8959343732567504e-05
3.6018769606016576e-05
