9.910353401210159e-05
0.0004001829365734011
0.00038123849662952125
0.0003601292264647782
0.0003365066077094525
0.00012475431140046567
0.00013263235450722277
0.00016477311146445572
0.00032615396776236594
0.0003413837403059006
0.00025236871442757547
0.00017420222866348922
0.0002458859817124903
0.0005834686453454196
0.0004596194194164127
0.0005584756145253778
0.0005325640086084604
0.00022545478714164346
0.00028013542760163546
0.00020615573157556355
0.0001614537468412891
0.00022458707098849118
0.00020679902809206396
0.0003901456657331437
0.00037786251050420105
0.00031068589305505157
0.00015102348697837442
0.00013380861491896212
0.0004885810776613653
0.0012030937941744924
0.0022483691573143005
0.004009414464235306
0.004666330758482218
0.0039963992312550545
0.003453377867117524
0.0023684122134000063
0.001862956676632166
0.001081419992260635
0.00027545279590412974
9.962198964785784e-05
0.00044854581938125193
0.00026601270656101406
0.0005997666157782078
0.0002793425228446722
0.00019144955149386078
6.908760406076908e-05
0.0003692213213071227
0.00045705834054388106
0.00045666584628634155
0.0002078289835480973
7.176833605626598e-05
9.308425069320947e-05
0.0001203927822643891
0.00011203172471141443
0.00010448135435581207
8.38536216178909e-05
7.187025767052546e-05
0.00012590258847922087
0.00013363016478251666
0.0003290216554887593
0.00029573641950264573
0.0002801503869704902
9.66298975981772e-05
4.178491872153245e-05
