8.941892883740366e-05
0.0003661433875095099
0.0003831833600997925
0.00034549713018350303
0.0001053397063515149
0.00011166519834659994
0.0001404211507178843
0.00017695283167995512
0.00028474326245486736
0.00037724405410699546
0.0002088635810650885
0.0001432168937753886
0.00019334955140948296
0.0003716039645951241
0.0006837847759015858
0.000410231965361163
0.0007226670859381557
0.0002002912078751251
0.000286734924884513
0.00017198592831846327
0.0002087154280161485
0.00020832123118452728
0.00027386724832467735
0.0003561796620488167
0.0004055493336636573
0.0003361290437169373
0.00016601091192569584
0.00019142992096021771
0.0004833290004171431
0.001112687517888844
0.002512497128918767
0.004102095030248165
0.004664310719817877
0.004275158513337374
0.003422379959374666
0.002413368783891201
0.001948964549228549
0.0010977418860420585
0.0002838605723809451
7.251356146298349e-05
0.00023354841687250882
0.00041635081288404763
0.00032963973353616893
0.0002821999660227448
0.00011389431892894208
0.00010129978909390047
0.00033782116952352226
0.0005308057297952473
0.00044972318573854864
0.0001626272132853046
8.198356226785108e-05
0.00010255424422211945
0.00011096204980276525
0.00010153693438041955
0.00012601230992004275
8.460164826828986e-05
6.735348142683506e-05
9.86651357379742e-05
0.00014137677499093115
0.0001896094181574881
0.00031038557062856853
0.0003287570725660771
0.00011793364683398977
3.685712727019563e-05
