9.608850814402103e-05
0.0003647819394245744
0.00042555679101496935
0.00038931501330807805
0.0001977778592845425
0.0001001306445687078
0.00014353106962516904
0.00018767951405607164
0.0002933006617240608
0.00042199090239591897
0.00027106935158371925
0.00019649125169962645
0.0002620481827761978
0.0004525552212726325
0.0007274096133187413
0.0004614567442331463
0.0005254540592432022
0.00024048662453424186
0.0001885173114715144
0.00016347342170774937
0.00021838925022166222
0.00023669475922361016
0.00030830930336378515
0.00040950076072476804
0.0003800463455263525
0.000300376967061311
0.00016172304458450526
0.00014082322013564408
0.00042405546992085874
0.001068419311195612
0.002447358798235655
0.004238819237798452
0.0047509022988379
0.004367060959339142
0.0033190110698342323
0.002412274479866028
0.0019052706193178892
0.0009445164469070733
0.00025290733901783824
7.451416604453698e-05
0.00025200063828378916
0.0003614167799241841
0.000330515846144408
0.00024933175882324576
0.00010222512355539948
0.00010691759962355718
0.0003262994287069887
0.0005306565435603261
0.00038832792779430747
0.00018950468802358955
6.933786062290892e-05
0.0001173053024103865
0.00011585414176806808
0.00012429892376530915
0.00011513238132465631
7.98890832811594e-05
6.779217073926702e-05
0.000146238919114694
0.00015353962953668088
0.00016184273408725858
0.0002935101219918579
0.00036612842814065516
9.677765046944842e-05
3.6234127037459984e-05
