3.3572909160284325e-05
3.82723483198788e-05
4.0088540117722005e-05
3.893560642609373e-05
3.693748658406548e-05
3.902610478689894e-05
4.069257192895748e-05
4.2637439037207514e-05
4.359478407423012e-05
4.693284790846519e-05
3.919651862815954e-05
3.817920878645964e-05
4.295160397305153e-05
4.911533324047923e-05
4.618307502823882e-05
4.066264955326915e-05
4.0931936382548884e-05
3.4289474569959566e-05
3.755086800083518e-05
3.718310108524747e-05
3.561112316674553e-05
3.431897494010627e-05
3.7401256122393534e-05
3.7446137866936624e-05
4.0183909732149914e-05
3.695244595292024e-05
3.810440102824941e-05
3.6892601201543584e-05
4.1724844777490944e-05
4.6248314902186394e-05
5.2362967835506424e-05
0.00011017912765964866
8.240245369961485e-05
5.0102727982448414e-05
4.4492535380413756e-05
6.03506741754245e-05
0.00010255424422211945
5.101844362798147e-05
4.782505129696801e-05
4.034848097944632e-05
3.732645927811973e-05
3.9472208300139755e-05
3.521117469063029e-05
3.730681783054024e-05
3.884868783643469e-05
3.711700992425904e-05
3.9690214180154726e-05
4.233822619426064e-05
3.9356837078230456e-05
3.8556925574084744e-05
3.8433536246884614e-05
3.703659604070708e-05
3.787999230553396e-05
3.608029874158092e-05
3.698891305248253e-05
3.698236832860857e-05
3.6204419302521273e-05
3.5680801374837756e-05
3.8448495615739375e-05
3.663827374111861e-05
3.7461104511749e-05
4.1949253500206396e-05
3.6937482946086675e-05
3.336192457936704e-05
