0.00010933135490631685
0.0003397670516278595
0.00029659198480658233
0.0003375065862201154
0.00026615275419317186
0.00014595281390938908
0.00016294981469400227
0.00024131291138473898
0.0003766606387216598
0.0004886998212896287
0.00023333897115662694
0.00016318916459567845
0.00022071228886488825
0.0003712598409038037
0.0005021063261665404
0.00039934072992764413
0.000429840903962031
0.00031919730827212334
0.00024362470139749348
0.00016394654812756926
0.00021072709932923317
0.00028065158403478563
0.00039483761065639555
0.00044036240433342755
0.0003930969978682697
0.0003083477495238185
0.00026360695483163
0.0001384259230690077
0.0005426922580227256
0.0013175567146390676
0.0027910894714295864
0.003986046649515629
0.004650906194001436
0.0041706738993525505
0.003261255333200097
0.002406352199614048
0.0018196461023762822
0.0012555454159155488
0.0002969659981317818
9.571186819812283e-05
0.0002713060239329934
0.0003703249094542116
0.00037353383959271014
0.00020234078692737967
0.00010590540478006005
9.737790969666094e-05
0.0002633347758091986
0.0005511264316737652
0.0003446469781920314
0.00015494592662435025
9.818578109843656e-05
9.38472367124632e-05
0.00011372974404366687
0.0001175895522464998
0.00013196113286539912
0.0001021647040033713
5.9812093240907416e-05
0.00010814861161634326
0.0001477050391258672
0.00015259713109117
0.0003367758763488382
0.0002781307266559452
0.00010957071935990825
4.184452700428665e-05
