0.00012466586485970765
0.0003675186017062515
0.0004546496784314513
0.0004121618694625795
0.0002939140540547669
0.0001126974675571546
0.00015743685071356595
0.00019677550881169736
0.0003598184557631612
0.000493679428473115
0.00032851300784386694
0.0002795435138978064
0.0005688281962648034
0.0007240136037580669
0.0009023459861055017
0.0009800289990380406
0.0004184340650681406
0.0003462365421000868
0.00027968193171545863
0.00016313586093019694
0.00018923119932878762
0.0002670926623977721
0.0004026769020128995
0.00048454079660587013
0.0004742778546642512
0.0004312514793127775
0.0002980282006319612
0.0001594655477674678
0.0006956522702239454
0.0013127010315656662
0.0030134436674416065
0.004522276110947132
0.005373319145292044
0.004898023791611195
0.004002593457698822
0.0028865549247711897
0.0023597409017384052
0.0013248107861727476
0.0001636573433643207
9.288889123126864e-05
0.00036597877624444664
0.00043469519005157053
0.0003465151530690491
0.0002699772594496608
0.0001385192881571129
0.00011144079326186329
0.00040937919402495027
0.0005634574335999787
0.000644468585960567
0.0002984620223287493
8.651659300085157e-05
9.773387864697725e-05
0.00012746936408802867
0.00013490693527273834
0.0001371220569126308
9.221000073011965e-05
7.513819582527503e-05
0.0001413589925505221
0.0001594322093296796
0.0002418823423795402
0.0003787747409660369
0.00025294566876254976
8.637633436592296e-05
3.4620472433744e-05
