9.935270645655692e-05
0.00040053672273643315
0.0003748485178221017
0.00036261268542148173
0.00018888511112891138
0.00011942315177293494
0.00014184052997734398
0.0001659867848502472
0.00028100315830670297
0.00044175374205224216
0.00022821118182037026
0.00018510092922952026
0.0002622994070407003
0.0005960115231573582
0.0005951437633484602
0.0004955666954629123
0.0005896832444705069
0.00019357394194230437
0.00031562172807753086
0.00016727339243516326
0.0001919018686749041
0.00022362711024470627
0.0003577205934561789
0.00041675474494695663
0.0003932966501452029
0.00032591240596957505
0.0001832780835684389
0.00014536723028868437
0.0005478985258378088
0.0010464871302247047
0.002209082944318652
0.004270478617399931
0.004707214422523975
0.004278550390154123
0.0029961017426103354
0.002387980930507183
0.0018798322416841984
0.0009539416059851646
0.0002550167264416814
7.249859481817111e-05
0.00023561296984553337
0.00040667137363925576
0.00033309560967609286
0.00029249279759824276
0.00012309502926655114
7.065845420584083e-05
0.0003415899118408561
0.0005121695576235652
0.00045193053665570915
0.00017553436919115484
7.501196523662657e-05
8.210324449464679e-05
0.0001258776756003499
0.00012100860476493835
0.00010391565592726693
8.44221212901175e-05
8.048750896705315e-05
9.565211075823754e-05
0.00014539029507432133
0.00026431091828271747
0.00033797271316871047
0.00027718819910660386
7.820603059371933e-05
3.167138493154198e-05
