8.025194256333634e-05
0.00040146513492800295
0.00036482681753113866
0.0002973549417220056
0.00030289034475572407
9.131215483648703e-05
0.00012886921467725188
0.00015282018284779042
0.0003604134835768491
0.0003217854828108102
0.00018585434008855373
0.00013082959048915654
0.0003165621601510793
0.0006856641848571599
0.0007215301156975329
0.0008944286382757127
0.0008553967927582562
0.0004457182658370584
0.0005345387617126107
0.000303668319247663
0.00020667935314122587
0.00026700011221691966
0.00030070613138377666
0.0006719658267684281
0.0006534834392368793
0.0005953158834017813
0.0002879896783269942
0.0001345697237411514
0.00039937064866535366
0.0013479115441441536
0.0030705835670232773
0.005661832634359598
0.007460922934114933
0.006865853909403086
0.005779287312179804
0.004350409843027592
0.00435615424066782
0.0030507761985063553
0.0009758138912729919
0.00011738011380657554
0.00015193887520581484
0.0006208908162079751
0.0004378191370051354
0.00047158688539639115
0.0002004375564865768
0.00013249184121377766
0.00061245501274243
0.0009488699724897742
0.0008142334409058094
0.0003078011504840106
0.00015205667295958847
0.00011745490337489173
0.00013512326404452324
0.00012071629316778854
0.00014571529754903167
9.768831660039723e-05
7.580632518511266e-05
0.00015777346561662853
0.00016954737657215446
0.0002689985849428922
0.000395198876503855
0.000282588938716799
0.00012981228064745665
4.392403570818715e-05
