9.506554488325492e-05
0.0003116871230304241
0.0003761549887713045
0.0003441813460085541
0.00027202683850191534
9.703663090476766e-05
0.00013349941582418978
0.00016064233204815537
0.00027382108964957297
0.00032438861671835184
0.00021798948000650853
0.00017604023742023855
0.0003049020015168935
0.0007041908684186637
0.0005596575210802257
0.000548885902389884
0.0005736904568038881
0.00021493755048140883
0.0003045659395866096
0.0001653434883337468
0.0001666899333940819
0.00023642083397135139
0.0002428688167128712
0.0004309672222007066
0.0004031107819173485
0.00035915678017772734
0.00025269787875004113
8.036782674025744e-05
0.0003632250300142914
0.0011392944725230336
0.0024480996653437614
0.004057415295392275
0.004677979275584221
0.0042562526650726795
0.0029281165916472673
0.0024184579961001873
0.001859571086242795
0.0008800665964372456
0.00021850000484846532
7.558046490885317e-05
0.00023936806246638298
0.0003834526869468391
0.000312285526888445
0.00024340738309547305
9.577714081387967e-05
0.00010529201972531155
0.00030140922171995044
0.0005144617753103375
0.0004381781618576497
0.00020379197667352855
7.81387061579153e-05
8.623235044069588e-05
0.0001127423529396765
0.00010315267718397081
0.00010254927474306896
8.055959915509447e-05
6.59536526654847e-05
0.00012328576121944934
0.0001495451870141551
0.00020459984079934657
0.0003242689126636833
0.0003013793029822409
0.00010173142800340429
3.737133738468401e-05
