3.46266278938856e-05
8.231268293457106e-05
8.894018537830561e-05
7.06223290762864e-05
5.45534749107901e-05
4.766416532220319e-05
4.682637154473923e-05
4.6825167373754084e-05
5.72875069337897e-05
4.907045149593614e-05
4.1650040657259524e-05
4.0453203837387264e-05
3.882250530296005e-05
4.374451236799359e-05
4.2761064833030105e-05
4.6017572458367795e-05
4.6686727728229016e-05
4.180269024800509e-05
4.040645217173733e-05
3.5542416298994794e-05
3.732271579792723e-05
3.6937482946086675e-05
3.891227243002504e-05
4.345839988673106e-05
4.618307502823882e-05
4.099178113392554e-05
4.730510772787966e-05
6.498843140434474e-05
0.00010779043077491224
0.0001303209428442642
0.00040876585990190506
0.0007247167523019016
0.0007060310454107821
0.0005235278513282537
0.0003806849999818951
0.00032248860225081444
0.0001768696092767641
0.00014368067786563188
5.587748091784306e-05
4.4911426812177524e-05
4.504607932176441e-05
4.212877684039995e-05
5.9153833717573434e-05
4.8771242290968075e-05
4.257759064785205e-05
4.704414459411055e-05
4.6605870011262596e-05
5.442426117951982e-05
5.221683022682555e-05
4.440277552930638e-05
3.734141864697449e-05
3.9136677514761686e-05
4.136579082114622e-05
4.081873703398742e-05
4.363324478617869e-05
3.771856427192688e-05
3.625771569204517e-05
4.183705095783807e-05
4.77838511869777e-05
4.89657286379952e-05
5.191294621909037e-05
4.877124592894688e-05
3.9540609577670693e-05
3.3706019166857004e-05
