0.00010819435556186363
0.00025916079175658524
0.0004213034699205309
0.0004019519255962223
0.0001836551382439211
0.00012725403939839453
0.00015732465544715524
0.00019559363136067986
0.0002698127063922584
0.00048540846910327673
0.0002645149652380496
0.000186593082617037
0.0003665638796519488
0.000695316877681762
0.0005300366901792586
0.0006873229285702109
0.0005082438583485782
0.0003041451855096966
0.0002938448451459408
0.00017241979367099702
0.0002008746814681217
0.0002726701204665005
0.0003152627032250166
0.0004887030809186399
0.0004333097313065082
0.0003205175744369626
0.00017840400687418878
0.00014249880041461438
0.0005795538309030235
0.0013637215597555041
0.0032925219275057316
0.0047209663316607475
0.005178128834813833
0.004773208871483803
0.003781745908781886
0.0026583471335470676
0.0019439907046034932
0.0006610747659578919
0.00028974009910598397
8.059223182499409e-05
0.00023721375328022987
0.00039266832754947245
0.0003289914457127452
0.00024857796961441636
0.00012009333295281976
0.00010391065006842837
0.00032612401992082596
0.0004885801463387907
0.0004862014320679009
0.0002365405234741047
7.700577407376841e-05
7.338009891100228e-05
0.00010404909698991105
0.00012032406812068075
0.00011746799282263964
8.772839646553621e-05
7.960484072100371e-05
0.00011367870320100337
0.00015529000665992498
0.0002075620141113177
0.0003519579186104238
0.0001642326678847894
7.927570550236851e-05
3.948076846427284e-05
