0.00010016056330641732
0.0003104705538135022
0.00037888973020017147
0.0003726661088876426
0.00023625660105608404
0.000104787468444556
0.0001421676279278472
0.00019060335762333125
0.00031897288863547146
0.00042994992691092193
0.00026109072496183217
0.00017107334861066192
0.00024571921676397324
0.0004891475546173751
0.0005712470738217235
0.0005667784134857357
0.0005275445873849094
0.00028462542104534805
0.00024765243870206177
0.0001647899189265445
0.0001944266987266019
0.00022859648743178695
0.00029654710670001805
0.00041929801227524877
0.00038273457903414965
0.0003343074058648199
0.00022648707090411335
0.00016608013538643718
0.0005310211563482881
0.001550355227664113
0.0028519609477370977
0.004280708730220795
0.004729284439235926
0.004311048425734043
0.0033975152764469385
0.0024028816260397434
0.002043260494247079
0.0012679476058110595
0.00035383086651563644
5.6251494243042544e-05
0.00026914471527561545
0.0003680021327454597
0.000307301728753373
0.00017412529268767685
7.73607607698068e-05
0.00010559122893027961
0.0003183295775670558
0.0005383686511777341
0.0004992769099771976
0.00024297354684676975
7.933555025374517e-05
7.649305189261213e-05
0.00011083288700319827
0.00012159316247561947
0.00011620148870861158
8.30756762297824e-05
6.986555672483519e-05
8.84614564711228e-05
0.00015805770817678422
0.0001732875098241493
0.00029968880699016154
0.0003635701723396778
0.000127224120660685
3.546498919604346e-05
