9.937272989191115e-05
0.0003834227391052991
0.0003854573587886989
0.00036008437746204436
0.0002508278121240437
9.520864841761068e-05
0.0001415599836036563
0.00016922525537665933
0.0003730251919478178
0.00036161032039672136
0.00023893419711384922
0.0001590899919392541
0.0002502314164303243
0.000560517655685544
0.0005854607443325222
0.000550811062566936
0.0004686593310907483
0.00021070557704661041
0.0001912102015921846
0.00014863259275443852
0.0001508617278886959
0.00022406346397474408
0.00021363598352763802
0.0003959745808970183
0.0003648409910965711
0.00026621841243468225
0.0001527401909697801
0.00015359855024144053
0.0004787211655639112
0.0012684985995292664
0.001608837628737092
0.004327529110014439
0.004879659973084927
0.004348704591393471
0.0037118205800652504
0.0026681460440158844
0.0022411884274333715
0.0013320683501660824
0.00034177268389612436
5.4336549510480836e-05
0.00013277445395942777
0.00036384109989739954
0.00033700125641189516
0.0002481610863469541
9.941067401086912e-05
0.00010309843491995707
0.00030325501575134695
0.0005145225441083312
0.0004420080513227731
0.00021510211809072644
7.493716111639515e-05
9.284488623961806e-05
0.00011929505126317963
0.00010624948481563479
0.00012693986354861408
7.917098264442757e-05
8.159458229783922e-05
9.77538074948825e-05
0.00016974187747109681
0.0001513404567958787
0.00028471334371715784
0.00030012428760528564
0.00012094072008039802
3.750320684048347e-05
