0.00010137237404705957
0.00022389888181351125
0.0003892688255291432
0.0003734553465619683
0.00014768540859222412
0.00010373612894909456
0.00013774135732091963
0.0001597781665623188
0.00020020145166199654
0.00039212999399751425
0.0002349949791096151
0.00017868823488242924
0.0002818259526975453
0.0005179242580197752
0.0006169113330543041
0.0005668684607371688
0.0003651717270258814
0.00025853063561953604
0.00026992923812940717
0.00016284205776173621
0.00019902798521798104
0.00020880374358966947
0.00030411334591917694
0.00040278161759488285
0.00039001915138214827
0.00033200642792508006
0.00018324732081964612
6.940177991054952e-05
0.0001926763216033578
0.0010775404516607523
0.0024646129459142685
0.004228455945849419
0.0049873110838234425
0.00449228473007679
0.0035774302668869495
0.002693519229069352
0.0021687389817088842
0.0012052312958985567
0.0002835763734765351
6.305852002697065e-05
0.00025797891430556774
0.00039304234087467194
0.00033311053994111717
0.0003188980626873672
0.00012692490417975932
0.00012280068767722696
0.00033855182118713856
0.0005625096964649856
0.0005214109551161528
0.00021920129074715078
8.06288153398782e-05
0.00012319038796704262
0.00012052182137267664
0.00011854701733682305
0.00014737591845914721
8.879058441380039e-05
8.23725204099901e-05
0.00010431060218252242
0.00014708138769492507
0.00021689455024898052
0.00033943887683562934
0.00032705155899748206
9.834147931542248e-05
3.535731229931116e-05
