0.00010451827984070405
0.0003649948048405349
0.00037533970316872
0.00035155686782673
0.0002499152033124119
0.00010609989112708718
0.00014279800234362483
0.00014418934006243944
0.00020199670689180493
0.0003888234787154943
0.00022722012363374233
0.00014818379713688046
0.0002638761361595243
0.0005391355371102691
0.0005138783599250019
0.0005133248050697148
0.0006516346475109458
0.00018365512369200587
0.0002415788039797917
0.0001402098423568532
0.00018061815353576094
0.00020823524391744286
0.00026679065194912255
0.00044971544411964715
0.00043191760778427124
0.0003557805030141026
0.00021758166258223355
0.00023357835016213357
0.0005167657509446144
0.0011757909087464213
0.002442421857267618
0.004325245972722769
0.005261833313852549
0.0048568821512162685
0.003848834428936243
0.002517552813515067
0.0017476347275078297
0.0010581564856693149
0.00032963973353616893
8.958159014582634e-05
0.00027710534050129354
0.00035750644747167826
0.00034319396945647895
0.0002658032753970474
8.759374759392813e-05
9.912829409586266e-05
0.00029621797148138285
0.000566462054848671
0.0004495000757742673
0.00022508845722768456
7.278565317392349e-05
0.00010050465789390728
0.00011456753418315202
0.00010650382318999618
0.00011440297384979203
8.174419053830206e-05
8.400322258239612e-05
7.077815098455176e-05
0.0001695773098617792
0.00016441593470517546
0.00032374527654610574
0.00037108035758137703
0.00011144078598590568
3.84953964385204e-05
