0.00010633925558067858
0.0004386569489724934
0.0004173082998022437
0.00039831388858146966
0.0001280226424569264
0.00012059662549290806
0.00015626245294697583
0.00018413386715110391
0.0003478656872175634
0.000401628902181983
0.00020871397282462567
0.00019328969938214868
0.0002506183518562466
0.0004765219637192786
0.0007639431860297918
0.0005016257055103779
0.0005057395319454372
0.00037761431303806603
0.000273448065854609
0.00017400561773683876
0.00017280876636505127
0.0002601073356345296
0.0004802359326276928
0.00048163472092710435
0.0004378191370051354
0.00035552142071537673
0.00020337308524176478
0.00014362084039021283
0.0004510292783379555
0.001169836614280939
0.0023527038283646107
0.004187894053757191
0.005131886340677738
0.004501223564147949
0.0032378716859966516
0.002692875685170293
0.002244210336357355
0.0013401767937466502
0.00038439518539234996
9.143521310761571e-05
0.0003025407495442778
0.00038316185236908495
0.0003615354944486171
0.000264022994088009
0.0001062943774741143
0.00011088725295849144
0.0003262586542405188
0.000567167648114264
0.0005163019523024559
0.00025121678481809795
8.11158461146988e-05
7.216946687549353e-05
0.0001332980755250901
0.00013186116120778024
0.00012677715858444571
9.014306851895526e-05
5.787564441561699e-05
8.332079596584663e-05
0.00016535843315068632
0.00021396511874627322
0.00034235615748912096
0.0002805018157232553
9.577316086506471e-05
3.858769196085632e-05
