3.153673969791271e-05
3.773395292228088e-05
4.754447945742868e-05
6.100893369875848e-05
7.539098442066461e-05
6.672945892205462e-05
5.053658242104575e-05
4.299648935557343e-05
6.020106593496166e-05
6.451512308558449e-05
4.460235868464224e-05
3.697301508509554e-05
4.4477576011558995e-05
6.241522351047024e-05
6.359710096148774e-05
6.361865962389857e-05
5.420121306087822e-05
5.654659980791621e-05
4.334866025601514e-05
4.121712481719442e-05
4.0087514207698405e-05
3.791084964177571e-05
3.9510661736130714e-05
4.314868419896811e-05
5.280496407067403e-05
4.8735706513980404e-05
7.036954048089683e-05
6.751675391569734e-05
8.337489271070808e-05
0.00018770943279378116
0.00023295963183045387
0.0004180654068477452
0.0006130431429482996
0.0005473345518112183
0.00041682954179123044
0.00034552777651697397
0.0003035037370864302
0.0002128729975083843
0.00013422562915366143
4.779881055583246e-05
4.250279380357824e-05
4.393899507704191e-05
5.6864872021833435e-05
6.207112164702266e-05
4.783103577210568e-05
4.000290937256068e-05
3.972601916757412e-05
4.159503077971749e-05
3.8456939364550635e-05
3.641667353804223e-05
3.701096284203231e-05
3.747606388060376e-05
3.7102050555404276e-05
3.6294182791607454e-05
3.7865036574658006e-05
3.862801895593293e-05
3.4857974242186174e-05
3.627922342275269e-05
3.8837464671814814e-05
4.200909461360425e-05
4.2667357774917036e-05
4.844211071031168e-05
4.229334444971755e-05
3.2868229027371854e-05
