9.689917351352051e-05
0.0002609534130897373
0.0003769149479921907
0.000361445767339319
0.00024834435316734016
9.863459854386747e-05
0.0001432905555702746
0.00016894903092179447
0.0003929525555577129
0.00037377321859821677
0.00023127440363168716
0.00016495451563969254
0.00021125726925674826
0.0005471576587297022
0.0005560180870816112
0.0005550951464101672
0.0003073719562962651
0.000271084310952574
0.00026095606153830886
0.00017285365902353078
0.00017234499682672322
0.00020563211000990123
0.00029929756419733167
0.0003902183671016246
0.0003932068357244134
0.0003514733398333192
0.00011624404578469694
0.0001747237256495282
0.000517876585945487
0.0012766500003635883
0.002662645187228918
0.004301878158003092
0.004744379781186581
0.004209630191326141
0.0032378570176661015
0.0024052488151937723
0.0018434631638228893
0.0009758437518030405
0.00024378141097258776
7.019467739155516e-05
0.00020482426043599844
0.00041373271960765123
0.00031871855026111007
0.0003112083941232413
0.00011015418567694724
6.955137359909713e-05
0.0003553959832061082
0.0005293366848491132
0.00044890784192830324
0.00014644557086285204
7.218162500066683e-05
9.661306103225797e-05
0.00011093213106505573
0.00011800844367826357
0.00012215251626912504
8.104104927042499e-05
7.851271948311478e-05
6.118845340097323e-05
0.00016821590543258935
0.00014230431406758726
0.0003410438366699964
0.0002731749846134335
6.451997614931315e-05
3.573316280380823e-05
