9.571931877871975e-05
0.0004156626237090677
0.0004282743320800364
0.0003703479887917638
0.00021617412858176976
9.798827522899956e-05
0.00013527100963983685
0.00016602886898908764
0.00033323399838991463
0.00038363871863111854
0.00024307450803462416
0.00018817133968695998
0.00028491156990639865
0.0005892633926123381
0.0005243301275186241
0.0005954309017397463
0.0005316825699992478
0.0002108209446305409
0.0002352062292629853
0.00016778761346358806
0.00021524143812712282
0.0002257801970699802
0.0002665142819751054
0.00040674619958736
0.0003895200788974762
0.0003289739543106407
0.0002292571880389005
0.00015228295524138957
0.0004408561217132956
0.0010879876790568233
0.00248690415173769
0.00416288198903203
0.004746114835143089
0.004277731291949749
0.00337737868539989
0.002476890804246068
0.0019847052171826363
0.000970143883023411
0.00022443747729994357
6.536243745358661e-05
0.0002693937858566642
0.00038273457903414965
0.00032153111533261836
0.0002593852113932371
9.736295760376379e-05
9.930782107403502e-05
0.0002942880673799664
0.0005046626320108771
0.0004566993156913668
0.00021125726925674826
7.583478873129934e-05
8.913468627724797e-05
0.00011791868746513501
0.00011790372809628025
0.00011729035031748936
7.906625978648663e-05
8.422762766713277e-05
0.00010940998618025333
0.00014688243390992284
0.0002267179952468723
0.0003200247883796692
0.0002512607316020876
8.036782674025744e-05
3.6178236769046634e-05
