8.732445712666959e-05
0.00029537308728322387
0.0003841001889668405
0.00035781876067630947
0.0001876196765806526
9.440077701583505e-05
0.00013559915532823652
0.0001681260473560542
0.00040792804793454707
0.0003543273778632283
0.00022970356803853065
0.0001823396305553615
0.0002762900257948786
0.0004903182853013277
0.0005553638329729438
0.000571362441405654
0.0002279896434629336
0.00021048453345429152
0.00022799806902185082
0.00015681599325034767
0.00017686306091491133
0.00022020364121999592
0.0002365405234741047
0.00039271320565603673
0.0003856000548694283
0.0003352291532792151
0.00012101551692467183
0.00012511468958109617
0.0004349715600255877
0.0011050064349547029
0.0022696901578456163
0.004093386698514223
0.00437337439507246
0.003948870114982128
0.0031946508679538965
0.0022294444497674704
0.0017710094107314944
0.0009673611493781209
0.00024399084213655442
6.600574852200225e-05
0.00023245631018653512
0.0003963785420637578
0.0003163929213769734
0.0001315514527959749
8.244733908213675e-05
9.300945384893566e-05
0.00025402934988960624
0.000468937010737136
0.00046118744648993015
0.0002376625343458727
6.869859498692676e-05
9.158904140349478e-05
0.00010916386236203834
0.00013048552500549704
0.00012197298929095268
8.11394420452416e-05
6.616132304770872e-05
0.00014728802489116788
0.00014253525296226144
0.00021110860689077526
0.00031872137333266437
0.0002195650158682838
8.044730202527717e-05
3.4779430279741064e-05
