9.469999349676073e-05
0.00039862823905423284
0.0003885093319695443
0.00034816082916222513
0.0002544631715863943
9.188741387333721e-05
0.00012149425310781226
0.00014524617290589958
0.0002912728814408183
0.00029964669374749064
0.0002190666418755427
0.00016833558038342744
0.0002632400137372315
0.0005637402646243572
0.0005722853820770979
0.0005469961324706674
0.0002879317326005548
0.00025622014072723687
0.00023685468477196991
0.00015742937102913857
0.00018093232938554138
0.00022916498710401356
0.00025223405100405216
0.0004217814712319523
0.0004036453028675169
0.00033486762549728155
0.00019160784722771496
0.00013211497571319342
0.0005239168531261384
0.00099850888364017
0.0022180292289704084
0.003817621385678649
0.00457768514752388
0.004057492129504681
0.0031511769630014896
0.0023459119256585836
0.0016266059828922153
0.0008326558745466173
0.00020733762357849628
7.552062015747651e-05
0.00021209506667219102
0.0004218413378112018
0.0003209327405784279
0.00026004266692325473
8.789718413027003e-05
0.00010168014705413952
0.0003986600204370916
0.0004999950178898871
0.00045123870950192213
0.00023372794385068119
7.688202458666638e-05
9.074151603272185e-05
0.00010871775884879753
0.00011710906983353198
9.502351167611778e-05
8.068573515629396e-05
6.645455869147554e-05
9.559762111166492e-05
0.00015328532026614994
0.00015894038369879127
0.0003351906780153513
0.00026263014297001064
6.431333167711273e-05
3.760883555514738e-05
