0.00010315267718397081
0.00031870033126324415
0.00042027278686873615
0.000382239930331707
0.00022358658316079527
0.00011144359450554475
0.0001379490568069741
0.00016944641538430005
0.00035119595122523606
0.00039562396705150604
0.00024030869826674461
0.00018616850138641894
0.00027679919730871916
0.0005196979618631303
0.000719465606380254
0.0006303198169916868
0.0005484731518663466
0.0002082801074720919
0.00026107646408490837
0.00016171143215615302
0.000187262223334983
0.00021894508972764015
0.00033617467852309346
0.00041252095252275467
0.0003932218824047595
0.0003408151969779283
0.00020468959701247513
0.00014155627286527306
0.0004326427588239312
0.0010413557756692171
0.0022932507563382387
0.004251491278409958
0.0052745346911251545
0.0048057921230793
0.004107645247131586
0.002913812641054392
0.002428119769319892
0.0014574822271242738
0.0003838266711682081
5.9153833717573434e-05
0.0001254288654308766
0.00040821274160407484
0.0003535577270668
0.00027096757548861206
0.00011089442705269903
0.00013482592476066202
0.000338670244673267
0.0005595069378614426
0.0004963596002198756
0.0002327854308532551
8.187883213395253e-05
9.975663124350831e-05
0.00013488389959093183
0.00011811317381216213
0.00015157980669755489
9.203514491673559e-05
8.27465410111472e-05
5.740344931837171e-05
0.0001830118417274207
0.00022271182388067245
0.00036714840098284185
0.00031646984280087054
6.731759640388191e-05
3.6543835449265316e-05
