9.503478213446215e-05
0.00036602545878849924
0.00037917395820841193
0.00036777404602617025
0.00026121039991267025
0.00010496289178263396
0.00013606577704194933
0.00016013733693398535
0.00031583142117597163
0.00034922745544463396
0.00021107775683049113
0.0001712633966235444
0.00026599125703796744
0.0005161997978575528
0.0005095697124488652
0.0005440835957415402
0.0005641605821438134
0.00020169750496279448
0.00029753445414826274
0.00016033170686569065
0.00015149005048442632
0.00021496746921911836
0.00024236015451606363
0.0003893919929396361
0.00037642120150849223
0.00033496564719825983
0.0001828077802201733
0.00016312664956785738
0.00047092061140574515
0.001356365974061191
0.0027680485509335995
0.004277567844837904
0.0045142523013055325
0.0040436177514493465
0.0030525787733495235
0.002332145581021905
0.0018221596255898476
0.0009538219310343266
0.00027103943284600973
7.200489926617593e-05
0.00022983351664151996
0.00038834474980831146
0.00032401460339315236
0.00020854426838923246
9.145060175796971e-05
0.00016464594227727503
0.00037890186649747193
0.0005262375925667584
0.0004228053439874202
0.0001773418189259246
8.264181815320626e-05
8.865594281814992e-05
0.00011443289258750156
0.0001097203348763287
0.00012052181409671903
8.175914990715683e-05
7.997884677024558e-05
0.00011447092401795089
0.0001528509455965832
0.0001929384598042816
0.0003545657964423299
0.00023134361254051328
8.119439735310152e-05
3.668315184768289e-05
