0.00010824089258676395
0.0003988369135186076
0.0003955856373067945
0.0003822558210231364
0.0002537899708840996
0.00010415502765681595
0.00013039575424045324
0.00016277027316391468
0.0004475584137253463
0.0004222602001391351
0.00023067240545060486
0.00019466133380774409
0.0003369217738509178
0.0005795549950562418
0.0006879139109514654
0.0006231870502233505
0.00048085019807331264
0.00024134038540069014
0.00024048353952821344
0.00019184319535270333
0.00022091614664532244
0.0002553925442043692
0.00029078059014864266
0.000417667324654758
0.0004310420190449804
0.00035670329816639423
0.000252488418482244
0.00017604818276595324
0.0004957253695465624
0.001192534458823502
0.003371409373357892
0.004718557465821505
0.005279756151139736
0.0047408039681613445
0.0038777475710958242
0.002874017460271716
0.0021452975925058126
0.0010582965333014727
0.00024807031149975955
7.882903446443379e-05
0.000261561042862013
0.00037308409810066223
0.0003558851021807641
0.0002472232445143163
0.00010322747402824461
0.00013208815653342754
0.0003865153412334621
0.0005875066271983087
0.00046818709233775735
0.00026143479044549167
9.148347453447059e-05
9.269527072319761e-05
0.0001265310129383579
0.00014937033120077103
0.0001143524787039496
8.398826321354136e-05
6.766635488020256e-05
0.00012063171743648127
0.0001512506860308349
0.00020097941160202026
0.00035914930049329996
0.00018824671860784292
6.114357529440895e-05
3.979493703809567e-05
