0.00010447212116559967
0.00037894697743467987
0.0003869132196996361
0.0003742315457202494
0.00011254786659264937
0.00011307109525660053
0.00015685816470067948
0.00017020563245750964
0.0002727000683080405
0.0002872641198337078
0.00022153512691147625
0.00017246468632947654
0.0002754362649284303
0.0005481266998685896
0.000547015864867717
0.0005311127752065659
0.0004512537852860987
0.00031269696773961186
0.0002512289211153984
0.00015422783326357603
0.00017249461961910129
0.00021382057457230985
0.0002993411326315254
0.0004126705462113023
0.00039853283669799566
0.00037669052835553885
0.00028674796340055764
0.00013946024409960955
0.0006227075937204063
0.0012043205788359046
0.0024468949995934963
0.004247855860739946
0.005040048621594906
0.00459408201277256
0.003706410527229309
0.0027392033953219652
0.0018292583990842104
0.0013052592985332012
0.00018295760673936456
5.799306745757349e-05
0.00030017129029147327
0.0004022523935418576
0.0003347440797369927
0.00024623493663966656
9.697398490970954e-05
0.00011812813318101689
0.00029327074298635125
0.0005439789383672178
0.0005122177535668015
0.0002446042199153453
0.00010122276580659673
0.00012195053568575531
0.00011362127406755462
0.00011543233995325863
0.0001211875569424592
9.199212945532054e-05
7.728408672846854e-05
9.112442785408348e-05
0.00015908997738733888
0.00019912431889679283
0.0003312704211566597
0.0002870771277230233
9.654948371462524e-05
3.6234338040230796e-05
