3.0757859349250793e-05
3.9016991649987176e-05
3.839541022898629e-05
3.867290433845483e-05
3.817920878645964e-05
3.871778608299792e-05
3.663827374111861e-05
3.749102324945852e-05
3.5127264709444717e-05
3.738629675353877e-05
4.2652398406062275e-05
3.958549496019259e-05
4.041055217385292e-05
4.2302635847590864e-05
4.3287131120450795e-05
4.4617740059038624e-05
3.878510688082315e-05
3.547883534338325e-05
3.81569770979695e-05
3.7942645576549694e-05
3.7695492210332304e-05
4.017212268081494e-05
4.331533273216337e-05
4.655801967601292e-05
4.9292055336991325e-05
4.4968466681893915e-05
5.27413867530413e-05
4.7017452743602917e-05
4.141067256568931e-05
5.393261744757183e-05
7.611903856741264e-05
6.262466922635213e-05
8.867090218700469e-05
4.9534228310221806e-05
5.331362262950279e-05
7.402457413263619e-05
3.977985761594027e-05
6.329602183541283e-05
4.400643956614658e-05
4.128070577280596e-05
4.1934294131351635e-05
4.471694410312921e-05
3.751090116566047e-05
3.787239620578475e-05
3.730681783054024e-05
3.937604924431071e-05
4.308625284465961e-05
3.8313850382110104e-05
3.977997766924091e-05
3.72965369024314e-05
3.559104152373038e-05
3.3511529181851074e-05
3.461860251263715e-05
3.703403490362689e-05
3.6903282307321206e-05
3.697250213008374e-05
3.5717268474400043e-05
3.649614882306196e-05
3.787239620578475e-05
3.762473352253437e-05
4.099458965356462e-05
3.70207017112989e-05
3.4286673326278105e-05
3.128241223748773e-05
