0.00013907282846048474
0.0006257680361159146
0.0005080546252429485
0.000391636072890833
0.00035704736365005374
0.00017740186012815684
0.00020950687758158892
0.00020976121595595032
0.0003473230462986976
0.0004256798711139709
0.00021040919818915427
0.00020068019512109458
0.0002810031292028725
0.0005378899513743818
0.0008088246104307473
0.0008201896562241018
0.0006272096070460975
0.0003100091125816107
0.0003559010219760239
0.0002569466596469283
0.0002210563834523782
0.0002393680770182982
0.00021807925077155232
0.0005794353201054037
0.000613440468441695
0.000562874018214643
0.00024613208370283246
0.00013911412679590285
0.0004472619039006531
0.0013477983884513378
0.002537833759561181
0.004368556663393974
0.005859968718141317
0.006272595841437578
0.005350878462195396
0.0037408589851111174
0.003333547618240118
0.0011899714590981603
0.00048211723333224654
0.00011727058881660923
0.0002877886581700295
0.00029624506714753807
0.00030533733661286533
0.0001768630463629961
0.00010609989112708718
0.00010425974323879927
0.0003271475725341588
0.0005556873511523008
0.0005306904204189777
0.00019716820679605007
0.00012840412091463804
0.00016315924585796893
0.0002135910908691585
0.0001539136574137956
0.00021869262855034322
0.00012447139306459576
0.00010740145808085799
7.819855090929195e-05
0.0002274894213769585
0.00023292007972486317
0.00047955894842743874
0.0006035217083990574
0.00012347752635832876
3.947989171138033e-05
