0.00010294322419213131
0.00045298910117708147
0.0004336601123213768
0.00041084314580075443
0.0002773052838165313
0.00012103047629352659
0.0001507120905444026
0.00017868823488242924
0.0003565265506040305
0.00034018687438219786
0.00025480729527771473
0.0001868417311925441
0.00026019400684162974
0.0005369025748223066
0.0006957532023079693
0.0005901918630115688
0.0005828013527207077
0.0002463966957293451
0.0002859288943000138
0.00017387095431331545
0.00021071865921840072
0.00023878458887338638
0.0002961581340059638
0.00043680184171535075
0.00042389091686345637
0.00038894315366633236
0.00027178748860023916
0.0001127423529396765
0.0003122705966234207
0.0009118726593442261
0.0020902366377413273
0.0041923075914382935
0.005378704983741045
0.004937250632792711
0.004220238421112299
0.0028869432862848043
0.0025019198656082153
0.0015502971364185214
0.0003780369588639587
5.31247460457962e-05
0.00017861345259007066
0.00043526041554287076
0.0003557113232091069
0.0002463243727106601
9.984960342990234e-05
0.0001806368527468294
0.0003267686115577817
0.000605572247877717
0.0004938312340527773
0.00025001991889439523
7.982463284861296e-05
0.00010246466263197362
0.0001220930862473324
0.00012866154429502785
9.904508624458686e-05
8.46283437567763e-05
6.504452903755009e-05
0.00011890607856912538
0.0001594640052644536
0.00019568338757380843
0.00034015695564448833
0.00031927210511639714
0.00010295817628502846
4.084217653144151e-05
