3.4139869967475533e-05
4.770198938786052e-05
5.339361814549193e-05
6.362701969919726e-05
6.009634671499953e-05
4.88011610286776e-05
4.9940183089347556e-05
6.11819195910357e-05
7.592455949634314e-05
8.331504068337381e-05
6.699313962599263e-05
5.3723171731689945e-05
4.556969361146912e-05
5.2586015954148024e-05
5.212146061239764e-05
6.431520887417719e-05
5.6431021221214905e-05
5.204762419452891e-05
4.8211153625743464e-05
4.6272838517325e-05
4.901061038253829e-05
5.608693027170375e-05
6.525772187160328e-05
0.00010269540507579222
0.00011034680210286751
7.984420517459512e-05
5.553951268666424e-05
5.3370542445918545e-05
0.00016882928321138024
0.00025322145665995777
0.0005269985413178802
0.0007067308761179447
0.0007433276041410863
0.0006189721170812845
0.0004790203820448369
0.00035095843486487865
0.00034703878918662667
0.000248508935328573
9.953223343472928e-05
4.746967533719726e-05
4.1530354792485014e-05
8.378897473448887e-05
7.369118247879669e-05
5.533890362130478e-05
4.592527329805307e-05
5.385407348512672e-05
7.003010978223756e-05
0.00010292825754731894
0.00011200928565813228
8.011349564185366e-05
4.966887354385108e-05
6.224640674190596e-05
5.5802680435590446e-05
5.9138870710739866e-05
5.803179010399617e-05
4.551763049676083e-05
3.8064681575633585e-05
4.119507138966583e-05
4.7335033741546795e-05
5.0671224016696215e-05
6.259474321268499e-05
6.364198634400964e-05
5.791210787720047e-05
4.067760892212391e-05
