0.00011187799827894196
0.00041638073162175715
0.0004821920010726899
0.0005116386455483735
0.000352388626197353
0.00017054882482625544
0.0002844982664100826
0.00031966104870662093
0.0006670971633866429
0.0005519954720512033
0.0002213929983554408
0.00014573027146980166
0.00017663865583017468
0.00027457010583020747
0.00033867487218230963
0.0008268380770459771
0.0006084287306293845
0.0004606910515576601
0.00044612359488382936
0.0002796342596411705
0.0003577290044631809
0.00032792487763799727
0.00020636517729144543
0.00021179585019126534
0.00023324918583966792
0.0003123395727016032
0.0002477242087479681
0.00048802662058733404
0.0007256442331708968
0.0015727230347692966
0.0019197319634258747
0.002535236766561866
0.004699976183474064
0.005362592171877623
0.005440222565084696
0.0033625259529799223
0.002393175382167101
0.0010677339741960168
0.00028792707598768175
0.00010104791726917028
0.0003565537044778466
0.00044675057870335877
0.00035155683872289956
0.0002807637501973659
0.0001047833648044616
9.223150118486956e-05
0.0004340352606959641
0.000656721240375191
0.0004866110684815794
0.00021348216978367418
8.187482308130711e-05
0.00011025890853488818
0.00013105401012580842
0.00011178487329743803
8.508879545843229e-05
9.094297274714336e-05
7.007623935351148e-05
0.00016725281602703035
0.00018200947670266032
0.0001699363492662087
0.0002978336997330189
0.000397111609345302
8.697422163095325e-05
3.10916657326743e-05
