0.0001010656778817065
0.00029090698808431625
0.0004388244415167719
0.0004066975088790059
0.0002540003915783018
0.00011986822210019454
0.00013968996063340455
0.00016670489276293665
0.00029570929473266006
0.0004287082119844854
0.0002688253007363528
0.00019894476281479
0.0002769488201010972
0.0004507898702286184
0.0005968978512100875
0.0005829149158671498
0.0003518158628139645
0.00021848156757187098
0.0002447388833388686
0.00016894895816221833
0.00017364656378049403
0.00022527996043208987
0.00031520077027380466
0.0004253106890246272
0.0004116046184208244
0.00036212592385709286
0.00015140496543608606
0.00014619123248849064
0.0004861714842263609
0.0012209202395752072
0.0026571350172162056
0.004411329049617052
0.005098853260278702
0.004558285232633352
0.0030944314785301685
0.002732744673267007
0.002114265225827694
0.001215531607158482
0.00018130448006559163
6.28694033366628e-05
0.00037455116398632526
0.0004036493774037808
0.0003390199563000351
0.00031539733754470944
0.00012714930926449597
8.579849236411974e-05
0.00034313436481170356
0.0005658861482515931
0.00038101410609669983
0.0001885921083157882
8.362920925719664e-05
9.764720743987709e-05
0.00013099417265038937
0.00011268250091234222
0.00015196879394352436
8.433235780103132e-05
7.141784590203315e-05
0.0001134402773459442
0.00015890406211838126
0.0002709347172640264
0.000333709002006799
0.0002910113544203341
9.208897972712293e-05
3.5557288356358185e-05
