0.00010144717816729099
0.00041825920925475657
0.0003819266858045012
0.00036858191015198827
0.00026312534464523196
0.00010111867595696822
0.00013932716683484614
0.00014507198648061603
0.00023315944417845458
0.0004214523360133171
0.0002472821797709912
0.00014906645810697228
0.00026403763331472874
0.0005024553393013775
0.0005350278224796057
0.0005929034086875618
0.0005913887289352715
0.0002560190623626113
0.00033384363632649183
0.00017180251597892493
0.000192586550838314
0.00020561715064104646
0.0002899884129874408
0.00038034681347198784
0.0003358408575877547
0.0002804131363518536
0.00016569506260566413
0.0001851511769928038
0.000524886476341635
0.0012177402386441827
0.0026251794770359993
0.004110039211809635
0.0046805283054709435
0.004330766852945089
0.003641117364168167
0.002572518540546298
0.0021778454538434744
0.0014149794587865472
0.0003653355233836919
8.402841194765642e-05
0.000424848374677822
0.0004427710664458573
0.0003937903675250709
0.00035903710522688925
0.00014923101116437465
0.00012044415780110285
0.0003876459668390453
0.0005131714860908687
0.0003915865090675652
0.00019472591520752758
8.748902473598719e-05
9.721334936330095e-05
0.00010785026825033128
9.441573638468981e-05
0.00012838278780691326
9.880356810754165e-05
6.813801155658439e-05
9.09968075575307e-05
0.00013670908811036497
0.0001986156275961548
0.0003394987143110484
0.0003095470601692796
7.599090895382687e-05
3.6072608054382727e-05
