8.884014096111059e-05
0.00023571769997943193
0.00038734241388738155
0.0003192421863786876
0.0003302530967630446
7.028444815659896e-05
0.00014172919327393174
0.00019032752607017756
0.00030251636053435504
0.00040809260099194944
0.00021155645663384348
0.00015938920842017978
0.000208833662327379
0.00040734457434155047
0.0005666860961355269
0.0005363819655030966
0.00038529280573129654
0.0002456963702570647
0.00022976342006586492
0.00017267413204535842
0.00017995989765040576
0.00021875246602576226
0.0002385751431575045
0.00039515175740234554
0.0003691354941111058
0.00033058226108551025
0.00022134065511636436
0.0001188612004625611
0.00031524774385616183
0.0008539305999875069
0.0018558955052867532
0.00395778426900506
0.004914484452456236
0.003878182265907526
0.003211131552234292
0.002729881089180708
0.0015576512087136507
0.0007629408501088619
0.00022529021953232586
8.681580220581964e-05
0.00020768171816598624
0.00043012943933717906
0.00034516872256062925
0.00031675875652581453
0.00012450131180230528
0.00011233270925004035
0.00030807085568085313
0.000532373262103647
0.00039989984361454844
0.00017707626102492213
7.466132956324145e-05
0.00010994941112585366
0.00010791478416649625
0.00010713590017985553
0.00011057306983275339
8.40181892272085e-05
7.215450750663877e-05
8.048750169109553e-05
0.00014975463273003697
0.00017120799748227
0.0002697229210752994
0.00034359790151938796
9.586127998773009e-05
3.683405520860106e-05
