0.00010002592898672447
0.00029479549266397953
0.00041566824074834585
0.0003967048542108387
0.00020171432697679847
0.00011805333633674309
0.0001479294733144343
0.00017874808690976351
0.0003055533452425152
0.00044604737195186317
0.0001774166157701984
0.00017958588432520628
0.0002950647030957043
0.0005712009151466191
0.0005249500391073525
0.0006451680092141032
0.00040342865395359695
0.0002738959447015077
0.0002529372286517173
0.00016915841843001544
0.00020581165153998882
0.00023758775205351412
0.000280225183814764
0.00044486552360467613
0.00041977677028626204
0.0003394489176571369
0.00017023348482325673
0.0001569581509102136
0.00047731984523124993
0.0015068650245666504
0.0031590601429343224
0.004790742415934801
0.005274160765111446
0.00489865243434906
0.004148817155510187
0.002924090251326561
0.0024442020803689957
0.0014915922656655312
0.00024354779452551156
7.430649566231295e-05
0.00024503993336111307
0.00040462176548317075
0.0003655000764410943
0.0002751685387920588
0.00011465448915259913
0.00011402894597267732
0.0003247027925681323
0.0005709077813662589
0.0005685140495188534
0.00028466846561059356
8.381305087823421e-05
0.00011587844346649945
0.0001169752431451343
0.00013843420310877264
0.0001150359894381836
8.965830056695268e-05
7.10773456376046e-05
9.063073230208829e-05
0.00016404192137997597
0.0001621568953851238
0.00031041548936627805
0.0002748286642599851
9.103526099352166e-05
3.556798765202984e-05
