9.561164188198745e-05
0.00034696399234235287
0.0003688960860017687
0.00034471810795366764
0.00020099904213566333
9.22505059861578e-05
0.0001395294675603509
0.00019367117783986032
0.000432199623901397
0.0004470646963454783
0.0002070683112833649
0.00019276607781648636
0.0003299464879091829
0.0005565026658587158
0.0005247603403404355
0.0006684708059765399
0.000498166074976325
0.00030317457276396453
0.0002673292183317244
0.00017137255053967237
0.0001815606519812718
0.00023416179465129972
0.00026047733263112605
0.0004357097204774618
0.00039376059430651367
0.00033259097835980356
0.00018766988068819046
0.00014129080227576196
0.00057467125589028
0.0012598324101418257
0.0029401814099401236
0.0045106601901352406
0.004927675239741802
0.004501001909375191
0.003640249604359269
0.0027493068482726812
0.0022358025889843702
0.0012815466616302729
0.0003530828398652375
5.664046329911798e-05
0.00018009454652201384
0.0004134784103371203
0.0003451238735578954
0.00024653205764479935
7.203482527984306e-05
0.00010104323882842436
0.0002445593709126115
0.0005739313783124089
0.0005082930438220501
0.00022839810117147863
7.787222421029583e-05
9.441946895094588e-05
0.00012497069837991148
0.00012206274550408125
0.00013754685642197728
8.335993334185332e-05
7.595447823405266e-05
7.958987407619134e-05
0.00016355737170670182
0.00026355916634202003
0.00035851349821314216
0.0003300137468613684
0.00010834396380232647
3.801464117714204e-05
