9.45802967180498e-05
0.00027433072682470083
0.0003987872041761875
0.0004607833398040384
0.0002006913855439052
0.00012945324124302715
0.00015156484732870013
0.00016473414143547416
0.0004565674753393978
0.0003057926951441914
0.00022460204490926117
0.00016012699052225798
0.0003579833428375423
0.0005554835079237819
0.0005744833615608513
0.0005055902292951941
0.00047646762686781585
0.0002654759446159005
0.00027184441569261253
0.0001579698291607201
0.00018595905567053705
0.00020415101607795805
0.0002993147645611316
0.0004211082705296576
0.00040815246757119894
0.00034150341525673866
0.00019562353554647416
0.00013624528946820647
0.0003965281357523054
0.0010170001769438386
0.002328931586816907
0.003975978586822748
0.004630335606634617
0.004192008171230555
0.0032531616743654013
0.002365106251090765
0.0020886659622192383
0.0008813716121949255
0.0002547849144320935
8.06365060270764e-05
0.00030170849640853703
0.0003891226660925895
0.00032353581627830863
0.0002474167849868536
0.00010385581117589027
7.505684334319085e-05
0.000315085198963061
0.0005226990906521678
0.00041958826477639377
0.00012144188804086298
6.83349062455818e-05
9.440077701583505e-05
0.00010850853141164407
0.00010949592251563445
0.00012432178482413292
9.597162716090679e-05
7.038389594526961e-05
0.00010191088949795812
0.00015015856479294598
0.00019518968474585563
0.00030740845249965787
0.0002995242248289287
0.00010414006828796118
4.001934576081112e-05
