9.170441626338288e-05
0.00039048411417752504
0.0003688097349368036
0.0003342354029882699
0.00019920285558328032
9.613619477022439e-05
0.0001285705657210201
0.0001649956393521279
0.0004219161346554756
0.00034834034158848226
0.0002057599922409281
0.00017574051162227988
0.0003149858966935426
0.000550007913261652
0.0005936627276241779
0.0005019996897317469
0.0006139939650893211
0.00020071012841071934
0.00028716688393615186
0.00015292626630980521
0.00018325599376112223
0.0002175355184590444
0.0003112012636847794
0.0003983293136116117
0.00038325414061546326
0.00030024233274161816
0.00014927444863133132
0.00012765396968461573
0.00040292105404660106
0.0012914355611428618
0.0025556429754942656
0.003964129835367203
0.00438920222222805
0.003961227368563414
0.0031705794390290976
0.0022797114215791225
0.0018155319849029183
0.0010227897437289357
0.00026420250651426613
6.623014633078128e-05
0.0002144289028365165
0.0003744913265109062
0.0002957242832053453
0.0002498703252058476
9.823066648095846e-05
6.49585053906776e-05
0.0002073226496577263
0.0004930521245114505
0.0004031594726257026
0.00017890938033815473
7.046849350444973e-05
0.00010802605538628995
0.00010387731163064018
0.00011382791853975505
9.809134644456208e-05
7.733178063062951e-05
5.8845271269092336e-05
0.00010629343887558207
0.00014056421059649438
0.00019998173229396343
0.0003154945734422654
0.00024987783399410546
8.271662227343768e-05
3.6952442314941436e-05
