0.0001504428219050169
0.0006356465164572
0.0005941751296631992
0.0005450709722936153
0.0003700181550811976
0.00010725184256443754
0.00019286925089545548
0.0003032344102393836
0.000575066776946187
0.0006703950930386782
0.00033622237970121205
0.0001926763216033578
0.00021252890292089432
0.00041069576400332153
0.0007185380673035979
0.0005082082934677601
0.0007677730172872543
0.0003047327627427876
0.00027069533825851977
0.00021321709209587425
0.00023079545644577593
0.000253954523941502
0.0003448279749136418
0.0003520804748404771
0.0003299090312793851
0.00029986834852024913
0.00018355039355810732
0.000108209322206676
0.0003758676757570356
0.001014307257719338
0.0021237481851130724
0.003648836864158511
0.0047984616830945015
0.004291091114282608
0.003787894733250141
0.0026359660550951958
0.002076757373288274
0.0013670308981090784
0.0004097233177162707
7.02694887877442e-05
0.00017071430920623243
0.00046204018872231245
0.00034056088770739734
0.00032055869814939797
9.212604345520958e-05
0.00010752560046967119
0.0004456154420040548
0.000459285598481074
0.0004137028008699417
0.00017955595103558153
7.276789256138727e-05
7.264820305863395e-05
0.00011769428238039836
9.369763574795797e-05
0.00010036491585196927
7.587968138977885e-05
6.310340540949255e-05
5.275073635857552e-05
0.00010523357195779681
0.00013800656597595662
0.00022536501637659967
0.00016211203183047473
6.145775114418939e-05
3.698236832860857e-05
