0.00010277865658281371
0.0003045251069124788
0.0003898856812156737
0.0003846345643978566
0.00028752590878866613
0.00011080213880632073
0.0001578426599735394
0.0001774914126144722
0.0003304924466647208
0.0004013155121356249
0.00024542707251384854
0.00017209065845236182
0.000281943182926625
0.0007503487286157906
0.0005746179958805442
0.000568663701415062
0.0003797699755523354
0.00025356965488754213
0.0002653759438544512
0.00015591928968206048
0.0002002164110308513
0.0002294342702953145
0.00030754305771552026
0.00041952673927880824
0.00039268381078727543
0.000304828688967973
0.0001748349895933643
0.0001512057933723554
0.00045120876166038215
0.0011134655214846134
0.002479553921148181
0.004164853133261204
0.004826901946216822
0.004266138654202223
0.00329757621511817
0.0024665738455951214
0.0018665473908185959
0.0009439330315217376
0.0002905928122345358
7.061357609927654e-05
0.00022901539341546595
0.00040071707917377353
0.00033092632656916976
0.00026264661573804915
0.00010232985368929803
9.845507884165272e-05
0.0002935849188361317
0.0005307986866682768
0.0004998304066248238
0.0002561986038926989
8.377881022170186e-05
7.613400521222502e-05
0.00011275574070168659
0.00011748594261007383
9.015947580337524e-05
8.650349627714604e-05
6.197668699314818e-05
0.00012047692871419713
0.00016163327381946146
0.00020355581364128739
0.0003453971294220537
0.00026601433637551963
5.0500111683504656e-05
3.4932774724438787e-05
