6.370182381942868e-05
0.00019481565686874092
0.00019607236026786268
0.0001887117832666263
9.8857402917929e-05
6.125421350589022e-05
0.00011308644752716646
0.00011791868746513501
0.00012915402476210147
0.00017304853827226907
8.624917245469987e-05
8.365913527086377e-05
0.00010288337944075465
0.0001639521651668474
0.0001772969262674451
0.0001396712614223361
0.00019426214566919953
0.00010008802928496152
8.957134559750557e-05
7.859829202061519e-05
7.621909026056528e-05
9.049608343048021e-05
0.00011770924174925312
0.00017369378474541008
0.0001632035564398393
0.0001299020368605852
7.550566078862175e-05
6.712777394568548e-05
0.00018383954011369497
0.00038086215499788523
0.0009807863971218467
0.0012639015913009644
0.0011257330188527703
0.0009204300004057586
0.0007796517456881702
0.0005597173003479838
0.00027481329743750393
0.0001280231517739594
4.922006337437779e-05
4.012406861875206e-05
5.575779505306855e-05
6.694826151942834e-05
5.7861401728587225e-05
4.6256005589384586e-05
3.921428287867457e-05
4.772400643560104e-05
7.07931030774489e-05
8.406306733377278e-05
6.953014963073656e-05
3.978652603109367e-05
3.9046914025675505e-05
3.681406087707728e-05
3.737133738468401e-05
3.5695764381671324e-05
3.635402754298411e-05
3.5606000892585143e-05
3.7790236092405394e-05
3.4962697100127116e-05
3.5141951229888946e-05
3.632642619777471e-05
3.8364647480193526e-05
3.75807867385447e-05
3.5650882637128234e-05
3.241941158194095e-05
