9.545268403599039e-05
0.0002933305804617703
0.000378889701096341
0.00034608939313329756
0.00022248875757213682
0.00010511050641071051
0.0001479715429013595
0.00015971936227288097
0.0003276649513281882
0.00036301661748439074
0.0002264721115352586
0.0001721505104796961
0.0002118556876666844
0.0005082819261588156
0.0005707779200747609
0.0005579101853072643
0.0002791414735838771
0.0002470643084961921
0.00021676272444892675
0.00015885061293374747
0.0001790155074559152
0.0002155658876290545
0.0002677182201296091
0.00038141803815960884
0.00036585910129360855
0.0003271712630521506
0.00020265497732907534
0.0001296776463277638
0.00039963991730473936
0.001007964019663632
0.0019765966571867466
0.003733288962393999
0.004660496022552252
0.004217455629259348
0.0035170200280845165
0.0023631316144019365
0.001977240201085806
0.0012189518893137574
0.0003369853366166353
5.3394036513054743e-05
0.00017485835996922106
0.0004452246066648513
0.0003285775310359895
0.0003080217866227031
0.00011091717169620097
6.175696762511507e-05
0.00020326835510786623
0.0005189303192310035
0.0004263105511199683
0.0002113670198014006
6.660415965598077e-05
9.516376303508878e-05
0.00011169511708430946
0.00010750617366284132
0.00011826278205262497
7.879696931922808e-05
8.093631913652644e-05
6.205616955412552e-05
0.00016090020653791726
0.00015491600788664073
0.00033193721901625395
0.0002622994070407003
8.938930841395631e-05
3.2479249057359993e-05
