0.00010402602492831647
0.00037577791954390705
0.00040255722706206143
0.00038789593963883817
0.0003433734818827361
9.22165418160148e-05
0.0001674080267548561
0.00018629398255143315
0.00033651053672656417
0.00041733469697646797
0.0002475088695064187
0.00018409335461910814
0.00033890028134919703
0.0005685290670953691
0.0007055523456074297
0.0005423032562248409
0.0007163089467212558
0.00021222970099188387
0.0003298192750662565
0.00018827791791409254
0.0001823834900278598
0.00023909877927508205
0.00023959246755111963
0.00043448296491988003
0.00041099495138041675
0.0003736983926501125
0.0002582033339422196
0.00011070772598031908
0.0003001076984219253
0.0009008317720144987
0.0021933745592832565
0.004523877520114183
0.005281476303935051
0.004653904587030411
0.00365450163371861
0.00280812568962574
0.001981172012165189
0.0009366126032546163
0.00020581537683028728
6.601517816307023e-05
0.00033900499693118036
0.0004426214436534792
0.00036264260415919125
0.00029684632318094373
8.770490239840001e-05
0.00012906147458124906
0.00036324115353636444
0.0006172853172756732
0.0005218074074946344
0.00030477537075057626
8.048267773119733e-05
0.00010458749602548778
0.00011271243420196697
0.00012898945715278387
0.0001236006064573303
8.555130625609308e-05
6.305852002697065e-05
8.95984485396184e-05
0.00018375986837781966
0.00022917258320376277
0.0003592339635360986
0.00025389937218278646
9.836530080065131e-05
4.1620118281571195e-05
