0.0001003495417535305
0.0003899305884260684
0.00040269800228998065
0.0003768626193050295
0.00016329482605215162
0.00011053754133172333
0.00013585634587798268
0.00016084035451058298
0.00027949214563705027
0.0003481583553366363
0.00022931872808840126
0.00017769617261365056
0.00027856926317326725
0.0005323844961822033
0.0005805573309771717
0.0005441434914246202
0.0005727778188884258
0.00021577533334493637
0.0002761988143902272
0.0001663954753894359
0.00020280457101762295
0.000215191874303855
0.0002750338753685355
0.00041118942317552865
0.00038927228888496757
0.00034488446544855833
0.0001710641518002376
0.00016336506814695895
0.0006494756671600044
0.001238505239598453
0.002597397891804576
0.004002024419605732
0.004707362502813339
0.004207889083772898
0.0027066597249358892
0.0023811510764062405
0.0018830187618732452
0.0010241512209177017
0.0002797165361698717
6.645455869147554e-05
0.0002511677157599479
0.00037331689964048564
0.0003231152077205479
0.0001893700537038967
9.570234396960586e-05
0.00010023537470260635
0.0002750488347373903
0.0005182618042454123
0.0005312474095262587
0.00026830166461877525
7.395268767140806e-05
9.512709220871329e-05
9.914045222103596e-05
0.00011996359535260126
0.00011121638090116903
8.273158164229244e-05
6.823485455242917e-05
7.866232772357762e-05
0.0001442750362912193
0.00020106825104448944
0.0003590324195101857
0.00023870977747719735
8.80126390256919e-05
3.647370613180101e-05
