4.8071175115182996e-05
8.714341674931347e-05
8.792287553660572e-05
8.214402623707429e-05
7.410652324324474e-05
4.668518522521481e-05
5.659558155457489e-05
6.213097367435694e-05
8.412840543314815e-05
8.930470357881859e-05
6.522032344946638e-05
6.521282921312377e-05
7.590630411868915e-05
0.00010106483387062326
8.5184168710839e-05
0.00010695264063542709
0.0001051872968673706
6.519786984426901e-05
7.442956120939925e-05
6.0638900322373956e-05
6.518291047541425e-05
5.5039694416336715e-05
7.130175799829885e-05
7.453322905348614e-05
6.84296537656337e-05
6.187721737660468e-05
4.064488530275412e-05
5.542773214983754e-05
7.752251985948533e-05
0.00011074418580392376
0.0001798102748580277
0.00021565565839409828
0.00023577752290293574
0.00024107354693114758
0.00013628370652440935
0.00010524125536903739
0.00016073565348051488
9.664484969107434e-05
4.883108340436593e-05
5.5488504585810006e-05
4.8861005780054256e-05
3.9061877032509074e-05
4.3804353481391445e-05
3.979493703809567e-05
3.891227243002504e-05
4.579410233418457e-05
4.501615330809727e-05
4.081225779373199e-05
3.856817784253508e-05
3.808944165939465e-05
3.8987072912277654e-05
4.013903526356444e-05
3.8448495615739375e-05
3.841857687802985e-05
3.5755605495069176e-05
3.7392273952718824e-05
3.645717879408039e-05
3.562650817912072e-05
3.716376158990897e-05
3.741622276720591e-05
3.9361089875455946e-05
3.903943070326932e-05
3.57855242327787e-05
3.425955219427124e-05
