0.0001120772139984183
0.00044930880540050566
0.0004099028301425278
0.00035523713449947536
0.00020787872199434787
0.00010402601765235886
0.00014278304297477007
0.00017135642701759934
0.0004456135502550751
0.0004687054897658527
0.00017575692618265748
0.00015312075265683234
0.0002761746582109481
0.0005180841544643044
0.000432565197115764
0.0004707621701527387
0.00038859908818267286
0.0002456514921505004
0.0002917447709478438
0.00015862620784901083
0.0001633836654946208
0.0002244500647066161
0.000326691719237715
0.0004300024302210659
0.00040865832124836743
0.00035011503496207297
0.0002271602861583233
0.00015817739767953753
0.0003695543564390391
0.0008039326057769358
0.001973833190277219
0.002967668231576681
0.003380972659215331
0.002846938092261553
0.002109130611643195
0.001681461581028998
0.0014372407458722591
0.0008397929486818612
0.0002985518076457083
6.0216021665837616e-05
0.0001896542962640524
0.000418680690927431
0.00039452206692658365
0.00032179997651837766
9.250079892808571e-05
0.00014914371422491968
0.0006517169531434774
0.0007816414581611753
0.0006788029568269849
0.0003152178251184523
0.00010566603305051103
8.917956438381225e-05
0.00014372555597219616
0.00013823731569573283
0.0001253849914064631
8.362640073755756e-05
5.74146761209704e-05
9.164804214378819e-05
0.00012693986354861408
0.00016845525533426553
0.000269962300080806
0.0002432727487757802
8.301583147840574e-05
3.547135565895587e-05
