0.00010125269182026386
0.00037261898978613317
0.00044211282511241734
0.0004189239989500493
0.00026756859733723104
0.000106134481029585
0.0001458733167964965
0.0001650891499593854
0.0003041171294171363
0.00044299548608250916
0.00026791272102855146
0.00019565345428418368
0.0002997358387801796
0.0004470796848181635
0.0006985203945077956
0.0004856329469475895
0.0007924279780127108
0.00023435414186678827
0.0002569000353105366
0.00016893363499548286
0.00024661922361701727
0.00024105860211420804
0.000346220622304827
0.0004273832601029426
0.0004002336645498872
0.0003296098147984594
0.00017233937978744507
0.00015552192053291947
0.0005281357443891466
0.0012134333373978734
0.0026294582057744265
0.0046139988116919994
0.005250418558716774
0.004752667620778084
0.0038057726342231035
0.002847088500857353
0.0022861147299408913
0.0012394179357215762
0.0002828732249327004
6.633486918872222e-05
0.00023742321354802698
0.0004214419168420136
0.000378316268324852
0.0002771361032500863
0.00011308647663099691
0.00011008683213731274
0.0004249512276146561
0.0005734632140956819
0.0004399566096253693
0.0001898637565318495
7.963475945871323e-05
0.00010008576646214351
0.00012912409147247672
0.00012783188140019774
0.0001370531681459397
8.817719935905188e-05
7.341118907788768e-05
9.950230742106214e-05
0.00015801283007021993
0.00020494393538683653
0.0003558505268301815
0.00031789575587026775
0.00010505264799576253
3.970517354900949e-05
