0.00010261409624945372
0.0003574662550818175
0.0003937604487873614
0.0004337711725383997
0.00022448235540650785
0.00014081393601372838
0.0001326610508840531
0.00013992558524478227
0.0003143949725199491
0.00042622475302778184
0.0002471774350851774
0.00017575598030816764
0.0002312594442628324
0.0003847392799798399
0.0007394677959382534
0.0005804459797218442
0.0004996325587853789
0.0002883424167521298
0.0002283122594235465
0.00012297533976379782
0.00032566022127866745
0.0003770795010495931
0.00018799368990585208
0.0002666111395228654
0.00035888751153834164
0.0005034609930589795
0.00038082548417150974
0.00016862379561644047
0.00047969649313017726
0.00116189185064286
0.0025455879513174295
0.00437541538849473
0.005260271020233631
0.004804148804396391
0.003922130912542343
0.0026501670945435762
0.002110688714310527
0.0009664803510531783
0.0003296375216450542
8.647170761832967e-05
0.00028348100022412837
0.00040743433055467904
0.00033843182609416544
0.00026857093325816095
0.00011289195390418172
8.678588346811011e-05
0.0002918195677921176
0.0005527756875380874
0.0005658810259774327
0.0002994943060912192
9.70787150436081e-05
8.060719119384885e-05
0.00014418934006243944
0.00014012640167493373
0.00013003060303162783
8.955851808423176e-05
6.221512740012258e-05
8.223631448345259e-05
0.00016054115258157253
0.00020112900529056787
0.0003515810240060091
0.0002829738368745893
6.014870814397e-05
3.7100176996318623e-05
