0.00010031765850726515
0.0003292837063781917
0.0004017673199996352
0.0003721621469594538
0.0002550765930209309
0.00010224008292425424
0.00014607385674025863
0.00018069295038003474
0.0002749291597865522
0.00042903731809929013
0.000248075055424124
0.00015777346561662853
0.00018778422963805497
0.0003757480008061975
0.0005741616478189826
0.000567747512832284
0.00044723114115186036
0.00031093257712200284
0.0002463648852426559
0.0001639147667447105
0.00019082588551100343
0.00022303116566035897
0.0003042218158952892
0.0004195822693873197
0.00040692571201361716
0.0003397231048438698
0.0002173910615965724
0.00016608012083452195
0.0004936409532092512
0.001528657739982009
0.002335351426154375
0.00452213641256094
0.004734326619654894
0.004286707378923893
0.0033181135077029467
0.002462408971041441
0.001984555507078767
0.0014067062875255942
0.00043416875996626914
8.192097448045388e-05
0.00027913585654459894
0.0003349507169332355
0.00032703473698347807
0.00022971854195930064
9.420629066880792e-05
9.492439130553976e-05
0.00026162926224060357
0.0005174656398594379
0.00040711284964345396
0.00018807749438565224
6.806467717979103e-05
0.0001059119458659552
0.00011123134754598141
0.0001146572976722382
0.00012515958223957568
8.27465410111472e-05
7.242379797389731e-05
8.355441241292283e-05
0.000154556953930296
0.00017645914340391755
0.0003385594754945487
0.00025488491519354284
9.39656893024221e-05
3.296734212199226e-05
