0.00010095715697389096
0.00032536100479774177
0.00039866750012151897
0.00038831483107060194
9.232126467395574e-05
0.0001118447253247723
0.00013904290972277522
0.0001663954753894359
0.00031358556589111686
0.0003495269047562033
0.00021277762425597757
0.00016990643052849919
0.00029349513351917267
0.0006154648144729435
0.0006149110849946737
0.0006812667124904692
0.0005846762796863914
0.00023274138220585883
0.00021449434279929847
0.0001473993033869192
0.00018373646889813244
0.00021328628645278513
0.00033172391704283655
0.00041603384306654334
0.0004026021051686257
0.0003206036053597927
0.00019854081619996578
0.00016825679631438106
0.00046910540550015867
0.0013897147728130221
0.00300379516556859
0.0046487608924508095
0.005035912152379751
0.004660481121391058
0.0036598993465304375
0.002755586290732026
0.0021149644162505865
0.0009693416068330407
0.00025119713973253965
7.286512845894322e-05
0.0002570466895122081
0.0003892273816745728
0.00034044121275655925
0.00025817338610067964
0.00011296676530037075
8.202844037441537e-05
0.0003612414584495127
0.0005551720969378948
0.00046623655362054706
0.00012401696585584432
7.784043555147946e-05
0.00010492642468307167
0.0001215213633258827
0.00013206011499278247
0.00012319038796704262
8.730949775781482e-05
7.092588202795014e-05
0.00011692755651893094
0.0001596706424606964
0.0002109655470121652
0.0003441065491642803
0.00027659820625558496
9.634564048610628e-05
3.71319692931138e-05
