0.00010019370529334992
0.0003137516905553639
0.0004303792957216501
0.0003935914137400687
0.00026670657098293304
0.00010400448809377849
0.0001357964938506484
0.0001721505104796961
0.000319900456815958
0.00042375625343993306
0.0002657434088177979
0.00018194963922724128
0.0002217745059169829
0.0004321341693866998
0.0007155608618631959
0.0004960304358974099
0.000684772152453661
0.00019611723837442696
0.0003244035760872066
0.00017770084377843887
0.0002059138350887224
0.00021762576943729073
0.0002887826121877879
0.0004270924546290189
0.00041472012526355684
0.00032759158057160676
0.00018081683083437383
0.00013725280587095767
0.0004358325095381588
0.0014296408044174314
0.0033720966894179583
0.004636614583432674
0.005195601377636194
0.004743817262351513
0.0033447861205786467
0.0026820856146514416
0.0021107324864715338
0.0010337259154766798
0.0002651001268532127
6.875846884213388e-05
0.0002441254910081625
0.0004278255219105631
0.0003467545611783862
0.00028478814056143165
0.00010702463623601943
0.00011551004718057811
0.00032923577236942947
0.0005563960876315832
0.00048329905257560313
0.00022205873392522335
8.01883070380427e-05
9.642043733038008e-05
0.0001412570709362626
0.0001220029080286622
0.00014531136548612267
8.437724318355322e-05
8.246229845099151e-05
7.782453758409247e-05
0.00017060957907233387
0.00018148586968891323
0.0003287720319349319
0.0003693299659062177
8.435144991381094e-05
3.6818673834204674e-05
