3.366520468262024e-05
5.1342580263735726e-05
5.282554047880694e-05
5.483024870045483e-05
5.454599522636272e-05
3.885242767864838e-05
4.414844806888141e-05
4.4507498387247324e-05
5.19428685947787e-05
6.471433152910322e-05
4.924795575789176e-05
4.338712096796371e-05
4.3649142753565684e-05
4.466645623324439e-05
4.790914317709394e-05
4.8606674681650475e-05
4.474686647881754e-05
4.1620118281571195e-05
4.429805267136544e-05
4.3879157601622865e-05
4.1799645259743556e-05
3.4124906960641965e-05
3.8328809750964865e-05
4.2966563341906294e-05
4.0572889702161774e-05
4.766416532220319e-05
5.0970826123375446e-05
3.8880483771208674e-05
5.6143027904909104e-05
0.00010459261829964817
0.00011595791875151917
0.00011842733511002734
0.0002266217052238062
9.736295760376379e-05
0.00019401525787543505
0.00011440939124440774
0.00015039739082567394
6.483788456534967e-05
5.571385190705769e-05
5.768489427282475e-05
4.278704000171274e-05
3.6309142160462216e-05
3.768780152313411e-05
3.75878116756212e-05
3.9156857383204624e-05
3.846719482680783e-05
3.7227342545520514e-05
4.198011083644815e-05
3.721145185409114e-05
3.5605997254606336e-05
3.581263808882795e-05
3.652794111985713e-05
3.6162338801659644e-05
3.543114507920109e-05
3.786316665355116e-05
3.563778955140151e-05
3.598031617002562e-05
3.577056486392394e-05
3.608473707572557e-05
3.668792123789899e-05
4.2170853703282773e-05
3.667100099846721e-05
3.5526518331607804e-05
3.182285945513286e-05
