0.00011182975867995992
0.0003119376488029957
0.000387199834221974
0.00035798331373371184
0.00022769885254092515
0.00011932497000088915
0.00016194986528716981
0.00018416257807984948
0.0004322472959756851
0.00037818655255250633
0.00022902287309989333
0.00015641206118743867
0.00030043680453673005
0.000582532084081322
0.000676932861097157
0.0005705337971448898
0.0006596235907636583
0.00032056935015134513
0.00032544569694437087
0.00018045534670818597
0.0002493086503818631
0.00025363118038512766
0.0003760565596166998
0.0003896313428413123
0.0003711289318744093
0.000334775832016021
0.0001983127003768459
0.00015154803986661136
0.000441200245404616
0.0011722901836037636
0.002394967246800661
0.004181984346359968
0.004859515931457281
0.004496363922953606
0.0037757467944175005
0.002629428170621395
0.002247696043923497
0.001411014935001731
0.0003607874969020486
6.33278104942292e-05
0.00031460082391276956
0.0003398942353669554
0.0003402617003303021
0.00021704698156099766
9.369762847200036e-05
8.460164826828986e-05
0.0002460853138472885
0.0005189648945815861
0.0004324790497776121
0.00020302957273088396
7.086790719768032e-05
0.00012254147441126406
0.00013072487490717322
0.00013530280557461083
0.00013721772120334208
9.420628339285031e-05
8.620241715107113e-05
8.929924661060795e-05
0.00014972469944041222
0.0001750079682096839
0.00033873572829179466
0.0003696291532833129
7.463722431566566e-05
3.1476898584514856e-05
