0.000102255042293109
0.0002568419149611145
0.0004172424378339201
0.00037750304909422994
0.00019242199778091162
0.00012299029913265258
0.00012607216194737703
0.00018087835633195937
0.00036725608515553176
0.0003854616079479456
0.00032439196365885437
0.00015026329492684454
0.00031704301363788545
0.000576638791244477
0.0005854222690686584
0.0007196226506493986
0.00044316748972050846
0.0002546623582020402
0.00021897688566241413
0.00015895791875664145
0.0002127458283212036
0.00024137369473464787
0.0003781229897867888
0.0004244902520440519
0.0004167809383943677
0.00038487862912006676
0.00016362863243557513
0.00020913286425638944
0.00042525227763690054
0.0015036502154543996
0.0024825159925967455
0.004139391705393791
0.006212558131664991
0.004004268441349268
0.004055313766002655
0.002972233109176159
0.0020484968554228544
0.0015391666674986482
0.00027757720090448856
6.376166129484773e-05
0.00021912649390287697
0.00039155309787020087
0.00030939377029426396
0.0002087750326609239
9.161212074104697e-05
0.00011187892232555896
0.0005204039043746889
0.0005151425139047205
0.0003731476899702102
0.00015671408618800342
8.017708023544401e-05
9.920402953866869e-05
0.00012500247976277024
0.00013151965686120093
0.00011727725359378383
9.152648999588564e-05
6.56008705846034e-05
0.0001269894273718819
0.00014013501640874892
0.00021118806034792215
0.0003713673504535109
0.00024177106388378888
7.895311864558607e-05
3.5620960261439905e-05
