9.538859012536705e-05
0.00032811376149766147
0.0003598150797188282
0.00037589759449474514
0.00033257200266234577
0.0001109174991142936
0.00014436735364142805
0.0001547119318274781
0.0003114028659183532
0.0004030060663353652
0.00026167414034716785
0.00017704056517686695
0.0002803203242365271
0.0006338344537653029
0.0006298128282651305
0.0006694675539620221
0.0005452505429275334
0.00029699591686949134
0.0003361475537531078
0.00020145814050920308
0.00019807706121355295
0.0002589270588941872
0.0003616721660364419
0.0004248722398187965
0.0004173849301878363
0.0003343625576235354
0.00017912211478687823
0.0001344949268968776
0.00042420506360940635
0.0010863421484827995
0.002307208953425288
0.003865255508571863
0.0046478393487632275
0.00405527651309967
0.0032477425411343575
0.0022412182297557592
0.001716747647151351
0.001062233466655016
0.00023001094814389944
7.820602331776172e-05
0.0002548003103584051
0.00035852380096912384
0.0003390947822481394
0.00020551244961097836
9.835034143179655e-05
0.00010482824291102588
0.0002870471798814833
0.0005161223816685379
0.0004339096776675433
9.561164188198745e-05
7.388244557660073e-05
0.00010306290641892701
0.00012004308518953621
0.00011899583478225395
0.00013035086158197373
7.864736107876524e-05
6.914744881214574e-05
8.630714728496969e-05
0.00015364437422249466
0.00017982524877879769
0.00029837226611562073
0.0002909967734012753
9.456534462515265e-05
3.681780071929097e-05
