0.00010357991413911805
0.00041053121094591916
0.0004123414109926671
0.0003841258876491338
0.00028718181420117617
9.471493831370026e-05
0.00014312134589999914
0.0001712641242193058
0.00039349397411569953
0.00036360009107738733
0.00022096662723924965
0.00017224400653503835
0.00026203790912404656
0.0005626046913675964
0.0006719061639159918
0.0005178578430786729
0.000596954021602869
0.0002077714743791148
0.0002909369068220258
0.00016633087943773717
0.00015515538689214736
0.00025193486362695694
0.0003066171775572002
0.0004133315815124661
0.00039349397411569953
0.0003393790393602103
0.00019741879077628255
0.00015395853552035987
0.0004200161201879382
0.001058395835570991
0.0023794679436832666
0.004313457291573286
0.005274220835417509
0.0047683315351605415
0.003987198695540428
0.0027414525393396616
0.002357042394578457
0.0013838466256856918
0.00032376026501879096
6.027587005519308e-05
0.00020313370623625815
0.0004482167132664472
0.0003570174449123442
0.0002971305511891842
0.00013878858590032905
0.00011075260408688337
0.0003402956062927842
0.0005548490444198251
0.0004837652377318591
0.00022471157717518508
7.534483302151784e-05
0.00010835986176971346
0.00011691165127558634
0.00015420258569065481
0.00014747600653208792
8.73618628247641e-05
6.782625132473186e-05
0.00011700703180395067
0.0001611395855434239
0.0002001406974159181
0.0003533371491357684
0.0003414884558878839
0.00014586489123757929
3.6903282307321206e-05
