0.00010264157026540488
0.0004437084717210382
0.0004524804244283587
0.00041406278614886105
0.00024791050236672163
0.00011826277477666736
0.00014724128413945436
0.00017265917267650366
0.00022220835671760142
0.00040492077823728323
0.0002495239896234125
0.00017289571405854076
0.0002745252277236432
0.0005203712498769164
0.0005799768259748816
0.0008147892076522112
0.0004547394928522408
0.0003011409135069698
0.00029034781618975103
0.00017289853713009506
0.0001785087224561721
0.00023960741236805916
0.0002759165654424578
0.0004557762877084315
0.00041110621532425284
0.00037526278174482286
0.0001885173114715144
0.00011884623381774873
0.00030649584368802607
0.0011685932986438274
0.0027696688193827868
0.004874556325376034
0.004868071060627699
0.004437858704477549
0.0035340599715709686
0.002670240355655551
0.0020511779002845287
0.0016462538624182343
0.000327099347487092
8.139795681927353e-05
0.0002358822530368343
0.0003846540057566017
0.000357032404281199
0.00022638830705545843
0.00010074948659166694
0.00015149005048442632
0.00027856454835273325
0.0005883220001123846
0.00045401492388918996
0.00012096501450287178
7.641825504833832e-05
9.486455383012071e-05
0.00011579429701669142
0.00012031236838083714
0.00013430044054985046
8.778823394095525e-05
7.456314779119566e-05
6.781595584470779e-05
0.00016234982467722148
0.0002255653089378029
0.00040093305869959295
0.00024274071620311588
8.433235780103132e-05
3.795480006374419e-05
