9.469588985666633e-05
0.0004163956909906119
0.00040798968984745443
0.000363801111234352
0.00022922483913134784
0.00010978017235174775
0.00012251155567355454
0.00015698977222200483
0.0003107551601715386
0.0003072765830438584
0.0002191414387198165
0.00016966706607490778
0.0002508577308617532
0.00047646212624385953
0.0006615534657612443
0.000471270817797631
0.0006602967623621225
0.0001936936314450577
0.0002536004176363349
0.00016897887689992785
0.00018827749590855092
0.0001838318567024544
0.0002651749236974865
0.0003805354062933475
0.00040625911788083613
0.000313412252580747
0.0002213453408330679
0.00017159698472823948
0.0004359939484857023
0.0010149504523724318
0.001965062227100134
0.003617794020101428
0.004626191686838865
0.004041139967739582
0.003161952830851078
0.002249854151159525
0.0017706804210320115
0.0009845359018072486
0.00018598546739667654
0.00012214128219056875
0.00033533218083903193
0.00038957150536589324
0.0003195563331246376
0.0002129668282577768
8.848172728903592e-05
0.00014331414422485977
0.0003216508193872869
0.00047049287240952253
0.0004679645935539156
0.00017406379629392177
6.978396413614973e-05
0.00010537149501033127
0.00010702744475565851
0.00011524074943736196
0.00012255643378011882
8.059223182499409e-05
6.816108361817896e-05
0.00014065865252632648
0.00015530498058069497
0.00020234503608662635
0.00036804337287321687
0.00020708292140625417
4.584272392094135e-05
3.795479642576538e-05
