0.00010111803567269817
0.0003155545564368367
0.00039673663559369743
0.0003800940467044711
0.0002162989549105987
0.00011666200589388609
0.00014249880041461438
0.00016461040650028735
0.0002800456713885069
0.000415303569752723
0.00021445128368213773
0.00018057071429211646
0.00026992923812940717
0.0006517964066006243
0.0006045231129974127
0.0006258071516640484
0.00044027453986927867
0.00022754969540983438
0.00025084277149289846
0.00016858991875778884
0.0001832596171880141
0.0002325675741303712
0.0002895605284720659
0.00042450428009033203
0.00041423510992899537
0.00034494002466090024
0.00016544073878321797
0.0001366843207506463
0.000534868857357651
0.000986858969554305
0.002935841679573059
0.0045881192199885845
0.005046737380325794
0.004672548733651638
0.0033368701115250587
0.0028085794765502214
0.0019860996399074793
0.0013472004793584347
0.00033069122582674026
7.857163291191682e-05
0.0003271861933171749
0.00039402974653057754
0.00034932774724438787
0.0002934053773060441
0.0001130714881583117
8.213316323235631e-05
0.0003875229158438742
0.0005562950391322374
0.000393923168303445
0.0001711790100671351
9.073170804185793e-05
0.00012578137102536857
0.00013183757255319506
0.00015246997645590454
0.00012733912444673479
0.0001017155300360173
7.888954132795334e-05
0.00013668571773450822
0.00016022699128370732
0.00023760645126458257
0.0003855779650621116
0.00023499957751482725
8.635882113594562e-05
3.9718324842397124e-05
