0.00010661801934475079
0.0003687097632791847
0.00037353383959271014
0.0003740125976037234
0.0003124650684185326
0.00011362486839061603
0.0001527201966382563
0.0001981069945031777
0.0002922085695900023
0.0003858612908516079
0.0002229863021057099
0.0001658371911616996
0.00028948846738785505
0.0005112388753332198
0.0005379280191846192
0.0006137396558187902
0.0005308435065671802
0.00027519845752976835
0.0002485238655935973
0.0001559781958349049
0.00017683312762528658
0.00028408909565769136
0.0003208770358469337
0.0003541001642588526
0.0004574921913444996
0.00040870599332265556
0.00018516613636165857
0.0002028526650974527
0.0004948869463987648
0.0011008146684616804
0.0031145077664405107
0.004184751771390438
0.004840066656470299
0.004397684708237648
0.003608279163017869
0.0024833837524056435
0.0018617251189425588
0.0013211322948336601
0.00023503342526964843
8.227477519540116e-05
0.0003446900227572769
0.00038013141602277756
0.0002946919994428754
0.0003180303901899606
0.00010578571527730674
7.469779666280374e-05
0.0003383595321793109
0.0005637556314468384
0.0003992214915342629
0.00013865674554836005
9.163308277493343e-05
8.953861834015697e-05
0.00012352888006716967
0.00010683295840863138
0.00013727757323067635
7.79741385485977e-05
6.359239341691136e-05
0.00010410293907625601
0.00015619670739397407
0.00023447598505299538
0.0003510482201818377
0.0002890921023208648
8.338985207956284e-05
3.916659625247121e-05
