0.00010011568519985303
0.0004000588087365031
0.0004034099692944437
0.0003955108404625207
0.0003451388329267502
0.00010704105079639703
0.00015466168406419456
0.00017449450388085097
0.00045639261952601373
0.00037672044709324837
0.00022054773580748588
0.000156097870785743
0.0002351491857552901
0.0004652417846955359
0.0006648298585787416
0.0005160924629308283
0.0006149066612124443
0.00024501202278770506
0.0002532158396206796
0.0001487514382461086
0.00017234860570169985
0.0002242860064143315
0.0003351900668349117
0.0004366073408164084
0.00041210203198716044
0.00035806468804366887
0.0002155808761017397
0.00012276589404791594
0.00036992834066040814
0.0009611076093278825
0.0021384696010500193
0.00424209563061595
0.00507017457857728
0.004785565659403801
0.004133647307753563
0.002930029761046171
0.0024881563149392605
0.0015552492113783956
0.0004253719816915691
5.469560346682556e-05
0.00013373192632570863
0.00044112541945651174
0.00033602246548980474
0.0002435016504023224
0.00010016494343290105
0.00015973423433024436
0.00039821493555791676
0.0005397662171162665
0.0004277329717297107
0.00019100075587630272
8.251371764345095e-05
0.00010681799903977662
0.0001277627015952021
0.0001322957396041602
0.0001392673293594271
8.953861106419936e-05
7.961980008985847e-05
7.831824041204527e-05
0.00016144993423949927
0.000212320766877383
0.00034742767456918955
0.00022110689315013587
8.55338730616495e-05
3.727502917172387e-05
