3.14347016683314e-05
4.306100163375959e-05
3.9091795770218596e-05
4.3110227124998346e-05
4.226622695568949e-05
4.546497075352818e-05
5.9138870710739866e-05
6.747187580913305e-05
9.546296496409923e-05
0.00014406965055968612
9.755744395079091e-05
5.7482902775518596e-05
5.708548633265309e-05
6.947630026843399e-05
7.923083467176184e-05
8.947877358878031e-05
6.996856245677918e-05
6.807029421906918e-05
7.101750816218555e-05
6.712778122164309e-05
5.6231740018120036e-05
4.926333713228814e-05
4.980071389582008e-05
4.972871465724893e-05
4.785865166923031e-05
4.4507498387247324e-05
4.087209526915103e-05
3.934612323064357e-05
6.066483911126852e-05
0.00013422564370557666
0.00041853456059470773
0.0007740265573374927
0.0010765577899292111
0.0009136679000221193
0.0005294283619150519
0.0005195225239731371
0.00046540587209165096
0.0001442042994312942
6.888407369842753e-05
6.916147685842589e-05
9.18126170290634e-05
0.00012593751307576895
0.00010989985457854345
7.40375035093166e-05
5.058625902165659e-05
7.009161345195025e-05
0.0001998704537982121
0.0003175217134412378
0.00029146051383577287
0.00018489686772227287
7.944027311168611e-05
8.910476753953844e-05
0.00012495012197177857
0.0001450768468203023
0.0001579734089318663
0.00010301845031790435
6.208795821294188e-05
0.00013548231800086796
0.00018794879724737257
0.0002138454292435199
0.00029415340395644307
0.0002602828317321837
8.032294135773554e-05
3.390363781363703e-05
