9.793444041861221e-05
0.00034082081401720643
0.00036107172491028905
0.00036093711969442666
0.0002105748135363683
0.0001096714913728647
0.0001323534088442102
0.00016458048776257783
0.0002815566840581596
0.00037670545862056315
0.0002271127450512722
0.0001753944088704884
0.0002589767100289464
0.0006210067658685148
0.0005397450877353549
0.0004983044345863163
0.0006424638559110463
0.00025246210861951113
0.00024682434741407633
0.0001601270050741732
0.00020324029901530594
0.00020563211000990123
0.0002516898966860026
0.00037924875505268574
0.00034419630537740886
0.00029946438735350966
0.00021000059496145695
0.00011586910113692284
0.0003532623522914946
0.0009205946116708219
0.0018072588136419654
0.0036634383723139763
0.004796457476913929
0.0042761159129440784
0.003683305811136961
0.002347680740058422
0.0018496174598112702
0.0005976244574412704
0.00017963541904464364
8.330007403856143e-05
0.00028984478558413684
0.0003644640964921564
0.00031199754448607564
0.0002061809937004
9.064568439498544e-05
0.00010328731877962127
0.0002871519245672971
0.0004924997920170426
0.0004948186688125134
0.0002768889826256782
0.00010082168591907248
0.00013752667291555554
0.0001840395270846784
0.00018317808280698955
0.00011743995128199458
0.00013417625450529158
9.170441626338288e-05
0.00015000897110439837
0.00015742937102913857
0.00017877800564747304
0.0003073037078138441
0.0002997337142005563
0.00011806829570559785
4.310121585149318e-05
