0.00010496289905859157
0.0002480002585798502
0.00042031536577269435
0.0004023749497719109
0.0002640607126522809
0.00012210948625579476
0.000144279096275568
0.00017022060637827963
0.0002782354422379285
0.0004664236039388925
0.00028338187257759273
0.00018110910605173558
0.00027965885237790644
0.0005527339526452124
0.0005800121580250561
0.0006393025396391749
0.0004915694007650018
0.00027504045283421874
0.00026714030536822975
0.00017761669005267322
0.0001800476893549785
0.00022406346397474408
0.0002791929291561246
0.0004314459511078894
0.00041129416786134243
0.00036045839078724384
0.0002273547725053504
9.639051859267056e-05
0.0002534159866627306
0.00110438687261194
0.002850997494533658
0.004966051317751408
0.005341019481420517
0.004881297703832388
0.004027337767183781
0.002919482532888651
0.0024323533289134502
0.0015529152005910873
0.00041238628909923136
5.4186941270017996e-05
0.00013461460184771568
0.00041452734149061143
0.00035289584775455296
0.0002302339271409437
9.688422142062336e-05
7.158600783441216e-05
0.0003326756996102631
0.0005583859165199101
0.0005079830880276859
0.00021323603868950158
8.396687917411327e-05
0.00013765532639808953
0.0001201384438900277
0.00013714666420128196
0.00011417762289056554
9.076351125258952e-05
6.193648732732981e-05
0.00013609569577965885
0.00015333422925323248
0.00022043516219127923
0.0003593339351937175
0.00029757979791611433
9.804211731534451e-05
3.279248994658701e-05
