9.78344542090781e-05
0.0003369404294062406
0.0003622387012001127
0.00040165960672311485
0.0002641575993038714
0.00010660854604793712
0.000161942167324014
0.00015915019321255386
0.0003251665330026299
0.00030131949461065233
0.0002636300341691822
0.00028353146626614034
0.0004692162910941988
0.0006655434845015407
0.000709898304194212
0.0007002263446338475
0.001026814104989171
0.00048697934835217893
0.0008614705875515938
0.0008117120596580207
0.0006838745903223753
0.0004777486901730299
0.000645770167466253
0.0006997775635682046
0.000590491050388664
0.0005413458566181362
0.0003480860323179513
0.00016852599219419062
0.00045831440365873277
0.001434985315427184
0.002379123354330659
0.004630635026842356
0.004781047813594341
0.004442102741450071
0.003742729313671589
0.00270161684602499
0.0020619637798517942
0.0009050379740074277
0.00028643495170399547
8.285162766696885e-05
0.00039285814273171127
0.000423075573053211
0.00030607692315243185
0.00022853663540445268
0.0001369783713016659
0.0001296327682211995
0.00023525391588918865
0.0005569565109908581
0.0004099970974493772
0.00019184319535270333
0.00010367629147367552
0.00012384304136503488
0.00012201787467347458
0.00011488171003293246
0.00011434312182245776
8.243237243732437e-05
0.00010740145080490038
7.822846964700148e-05
0.00018832282512448728
0.00022094279120210558
0.0003434358222875744
0.00029677990823984146
6.482198659796268e-05
3.816424577962607e-05
