9.468900680076331e-05
0.00042212559492327273
0.0004027965769637376
0.0003508439112920314
0.0002219580637756735
0.00012511374370660633
0.00012976139259990305
0.0001653285144129768
0.00035128105082549155
0.00036869439645670354
0.0001868417311925441
0.00019661092665046453
0.00024581883917562664
0.0005531031056307256
0.0004368317313492298
0.0005514441872946918
0.0005943060386925936
0.00017587565525900573
0.00025358505081385374
0.0001524026447441429
0.0002113251102855429
0.00022895722941029817
0.00026486063143238425
0.00042954503442160785
0.0003877911949530244
0.00038177709211595356
0.00018048610945697874
0.00016255748050753027
0.0005655818968079984
0.0013940198114141822
0.0018402166897431016
0.003602459328249097
0.004928378388285637
0.00433857599273324
0.0034447158686816692
0.0024680192582309246
0.0020552289206534624
0.001274994108825922
0.0004106508567929268
6.162231147754937e-05
0.00014695702702738345
0.00044342930777929723
0.00033077673288062215
0.0003248373977839947
0.00011429824371589348
0.00011623993486864492
0.00031124739325605333
0.0004972636234015226
0.0003820968559011817
0.0001808874512789771
6.796557136112824e-05
8.780319330981001e-05
0.00011136598186567426
9.769208554644138e-05
0.00010992571333190426
7.914438901934773e-05
4.6971308620413765e-05
0.00012088553921785206
0.00014997903781477362
0.00020150301861576736
0.000318658712785691
0.0003081564500462264
0.00010689279588405043
3.816920434474014e-05
