9.925785707309842e-05
0.00045590641093440354
0.00043307128362357616
0.00038934711483307183
0.00019218074157834053
0.00011232502583879977
0.00014275984722189605
0.00018090708181262016
0.00026900481316260993
0.0003640189825091511
0.0002506566816009581
0.00017322765779681504
0.0002526380412746221
0.0005975977401249111
0.000611680734436959
0.0005583332385867834
0.00043247826397418976
0.0002546577015891671
0.0002902188280131668
0.00017933154595084488
0.00019143460667692125
0.00022068237012717873
0.0002658780722413212
0.00038498471258208156
0.0003557882155291736
0.0002868810552172363
0.00016382656758651137
0.00013666828454006463
0.0006082744221203029
0.0012803376885131001
0.002749053295701742
0.004328274633735418
0.00468698563054204
0.004107406362891197
0.003068728605285287
0.0023970133624970913
0.001718514016829431
0.0011190968798473477
0.00015003794396761805
6.790157203795388e-05
0.0002107901673298329
0.00034714260254986584
0.0003192458825651556
0.0002170853258576244
9.278154175262898e-05
0.00014224914775695652
0.00034609349677339196
0.0005290033877827227
0.00040415985858999193
0.00016216625226661563
6.568035314558074e-05
9.550037793815136e-05
0.00010605501302052289
0.0001241600257344544
0.00010344814654672518
7.805220957379788e-05
5.655070344801061e-05
0.0001091518352041021
0.0001523577666375786
0.00018881651340052485
0.0003259145887568593
0.0003219350764993578
0.00010838884190889075
4.2353181925136596e-05
