0.00010195583308814093
0.00043493363773450255
0.0004173381894361228
0.00038482900708913803
0.0002840401139110327
0.00011036363139282912
0.0001471365540055558
0.00018172523414250463
0.0003139895270578563
0.0003968909732066095
0.00018525590712670237
0.0001765189808793366
0.00027091967058368027
0.000575700425542891
0.0004726219631265849
0.0006610475829802454
0.00048693447024561465
0.00023860506189521402
0.0002672910923138261
0.0001693510275799781
0.00020790610869880766
0.00025203957920894027
0.00029119124519638717
0.00045625047641806304
0.00042617987492121756
0.00037043701740913093
0.00020286852668505162
0.000158988666953519
0.0004954023170284927
0.0014819090720266104
0.0026166592724621296
0.004230695776641369
0.004750603344291449
0.004317990504205227
0.0034425912890583277
0.002476068213582039
0.0019621283281594515
0.00100168795324862
0.0002777360496111214
7.724460738245398e-05
0.00030695958412252367
0.00039244393701665103
0.0003227130218874663
0.0002849676529876888
0.00011160535359522328
0.00013127661077305675
0.00032720703165978193
0.0005432299221865833
0.0004361585306469351
0.00014808998093940318
7.199907850008458e-05
0.00010560992814134806
0.00010434951400384307
0.00011679664748953655
0.00011564468877622858
8.409763540839776e-05
4.9339738325215876e-05
0.00012044712639180943
0.00014061378897167742
0.0002102250000461936
0.000314275297569111
0.00033142001484520733
8.955618977779523e-05
3.69109729945194e-05
