0.00010464133083587512
0.00038596600643359125
0.0003994005674030632
0.000370765250409022
0.00022337328118737787
0.00012109218369005248
0.00015035306569188833
0.00017568118346389383
0.0002693937858566642
0.0004380136088002473
0.00022855705174151808
0.00016760303697083145
0.00025496180751360953
0.0006296380888670683
0.000573638069909066
0.0005885162972845137
0.00045068611507304013
0.00024949631188064814
0.0002796716580633074
0.00017291010590270162
0.00019496899039950222
0.00022028031526133418
0.0003294667403679341
0.0004052725853398442
0.00039079171256162226
0.0003262904065195471
0.00014601449947804213
0.00015234280726872385
0.00036196940345689654
0.0009197717881761491
0.0020803629886358976
0.004009549971669912
0.005121593829244375
0.004764920566231012
0.003965161740779877
0.0027121896855533123
0.002353047952055931
0.0014249581145122647
0.00039989425567910075
6.054515688447282e-05
0.00016446081281173974
0.00043377981637604535
0.0003466047055553645
0.00024811647017486393
9.938042785506696e-05
0.00014778078184463084
0.0003798874095082283
0.0005463772104121745
0.0004215177905280143
0.00017742595809977502
7.997043576324359e-05
0.00010821680189110339
0.00010756507253972813
0.0001263059239136055
0.00010298717097612098
8.658964361529797e-05
6.37317425571382e-05
0.00010699751874199137
0.0001553348993184045
0.00019339442951604724
0.00032712635584175587
0.0003446151677053422
0.00011061796976719052
4.0378399717155844e-05
