9.68692620517686e-05
0.0002835584164131433
0.00039290773565880954
0.0003658740606624633
0.0002723709330894053
0.00010103407112183049
0.00012979732127860188
0.0001516097254352644
0.0003346215235069394
0.00038333109114319086
0.00024242485233116895
0.00018079375149682164
0.0002493086503818631
0.0005651816609315574
0.0006046661292202771
0.0005399395595304668
0.0004939957871101797
0.00023612160293851048
0.0002721474156714976
0.00016758662241045386
0.0001805096835596487
0.00020551243505906314
0.0002640977909322828
0.00040010371594689786
0.00038261490408331156
0.0003185080422554165
0.00018580084724817425
0.00017510521865915507
0.0004753083048854023
0.0011410824954509735
0.002684767125174403
0.004240390378981829
0.004896270111203194
0.004485487937927246
0.003621937707066536
0.0026238029822707176
0.0022112075239419937
0.0013397728325799108
0.0003669661527965218
4.754447581944987e-05
0.00029348029056563973
0.00039222234045155346
0.00034854290424846113
0.0002763208176475018
0.00011873964831465855
0.00013806040806230158
0.00030020257690921426
0.0005123926093801856
0.0004103432293049991
0.000202550261747092
8.582841110182926e-05
9.92779023363255e-05
0.00011842734238598496
0.00011296675802441314
0.0001246957981493324
8.330008131451905e-05
7.164585258578882e-05
8.324023656314239e-05
0.00014740583719685674
0.00016550804139114916
0.00030012265779078007
0.00036544023896567523
0.00011485179129522294
4.139570955885574e-05
