9.850360220298171e-05
0.0003605930251069367
0.00041330442763864994
0.00037672044709324837
0.00024270423455163836
0.00011097701644757763
0.00014861763338558376
0.0001781945611583069
0.00026982766576111317
0.00044954815530218184
0.00025479233590885997
0.00016120380314532667
0.0002664450730662793
0.0005498265381902456
0.0006369167822413146
0.0006743896519765258
0.0004858273605350405
0.000247143761953339
0.00027968661743216217
0.00016821589088067412
0.00019352811796125025
0.00023387755209114403
0.00030082580633461475
0.0004281546571291983
0.00041177289676852524
0.000355476513504982
0.0002108234039042145
0.0001414665166521445
0.0004126705462113023
0.0010197678348049521
0.0027986422646790743
0.004279864951968193
0.004920828156173229
0.004526746459305286
0.003612578148022294
0.0027437920216470957
0.0020548952743411064
0.0013263184810057282
0.00018197207828052342
7.900080527178943e-05
0.00033115167752839625
0.000419117568526417
0.0003733702178578824
0.0002495599037501961
9.934708941727877e-05
0.00012724375119432807
0.0003664874529931694
0.0005731294513680041
0.00045569322537630796
0.0001962462702067569
8.319723565364257e-05
0.00011667322542052716
0.00012489121581893414
0.00012737706128973514
0.00011330337292747572
8.864097617333755e-05
6.821989518357441e-05
0.0001006243473966606
0.0001742749009281397
0.00020316362497396767
0.00034741280251182616
0.0003332452033646405
0.00010514241148484871
3.931620085495524e-05
