9.795751248020679e-05
0.0003236843622289598
0.00037316305679269135
0.0003396875981707126
0.00020904313714709133
9.910353401210159e-05
0.00013706821482628584
0.00016621858230791986
0.00036986856139265
0.0003845298197120428
0.00027732286253012717
0.00021631389972753823
0.0002823495597112924
0.0005494095385074615
0.0005360223585739732
0.0005419813096523285
0.00030891940696164966
0.00024367666628677398
0.0002503409923519939
0.000165418692631647
0.00017483292322140187
0.00019050798437092453
0.00029049089062027633
0.0003610193671192974
0.00036862678825855255
0.0003347113379277289
0.00016582630632910877
0.00022164732217788696
0.0005055453511886299
0.0010989060392603278
0.0025257819797843695
0.004010282922536135
0.004497939255088568
0.004108893219381571
0.002789984457194805
0.0023376450408250093
0.001819371129386127
0.0009683785028755665
0.00023950269678607583
7.504188397433609e-05
0.00030746322590857744
0.0003391630307305604
0.0003370152262505144
0.00025370021467097104
0.00010017552995122969
9.618108015274629e-05
0.00025772457593120635
0.0004978406941518188
0.00048726360546424985
0.0002542686997912824
7.159144297474995e-05
9.741142275743186e-05
0.00010119283979292959
0.00012685010733548552
0.00011830766743514687
8.072687342064455e-05
7.403953350149095e-05
0.00010963303793687373
0.00015317399811465293
0.00023158860858529806
0.0003147839743178338
0.0003317043010611087
0.00011539036495378241
3.621105497586541e-05
