0.0001010263804346323
0.00035899554495699704
0.0003956230357289314
0.00034843009780161083
0.000292073906166479
0.00011013488983735442
0.0001453133882023394
0.00017617021512705833
0.0003115207073278725
0.0003493726544547826
0.00025965450913645327
0.00022021858603693545
0.00023289016098715365
0.0005990437348373234
0.0005308313993737102
0.0006539535243064165
0.000399161217501387
0.00023980189871508628
0.00034409158979542553
0.0001781461905920878
0.00018991575052496046
0.00020232964016031474
0.0002692831913009286
0.00038742186734452844
0.00037770785274915397
0.000302770669804886
0.00019195819913875312
0.00012511468958109617
0.0003506293287500739
0.0012433358933776617
0.0031956066377460957
0.004173501394689083
0.004693558439612389
0.004085364751517773
0.0031911490950733423
0.0023785463999956846
0.0019271696219220757
0.0006976710283197463
0.00018599364557303488
9.224178938893601e-05
0.00029929980519227684
0.0004151240282226354
0.0003346215817146003
0.00027442051214165986
9.912829409586266e-05
9.235119068762287e-05
0.00030081084696576
0.0005408073193393648
0.0004900911008007824
0.000242958587477915
7.91560232755728e-05
7.917098264442757e-05
0.0001226611784659326
0.00010563611431280151
0.00011294033902231604
8.055959915509447e-05
5.471056283568032e-05
0.0001077605047612451
0.00015949393855407834
0.0001821590994950384
0.0003121808113064617
0.0002455475623719394
8.44129899633117e-05
3.1536743335891515e-05
