9.955732093658298e-05
0.0004024674417451024
0.0003879151481669396
0.00036725043901242316
0.00023594209051225334
0.0001111482415581122
0.000136653907247819
0.00014593971718568355
0.000222702044993639
0.0004132539907004684
0.0002568419149611145
0.0001694566453807056
0.00025545404059812427
0.000494671578053385
0.0004547871358226985
0.0004839421308133751
0.00037866344791837037
0.00019402294128667563
0.00023398226767312735
0.00015706582053098828
0.00021740324154961854
0.00022479465405922383
0.00033382215769961476
0.0004250307392794639
0.0003907281206920743
0.00030643411446362734
0.00014959006512071937
0.00017060678510461003
0.0004750857478938997
0.001207869965583086
0.0028592413291335106
0.004464117810130119
0.004761053714901209
0.0041648526675999165
0.0035266245249658823
0.0024312858004122972
0.0018490164075046778
0.0011690602404996753
0.00016831784159876406
8.086057641776279e-05
0.0003372078645043075
0.0003622910298872739
0.000344201922416687
0.0002248582459287718
8.295880252262577e-05
0.00012649667041841894
0.00036492972867563367
0.0005238055600784719
0.00040171941509470344
0.0001885621895780787
8.080167754087597e-05
9.058585419552401e-05
0.0001241272984771058
0.00010707232286222279
0.00013256502279546112
8.361425716429949e-05
7.932059088489041e-05
0.00011029449524357915
0.00015102808538358659
0.00020805204985663295
0.0003274223709013313
0.00019918414182029665
8.970317867351696e-05
3.81492827727925e-05
