9.606139064999297e-05
0.000296379963401705
0.0003826448228210211
0.00036321807419881225
0.000246955081820488
0.00012619185145013034
0.00014827356790192425
0.00016209705790970474
0.0003305758291389793
0.00036162600736133754
0.00018489686772227287
0.00017544181901030242
0.00023989165492821485
0.0005456040380522609
0.0004475387977436185
0.0006384601001627743
0.0005799289210699499
0.00029141901177354157
0.00018790391914080828
0.00015088195505086333
0.00017401765217073262
0.00022082077339291573
0.00029286681092344224
0.00042954596574418247
0.00040896033169701695
0.0003464104374870658
0.0002391137386439368
9.012207010528073e-05
0.0007392134284600616
0.0012492469977587461
0.002375638345256448
0.004040772095322609
0.004712034482508898
0.004361286293715239
0.0036405487917363644
0.0024383377749472857
0.0020722842309623957
0.001316673937253654
0.0003285625425633043
5.52940255147405e-05
0.00015192391583696008
0.00037257850635796785
0.00032063087564893067
0.00024174799909815192
6.806467717979103e-05
0.0001329979277215898
0.00033954449463635683
0.0005056351074017584
0.0004176523652859032
0.0001939329958986491
7.374031702056527e-05
8.648666698718444e-05
0.00012293046165723354
0.00010957071935990825
0.00013654450594913214
8.262857591034845e-05
6.637667684117332e-05
0.00012732885079458356
0.00014151385403238237
0.00025209944578818977
0.00032563030254095793
0.0002835913037415594
9.464014874538407e-05
4.058784543303773e-05
