9.835034870775416e-05
0.00027775909984484315
0.0003771374758798629
0.0003426553448662162
0.00020952183695044369
8.256702130893245e-05
0.00010740145808085799
0.0001616268273210153
0.00034665048588067293
0.00037211450398899615
0.00024948042118921876
0.00020335156295914203
0.00029754851129837334
0.0005788040580227971
0.0005813156603835523
0.0005885162972845137
0.00039029898471198976
0.00024375147768296301
0.00021834851941093802
0.0001582821278134361
0.0002000668173423037
0.00023342874192167073
0.00026785285444930196
0.0004132736648898572
0.00037183245876803994
0.000285858113784343
0.00017415608454030007
0.00018923635070677847
0.0005341217620298266
0.0009840053971856833
0.002807851182296872
0.004201618954539299
0.004541227128356695
0.004099919460713863
0.00348918279632926
0.002367544686421752
0.0018605629447847605
0.000868038332555443
0.00023836569744162261
6.0006583225913346e-05
0.000223524883040227
0.0003666071279440075
0.000313527270918712
0.00025311674107797444
0.00010312275844626129
0.00011724547221092507
0.0003291011380497366
0.0006147570675238967
0.0005985397729091346
0.0003182248619850725
0.00011630295921349898
0.00015745930431876332
0.0001922275114338845
0.000171626903465949
0.00013124849647283554
7.055373134789988e-05
6.165223749121651e-05
6.020106593496166e-05
0.00013247525203041732
0.00021434358495753258
0.00033064503804780543
0.0002719905460253358
8.572821388952434e-05
3.3619056921452284e-05
