0.00010174167255172506
0.00043057824950665236
0.0004186547303106636
0.0003901399904862046
0.0002652646799106151
9.484958718530834e-05
0.0001304855104535818
0.0001670788915362209
0.0002816015621647239
0.00041551183676347136
0.0002531005011405796
0.000192701569176279
0.0003077057481277734
0.0006067961221560836
0.0005824441905133426
0.0006179435877129436
0.0004654361982829869
0.00024584593484178185
0.00028650861349888146
0.00017391584697179496
0.00019445663201622665
0.00023737830633763224
0.0002760362403932959
0.00043831279617734253
0.00042332240263931453
0.0003739378007594496
0.000247267191298306
0.0001472593139624223
0.000492510327603668
0.001223345985636115
0.0026646736077964306
0.004578506574034691
0.004997238051146269
0.00463795056566596
0.00376133993268013
0.0027892813086509705
0.0022133616730570793
0.0011804884998127818
0.00027578193112276495
7.068838021950796e-05
0.0002390089794062078
0.0003952911647502333
0.0003519656020216644
0.00020147589384578168
9.25755884964019e-05
0.0001274344976991415
0.00036090813227929175
0.0005603811587207019
0.00044561541290022433
0.00019204799900762737
7.788438233546913e-05
8.904492278816178e-05
0.00013246029266156256
0.00012001315189991146
0.00015596325101796538
8.946654270403087e-05
6.791495979996398e-05
0.00010559505608398467
0.00015927325875964016
0.00025550482678227127
0.00037017519935034215
0.0002626101195346564
8.408737630816177e-05
3.6718687624670565e-05
