0.00010966049740090966
0.00045964651508256793
0.0004325713380239904
0.00032524572452530265
0.000151789266965352
0.00011084236757596955
0.00017053345800377429
0.00018841258133761585
0.0003031895321328193
0.00032013526652008295
0.00016256517847068608
0.00012991523544769734
0.0003215311444364488
0.0004925146931782365
0.0006351307965815067
0.0005860683741047978
0.0004023595538455993
0.00030356357456184924
0.00032468780409544706
0.00018754486518446356
0.00018653304141480476
0.00022263491700869054
0.00027668228722177446
0.00040811783401295543
0.0003521702310536057
0.0002857306390069425
0.0002029990719165653
0.00013499923807103187
0.0007621179684065282
0.0013133228057995439
0.0030661101918667555
0.005216353572905064
0.006056774873286486
0.005344310309737921
0.00431932182982564
0.003091303864493966
0.002502413932234049
0.0012402748689055443
0.00038030833820812404
0.00012409643386490643
0.0002809694560710341
0.00031029581441543996
0.00025344587629660964
0.00020304395002312958
6.818415567977354e-05
9.572289854986593e-05
0.00020407621923368424
0.00029677149723283947
0.0002409089938737452
0.00015042786253616214
4.904029265162535e-05
7.155608909670264e-05
6.985059735598043e-05
7.492399890907109e-05
7.399114838335663e-05
4.24887657572981e-05
3.813432340393774e-05
4.703582089859992e-05
5.71640812268015e-05
5.8847512264037505e-05
7.348351209657267e-05
6.68566208332777e-05
4.892084689345211e-05
3.405010647838935e-05
