0.00010014560393756256
0.0004264613089617342
0.0004142563557252288
0.0004035147139802575
0.00021278223721310496
0.00010583349649095908
0.00014963494322728366
0.00017431977903470397
0.0003050595987588167
0.0004630874318536371
0.0002779063070192933
0.00016199231322389096
0.00019716446695383638
0.00041338862502016127
0.0007324363687075675
0.00048276048619300127
0.0007000019541010261
0.00019881012849509716
0.0003098469751421362
0.00017425994155928493
0.00017164186283480376
0.00023054135090205818
0.00022337527479976416
0.0004200011899229139
0.0003913140681106597
0.0003380245470907539
0.0002623324398882687
0.00014469807501882315
0.0004475772147998214
0.0010741639416664839
0.0024239257909357548
0.004716920666396618
0.004968562629073858
0.00454059150069952
0.003360157134011388
0.0027372525073587894
0.0020440546795725822
0.0010421430924907327
0.00035098110674880445
7.490724237868562e-05
0.0002887492591980845
0.00039975219988264143
0.00033845953294076025
0.0002846428833436221
9.165365918306634e-05
0.00011095083027612418
0.0003303727717138827
0.0005471056792885065
0.0004596016078721732
0.0002369444555370137
8.268670353572816e-05
9.839524136623368e-05
0.00012019513815175742
0.00013157656940165907
0.0001259541604667902
8.421299571637064e-05
5.849556691828184e-05
0.0001147816437878646
0.00014884579286444932
0.0002202803298132494
0.00035474065225571394
0.00027829903410747647
8.847456047078595e-05
3.908712096745148e-05
