9.769208554644138e-05
0.00028974004089832306
0.0003903841134160757
0.0003666022967081517
0.0002649913658387959
0.00010376604768680409
0.0001246957981493324
0.0001693609228823334
0.00033197569428011775
0.0003882766468450427
0.00020791358838323504
0.0001880535128293559
0.00026800247724168
0.0004717345873359591
0.0005942124989815056
0.0004619953397195786
0.0005404847324825823
0.0002462782431393862
0.00020859710639342666
0.00015670433640480042
0.00019113539019599557
0.0002396822237642482
0.0002601332089398056
0.0004407364467624575
0.0004196570662315935
0.0003621489158831537
0.0001759866572683677
0.0001473746815463528
0.0006555477739311755
0.0012825789162889123
0.0025267840828746557
0.0039956215769052505
0.004808605182915926
0.0044335899874567986
0.0037114315200597048
0.0024771003518253565
0.0020853597670793533
0.0012859301641583443
0.00036322607775218785
6.21459330432117e-05
0.0002544248418416828
0.0003802929713856429
0.0003224537067580968
0.0002404097031103447
6.831900827819481e-05
0.00011815805919468403
0.0003025462501682341
0.0005148208583705127
0.0004707172920461744
0.000236256280913949
8.012845501070842e-05
8.680704195285216e-05
0.00010701028077164665
0.0001324256882071495
0.00010020544868893921
8.241742034442723e-05
7.558045763289556e-05
7.207970338640735e-05
0.00014741312770638615
0.0002677780867088586
0.0003296397044323385
0.0002916998928412795
9.957711154129356e-05
3.9675254811299965e-05
