9.617310570320114e-05
0.00039064561133272946
0.0003805503365583718
0.0003648333076853305
0.00023572564532514662
0.00012396926467772573
0.0001413112913724035
0.0001582821278134361
0.0002745252277236432
0.00038841954665258527
0.0002612103708088398
0.00016682458226568997
0.0002772360749077052
0.0005153537495061755
0.0005306939128786325
0.0005784030072391033
0.0005280908662825823
0.0002450231113471091
0.0002950959315057844
0.00016577247879467905
0.00019543047528713942
0.00023361820785794407
0.00037500745384022593
0.00043748613097704947
0.00041047134436666965
0.0003663079405669123
0.00024387118173763156
0.00010029521945398301
0.00025951984571292996
0.001141994260251522
0.0024918250273913145
0.003939459566026926
0.004533695988357067
0.004141613375395536
0.003146164119243622
0.0022841421887278557
0.0018657619366422296
0.0008431889582425356
0.0002964124723803252
7.822847692295909e-05
0.00022508077381644398
0.0004226940800435841
0.0003198405902367085
0.0002483488351572305
8.70280564413406e-05
0.00011245577479712665
0.0004323585599195212
0.0005136539111845195
0.0004147799627389759
0.00020081482944078743
6.884800677653402e-05
8.905088907340541e-05
0.00010126764391316101
0.00011003449617419392
0.00011336214083712548
8.104415610432625e-05
5.5173404689412564e-05
0.00011304904182907194
0.00015484121104236692
0.0001960274821612984
0.00031683355337008834
0.0003375388914719224
8.262857591034845e-05
2.9549797545769252e-05
