0.00010018955799750984
0.0002805543190333992
0.0004070897994097322
0.00038989182212390006
0.00025253131752833724
0.00011405046097934246
0.00013989659782964736
0.00016661512199789286
0.0003320932446513325
0.00040767373866401613
0.0002541939029470086
0.00018180004553869367
0.00021411472698673606
0.00039358093636110425
0.0006530799437314272
0.0006110192043706775
0.00044414689182303846
0.0002483318094164133
0.0002673526469152421
0.0001632189378142357
0.0002060379192698747
0.00022885082580614835
0.0002998085110448301
0.00041295477421954274
0.0003966328513342887
0.0003480860323179513
0.00022285165323410183
0.0001065337419277057
0.0002826038980856538
0.0007696879911236465
0.0024370618630200624
0.0037805193569511175
0.004922226537019014
0.004455559886991978
0.0031367773190140724
0.0026173905935138464
0.0020221348386257887
0.000989449443295598
0.00022419063316192478
8.063711720751598e-05
0.0003119564207736403
0.0004048761329613626
0.00035273877438157797
0.0002892613410949707
0.00012466587941162288
8.383866224903613e-05
0.00025084277149289846
0.000539120112080127
0.00047070038272067904
0.00022585770057048649
8.229785453295335e-05
0.00010548738646320999
0.00012085476919310167
0.00011960876872763038
0.00012944605259690434
8.806125697446987e-05
6.283411494223401e-05
9.368828614242375e-05
0.0001488298730691895
0.00018699507927522063
0.0003225521941203624
0.00029691270901821554
9.785291331354529e-05
3.937604924431071e-05
