0.00010010072583099827
0.00039168185321614146
0.0003694281040225178
0.00035387574462220073
0.0002733284200076014
9.592674905434251e-05
0.00015032048395369202
0.00017356386524625123
0.0003586032835301012
0.00037814167444594204
0.00024665379896759987
0.00016648047312628478
0.0002746440877672285
0.0006662211380898952
0.0006067382637411356
0.000524500326719135
0.00045302274520508945
0.0003178630431648344
0.00024138958542607725
0.0001726292393868789
0.0002084981242660433
0.00023628711642231792
0.00041816383600234985
0.0004462036013137549
0.00040674617048352957
0.0003413687809370458
0.00021311237651389092
0.0001696873951004818
0.000506116368342191
0.0011408020509406924
0.0031802833545953035
0.004330826923251152
0.004816115368157625
0.004407275002449751
0.0036849218886345625
0.0023719239979982376
0.0015704939141869545
0.0009655659087002277
0.00023839563073124737
7.204977737274021e-05
0.0002511577622499317
0.000395668059354648
0.00033737433841452
0.00019409757805988193
9.216587932314724e-05
0.00011978567636106163
0.0003224306565243751
0.0005303947255015373
0.0004199263930786401
0.00022397369320970029
7.343736797338352e-05
0.00013813220721203834
0.00011338564945617691
0.00012373905337881297
9.752752521308139e-05
8.283630450023338e-05
6.282325921347365e-05
0.00015447280020453036
0.00015193887520581484
0.00018610864935908467
0.00033399081439711154
0.00025660774554125965
6.415437383111566e-05
3.595008820411749e-05
