0.000149425512063317
0.0006101790932007134
0.0008093332871794701
0.0009853736264631152
0.0007172813639044762
0.0004652120696846396
0.00039882154669612646
0.00028058423777110875
0.0004618129460141063
0.0004905848763883114
0.00030853046337142587
0.0002262027992401272
0.00024078928981907666
0.000514431856572628
0.0006768113817088306
0.0008351847063750029
0.0006380786071531475
0.0006074795965105295
0.0005551693611778319
0.00034970176056958735
0.00020332819258328527
0.00015102628094609827
0.000383577193133533
0.0004405606596264988
0.0004453143628779799
0.0004491442523431033
0.0002839967783074826
0.00015566499496344477
0.00025506180827505887
0.0007331508095376194
0.0029136675875633955
0.005243506748229265
0.007075779605656862
0.007129801902920008
0.006286507938057184
0.005413757171481848
0.0049074324779212475
0.003981004934757948
0.0014652018435299397
0.00035459388163872063
0.00019478575268294662
0.0005458788364194334
0.000657813623547554
0.0007771762902848423
0.0005954595981165767
0.00027744253748096526
0.0003609370905905962
0.0006399953854270279
0.0007324962061829865
0.0005172295495867729
0.0002426144783385098
0.0002029242750722915
0.00020627540652640164
0.0001981817913474515
0.00029313607956282794
0.00017657881835475564
8.992001676233485e-05
8.738954784348607e-05
0.0001087731434381567
0.0002260980982100591
0.00044850094127468765
0.0005060989060439169
0.00021477298287209123
8.23426089482382e-05
