0.00014241372991818935
0.0005761234206147492
0.000998389208689332
0.0009249059949070215
0.0006585981464013457
0.00047424796503037214
0.0004616811347659677
0.00021681252110283822
0.0006035534897819161
0.0004656438541132957
0.00026468370924703777
0.0001764086337061599
0.00042514194501563907
0.0006041098386049271
0.0006279222434386611
0.0007019618060439825
0.0008863798575475812
0.0005317262257449329
0.0005643555778078735
0.00022923978394828737
0.00029548490419983864
0.00016912849969230592
0.00046745591680519283
0.0005006084102205932
0.000524098810274154
0.0004984840052202344
0.00022802798775956035
0.0001561577373649925
0.0002347003755858168
0.0007649579201824963
0.0027872207574546337
0.005504072178155184
0.007076228503137827
0.007093238644301891
0.006480935029685497
0.005544313695281744
0.004920265171676874
0.0020247732754796743
0.0007406047661788762
0.0002474616630934179
0.0003486246569082141
0.000496643828228116
0.0005712518468499184
0.0006275931373238564
0.0005110508063808084
0.00021879735868424177
0.0001477499317843467
0.0006176444003358483
0.0007289974601007998
0.0004585066926665604
0.00023215428518597037
0.00022487412206828594
0.00018907083722297102
0.00021486276818905026
0.00025782932061702013
0.00017644416948314756
9.896372648654506e-05
8.579106361139566e-05
0.00011602458835113794
0.00020855964976362884
0.0006079724407754838
0.00039974466199055314
0.0001817401935113594
7.432377606164664e-05
