0.00010315267718397081
0.0003229107242077589
0.00039229157846421003
0.00037960842018947005
0.00015588750829920173
0.000113223897642456
0.0001474207965657115
0.00018920813454315066
0.0004288428172003478
0.00041434611193835735
0.0002462349075358361
0.00018018811533693224
0.0002886193396989256
0.0007445468218065798
0.0005547541659325361
0.0006443255115300417
0.00043191350414417684
0.0002694985014386475
0.00027920788852497935
0.00016924816009122878
0.00017200090223923326
0.0002344873355468735
0.0003272223984822631
0.00042127937194891274
0.00039126857882365584
0.00031285404111258686
0.0001801599864847958
0.0001440696360077709
0.0004884903901256621
0.0011361903743818402
0.0024615114089101553
0.004050376825034618
0.0050401631742715836
0.004571151919662952
0.0039017293602228165
0.002630116418004036
0.0022555955220013857
0.001464064815081656
0.0004044272645842284
5.5623153457418084e-05
0.0003003794699907303
0.00040472851833328605
0.0003454125253483653
0.00018982448091264814
8.82220920175314e-05
0.00011787380935857072
0.0003093084378633648
0.0005355112953111529
0.0005264002829790115
0.00017738647875376046
7.316817209357396e-05
0.00011990001803496853
0.0001190098628285341
0.0001243217702722177
0.0001221225829795003
8.309063559863716e-05
7.297733100131154e-05
9.07055291463621e-05
0.0001675725943641737
0.00017816462786868215
0.0003048800863325596
0.000372516515199095
0.00012043204333167523
3.7860423617530614e-05
