9.510297968517989e-05
0.0002578143321443349
0.0003696634666994214
0.00035307163489051163
0.00021438307885546237
0.00011099196854047477
0.00014204997569322586
0.0001676773390499875
0.0002461601106915623
0.00039225033833645284
0.00020736749866046011
0.0001595732319401577
0.0003027145576197654
0.0005689965328201652
0.0005299571203067899
0.0005774212186224759
0.00038313010009005666
0.0002427248255116865
0.00022823744802735746
0.00015368925232905895
0.0001788677618606016
0.00022168472060002387
0.000248075055424124
0.00040035980055108666
0.000385853840271011
0.0003363213036209345
0.0001217597964568995
0.00015746116696391255
0.0004812055267393589
0.0011643311008810997
0.0029132310301065445
0.0041104466654360294
0.004475531168282032
0.0041302163153886795
0.003196251578629017
0.002438816474750638
0.0019990524742752314
0.0011299069738015532
0.00029000936774536967
6.522779585793614e-05
0.00023452084860764444
0.000386818777769804
0.000317446916596964
0.00025042385095730424
7.200677646324039e-05
0.00011667065700748935
0.00032691474189050496
0.0005334541201591492
0.0003757545491680503
0.00022215805074665695
7.264259329531342e-05
0.00010902747453656048
0.00011187277414137498
0.0001262105506611988
0.00011398688366170973
8.322902431245893e-05
6.833489896962419e-05
0.00010815321729751304
0.00015030817303340882
0.0001967605494428426
0.00030953282839618623
0.0003060170856770128
0.00010023536742664874
4.1036659240489826e-05
