9.902918100124225e-05
0.00023993654758669436
0.00041015862370841205
0.0003733066259883344
0.00026815207093022764
0.00010250936611555517
0.00013103906530886889
0.0001685567549429834
0.00033525991602800786
0.0003263334510847926
0.00022190166055224836
0.00017523238784633577
0.0002576946571934968
0.0005698188324458897
0.0006183491786941886
0.0005741313216276467
0.0005280137411318719
0.0002709870459511876
0.00023372794385068119
0.00015731810708530247
0.00018880715651903301
0.0002191414387198165
0.00033611763501539826
0.0004193242348264903
0.00040989817352965474
0.00034943156060762703
0.0002096116222674027
0.00010463375656399876
0.0002956195385195315
0.0007925027748569846
0.0019001037580892444
0.003902596887201071
0.00495888851583004
0.004251386038959026
0.003474561730399728
0.002704754238948226
0.0021739257499575615
0.0009966347133740783
0.0002479703398421407
9.828210022533312e-05
0.00029560457915067673
0.00038421209319494665
0.00036247973912395537
0.0002556924882810563
0.00012437741679605097
0.00015898713900242
0.0003393491206225008
0.0006024895119480789
0.0004904652014374733
0.0002623335749376565
6.14998207311146e-05
0.00010464872320881113
0.00011585537868086249
0.00012270839943084866
9.64204446063377e-05
9.229665010934696e-05
6.2430182879325e-05
8.692051778780296e-05
0.00016028851678129286
0.0002422105462756008
0.00036154905683360994
0.00031547961407341063
7.89290206739679e-05
3.7004807381890714e-05
