9.981882612919435e-05
0.0002991950896102935
0.0003943682531826198
0.0003609260602388531
0.0002486625744495541
0.00010719948477344587
0.00013510830467566848
0.00015053257811814547
0.000217959561268799
0.0004347223148215562
0.00025896631996147335
0.00017590202332939953
0.0002673064882401377
0.0005161151639185846
0.0004988336586393416
0.0005969886551611125
0.00039579879376105964
0.00024502965970896184
0.00023654146934859455
0.00015243816596921533
0.000181050127139315
0.00021748270955868065
0.00030449486803263426
0.0003908553044311702
0.0003830665082205087
0.00030434151994995773
0.00017355680756736547
0.00014438381185755134
0.00040918472222983837
0.0009811846539378166
0.0019974366296082735
0.004076766781508923
0.004891475196927786
0.004418523982167244
0.0033162494655698538
0.0024858489632606506
0.001950797508470714
0.0009694148902781308
0.00022826499480288476
7.214521610876545e-05
0.000250639277510345
0.00034978121402673423
0.0003255704650655389
0.00023516413057222962
8.926932059694082e-05
0.00010635421494953334
0.0003258247743360698
0.0005268341046757996
0.0004995611379854381
0.00022961379727348685
7.635841029696167e-05
8.4212668298278e-05
0.00013845945068169385
0.00010904710507020354
0.00011241732136113569
8.149795030476525e-05
7.101458322722465e-05
9.798058454180136e-05
0.00014892526087351143
0.00022546226682607085
0.00034045055508613586
0.0002527866745367646
7.83649884397164e-05
3.439793363213539e-05
