0.00010073000157717615
0.000280165346339345
0.0004122366663068533
0.00038240040885284543
0.0002413634501863271
0.00011972516222158447
0.00014414070756174624
0.00016472542483825237
0.0003424692840781063
0.0004285410395823419
0.00021396978991106153
0.00017440954979974777
0.00028567080153152347
0.0005348978447727859
0.0006409529014490545
0.00056437001330778
0.0006314379279501736
0.00021866272436454892
0.00029805247322656214
0.00017980963457375765
0.00019203856936655939
0.0002108132466673851
0.00031314202351495624
0.00040339500992558897
0.0003913518157787621
0.0003458419523667544
0.0002177529240725562
0.00013748047058470547
0.00041528858128003776
0.0010900672059506178
0.0024694856256246567
0.00405333936214447
0.005112363025546074
0.004695758689194918
0.0042894757352769375
0.00277696899138391
0.002173340180888772
0.0011573077645152807
0.00011861247912747785
6.45845866529271e-05
0.0003457278944551945
0.00041040685027837753
0.0003538504824973643
0.0002475065703038126
0.00010764456237666309
0.00010958569328067824
0.00033020824776031077
0.0005675565917044878
0.000516915344633162
0.0002520994166843593
8.645674824947491e-05
9.588187094777822e-05
0.00013189179298933595
0.00013178707740735263
0.0001503231469541788
9.090001549338922e-05
8.237252768594772e-05
0.00011337104660924524
0.00015803493442945182
0.00019954534946009517
0.00037224162952043116
0.00030381791293621063
0.0001033172375173308
3.918155925930478e-05
