0.00010599500819807872
0.0003880006552208215
0.00042656477307900786
0.0003970909456256777
0.00018302680109627545
0.0001306074409512803
0.00014182557060848922
0.00017935548385139555
0.0003401362628210336
0.000364213454304263
0.0002441703400108963
0.00017572606157045811
0.00028181244852021337
0.0005336207686923444
0.0005482846754603088
0.000617923098616302
0.00038017347105778754
0.0002246169897262007
0.00022201385581865907
0.00020250538364052773
0.00019282592984382063
0.0002279892796650529
0.00026258674915879965
0.0004494154709391296
0.0004176346701569855
0.00034056181902997196
0.00015243818052113056
0.00018203565559815615
0.0004581093380693346
0.001100765890441835
0.0027288978453725576
0.004422297235578299
0.005280952900648117
0.004762826021760702
0.00375749496743083
0.0029420426581054926
0.0025302250869572163
0.0014851890737190843
0.00034763722214847803
0.00012137455632910132
0.00033015565713867545
0.000502324546687305
0.0003846463223453611
0.00021088604989927262
0.00012903433525934815
0.0001579081144882366
0.00029123612330295146
0.0005577873671427369
0.00060099340043962
0.00023504142882302403
0.00010265695163980126
0.0001219854093506001
0.00011908575106645003
0.00013160733215045184
0.00011962419375777245
9.897868585539982e-05
7.309702050406486e-05
7.61339979362674e-05
0.00015587348025292158
0.0001441594067728147
0.00028974004089832306
0.0002880886313505471
8.925855945562944e-05
4.0233644540421665e-05
