0.00011055811773985624
0.00028838092111982405
0.000439593568444252
0.0003915163688361645
0.00024301842495333403
9.291292371926829e-05
0.00012843259901273996
0.00018098604050464928
0.00035498832585290074
0.00038621382554993033
0.0002552822988945991
0.00020244553161319345
0.00031547213438898325
0.0005791958537884057
0.0006752124754711986
0.0005927950260229409
0.000563502311706543
0.00023303975467570126
0.000284578709397465
0.00017494811618234962
0.00020905806741211563
0.00023957750818226486
0.0003099965979345143
0.0004322483146097511
0.00041025097016245127
0.0003939848393201828
0.00020213736570440233
0.0001682106521911919
0.0004982942482456565
0.001188357942737639
0.002654620911926031
0.005175299942493439
0.005451401695609093
0.00477326987311244
0.0035410914570093155
0.0028785206377506256
0.002315003192052245
0.0013329660287126899
0.0003541001642588526
5.5847562180133536e-05
0.00014255863789003342
0.00046139690675772727
0.00035563443088904023
0.00024497072445228696
9.871896327240393e-05
0.0001919226924655959
0.00039717144682072103
0.0006140389014035463
0.0005068768514320254
0.0002555254031904042
8.925436122808605e-05
0.00010617468797136098
0.00014700190513394773
0.0001203273277496919
0.0001522829697933048
8.497566159348935e-05
7.957562775118276e-05
0.00012172389688203111
0.00016692619828972965
0.00021805854339618236
0.0004138243675697595
0.00025340664433315396
8.262499613920227e-05
3.546294101397507e-05
