5.5454907851526514e-05
0.00014947037561796606
0.00021238999033812433
0.00018604133219923824
0.00011693129636114463
7.526628905907273e-05
9.716846398077905e-05
0.00019071462156716734
0.0003526041400618851
0.0004996060160920024
0.00031576224137097597
0.0002501321432646364
0.0004372066759970039
0.0008729827823117375
0.0008895515347830951
0.0009611524874344468
0.0009466558112762868
0.00040034306584857404
0.0005533441435545683
0.00027808581944555044
0.00022545763931702822
0.00024365546414628625
0.00037864752812311053
0.0003949572565034032
0.00033978294231928885
0.00025901119806803763
0.00014625387848354876
0.0001082921662600711
0.00035784184001386166
0.0009341421537101269
0.002125668805092573
0.0039103650487959385
0.004333997145295143
0.004168788902461529
0.0035972229670733213
0.003126790514215827
0.0028685121797025204
0.0017865535337477922
0.0006154901348054409
9.561257320456207e-05
0.000329837464960292
0.0004632369091268629
0.0003706787247210741
0.00018737655773293227
7.421625923598185e-05
9.998291352530941e-05
0.00025245288270525634
0.0004080626822542399
0.0003476970596238971
0.00018736535275820643
9.125906217377633e-05
9.321890684077516e-05
0.00013014143041800708
0.0001261619181605056
0.00013754509564023465
9.79498217930086e-05
6.619977648369968e-05
0.00011316031304886565
0.00014577514957636595
0.0001730481453705579
0.00026417255867272615
0.0003228177665732801
0.00011886119318660349
4.076737241121009e-05
