3.614457818912342e-05
4.582682959153317e-05
7.163089321693406e-05
7.296237163245678e-05
5.091059210826643e-05
4.616811565938406e-05
4.3518073653103784e-05
5.9715937823057175e-05
6.820493581471965e-05
6.974586722208187e-05
5.866013088962063e-05
4.221854032948613e-05
4.23980709456373e-05
4.181807526038028e-05
4.6640572691103444e-05
6.73671456752345e-05
4.975863703293726e-05
4.5853939809603617e-05
6.199258496053517e-05
5.1040053222095594e-05
4.959406942361966e-05
4.010911288787611e-05
4.567441646941006e-05
5.451607285067439e-05
5.4770400311099365e-05
4.440457632881589e-05
4.297947816667147e-05
4.814039857592434e-05
5.072265412309207e-05
4.55397748737596e-05
5.1509014156181365e-05
0.00017303315689787269
0.00023765618971083313
0.0001620372204342857
0.00013476421008817852
0.00022819578589405864
0.00014224446204025298
0.00010451407433720306
4.836730659008026e-05
7.98142864368856e-05
5.377818888518959e-05
4.853265636484139e-05
4.210265979054384e-05
4.768660437548533e-05
4.332561729825102e-05
4.660197009798139e-05
4.905549212708138e-05
6.180183845572174e-05
6.65144034428522e-05
6.48388231638819e-05
5.294521906762384e-05
4.326905764173716e-05
4.587143848766573e-05
4.5556091208709404e-05
4.9339738325215876e-05
4.438033283804543e-05
4.221854396746494e-05
4.1964216507039964e-05
4.3149531848030165e-05
4.659442856791429e-05
6.229554128367454e-05
5.3738131100544706e-05
4.810963218915276e-05
4.3002550228266045e-05
