9.882908489089459e-05
0.00035171950003132224
0.0004342942265793681
0.0004229340411256999
0.0002101502032019198
0.00012129882088629529
0.00014997905236668885
0.00016013723507057875
0.0002142493613064289
0.00046054410631768405
0.0002996140392497182
0.00019833013357128948
0.0003065248893108219
0.0007122153183445334
0.0006125980289652944
0.0006645128014497459
0.0005418311338871717
0.00029644236201420426
0.00033246728708036244
0.0001856598537415266
0.0001759056031005457
0.0002482856798451394
0.0003539884346537292
0.0004542008973658085
0.0004355002602096647
0.0003389056073501706
0.0001265443570446223
0.00015938920842017978
0.00048455572687089443
0.001147321192547679
0.002183036645874381
0.004074253607541323
0.005050875246524811
0.004648257978260517
0.003933730069547892
0.00270225596614182
0.0021318576764315367
0.001056042849086225
0.000284812122117728
0.00011012426693923771
0.00033175572752952576
0.0003904990735463798
0.0003457820857875049
0.0002731638087425381
0.00012086590868420899
8.680084283696488e-05
0.0002176453999709338
0.000565001682844013
0.00036497737164609134
0.0002103615115629509
8.304575749207288e-05
7.768988871248439e-05
0.00012255644833203405
0.00012596954184118658
0.00012592339771799743
8.594808605266735e-05
6.967013177927583e-05
9.805114677874371e-05
0.00017234501137863845
0.00017161194409709424
0.0003196311299689114
0.000413343746913597
0.00013901300553698093
3.940432725357823e-05
