9.47502048802562e-05
0.00040322201675735414
0.00039295258466154337
0.00037633144529536366
0.0002546726609580219
0.00010891245619859546
0.00014116230886429548
0.00015934246766846627
0.00039675255538895726
0.0003585883241612464
0.00022760909632779658
0.00016686946037225425
0.0002261280023958534
0.0005674167769029737
0.0005609021754935384
0.0006633206503465772
0.0004459426854737103
0.00022594848996959627
0.0002774873864836991
0.00015804274880792946
0.00017054974159691483
0.00022255243675317615
0.00027862441493198276
0.0004341687890700996
0.00041199728730134666
0.00036413868656381965
0.00024268928973469883
0.00014580397692043334
0.00047989649465307593
0.0011570232454687357
0.0030176383443176746
0.0041163526475429535
0.0047173164784908295
0.004254887346178293
0.0035058443900197744
0.002423511818051338
0.002064160769805312
0.000980715500190854
0.00020222965395078063
7.531407027272508e-05
0.00037693080957978964
0.000360097415978089
0.000326991721522063
0.00023116968804970384
8.686068031238392e-05
0.000110573077108711
0.0002933754585683346
0.0004902706714347005
0.0004364277992863208
0.0002184981422033161
7.546078268205747e-05
8.582841110182926e-05
0.00012538398732431233
0.00011942817945964634
0.00011497085506562144
8.462781988782808e-05
6.289395969361067e-05
8.294103463413194e-05
0.00015849157352931798
0.00020286804647184908
0.0003184849920216948
0.00020419590873643756
7.912610453786328e-05
3.922644100384787e-05
