4.7454719606321305e-05
6.624592060688883e-05
9.170787961920723e-05
8.089144102996215e-05
5.625774429063313e-05
4.711744622909464e-05
5.0596419896464795e-05
5.474048157338984e-05
7.031436689430848e-05
7.340660522459075e-05
6.335772923193872e-05
5.031705950386822e-05
6.073964686947875e-05
7.014979928499088e-05
7.339622243307531e-05
6.269947334658355e-05
7.782454486005008e-05
4.636259836843237e-05
5.715470251743682e-05
5.525493179447949e-05
6.021228546160273e-05
5.8606838138075545e-05
6.51558002573438e-05
7.342148455791175e-05
5.955776578048244e-05
6.059003862901591e-05
5.281809717416763e-05
5.015041460865177e-05
6.307347939582542e-05
0.00014389012358151376
0.00024111740640364587
0.0004512075684033334
0.0004581887915264815
0.00042954503442160785
0.00029763916973024607
0.00022304613958112895
0.00017984020814765245
0.00011372975131962448
8.038277883315459e-05
4.4582302507478744e-05
6.547678640345111e-05
6.282325193751603e-05
6.561676855199039e-05
5.3027506510261446e-05
3.9675254811299965e-05
4.471694410312921e-05
6.847422628197819e-05
9.736295032780617e-05
8.150482608471066e-05
4.003430876764469e-05
3.934612686862238e-05
4.1064318793360144e-05
4.346026253188029e-05
4.844211071031168e-05
5.2391686040209606e-05
4.301793160266243e-05
3.679816290969029e-05
4.2949737689923495e-05
4.345838897279464e-05
4.3116171582369134e-05
5.061138654127717e-05
5.3438918257597834e-05
4.3071286199847236e-05
3.452884266152978e-05
