0.00010292614751961082
0.0004314156249165535
0.00041549807065166533
0.00038890016730874777
0.00026035765768028796
0.00010206054867012426
0.00011965409794356674
0.00015758884546812624
0.0003083323535975069
0.00035618714173324406
0.00024912229855544865
0.00017758116882760078
0.00022868624364491552
0.0003991911362390965
0.0005559565615840256
0.0005325440433807671
0.000504255061969161
0.00021599725005216897
0.00022816449927631766
0.00016335840336978436
0.00016970444994512945
0.00021540132001973689
0.00023523895652033389
0.0003921596799045801
0.0003581245255190879
0.00032408940023742616
0.00022831223031971604
9.742279507918283e-05
0.00048718019388616085
0.0011271113762632012
0.0029524366836994886
0.004005082417279482
0.0046967449598014355
0.0043753040954470634
0.003320810617879033
0.0025979275815188885
0.0018570913234725595
0.0012379596009850502
0.00019832859106827527
6.0115889937151223e-05
0.00029903053655289114
0.00037885981146246195
0.00033649164834059775
0.00022593452013097703
9.854975360212848e-05
0.00015280376828741282
0.0002881317923311144
0.0005448465817607939
0.0004475541936699301
0.00020279883756302297
8.161331788869575e-05
9.408874757355079e-05
0.00010222418495686725
0.00011187892232555896
0.00011301163613097742
8.521501877112314e-05
7.318678399315104e-05
7.912610453786328e-05
0.00016063092334661633
0.00016793164832051843
0.00030496984254568815
0.0003478616417851299
0.00011356517643434927
3.9046914025675505e-05
