3.678788198158145e-05
5.967745164525695e-05
5.077594687463716e-05
5.828533539897762e-05
6.760370888514444e-05
3.768551141547505e-05
7.32373955543153e-05
5.10901227244176e-05
0.00010548737918725237
7.898286276031286e-05
6.680893420707434e-05
5.658810550812632e-05
6.516795110655949e-05
8.053238707361743e-05
7.918594928923994e-05
8.222292672144249e-05
6.187664257595316e-05
5.1927905587945133e-05
5.3573563491227105e-05
4.763424294651486e-05
4.067760892212391e-05
5.2915300329914317e-05
5.274163413560018e-05
6.506145291496068e-05
7.106073462637141e-05
7.329430809477344e-05
4.984839688404463e-05
5.4321590141626075e-05
7.77347813709639e-05
9.216231410391629e-05
0.00028586527332663536
0.00018827793246600777
0.00019725422316696495
0.00017922684492077678
0.0002237642474938184
7.305214239750057e-05
6.895296246511862e-05
0.00012668485578615218
8.31285142339766e-05
5.4578085837420076e-05
4.8816124035511166e-05
5.5727876315359026e-05
5.23916824022308e-05
5.7223929616156965e-05
4.3240983359282836e-05
3.714786362252198e-05
4.308625284465961e-05
4.8621634050505236e-05
4.3968921090709046e-05
4.1949253500206396e-05
3.870282671414316e-05
4.2667357774917036e-05
3.918155925930478e-05
3.605481470003724e-05
3.9046914025675505e-05
3.8358732126653194e-05
3.918155925930478e-05
3.78650329366792e-05
4.031074422528036e-05
4.338712096796371e-05
5.077085006632842e-05
3.962756818509661e-05
3.829234265140258e-05
3.0471739592030644e-05
