0.0001003495417535305
0.0003517522709444165
0.00039006053702905774
0.0003597776812966913
0.00020118516113143414
9.409643826074898e-05
0.0001299383002333343
0.00017693787231110036
0.0003386609023436904
0.00040014859405346215
0.00024014973314478993
0.00015798289678059518
0.00021695721079595387
0.00039639350143261254
0.0006558385794050992
0.00044495530892163515
0.0006256483029574156
0.00021247057884465903
0.00022585758415516466
0.00014653631660621613
0.00020416225015651435
0.0002150188956875354
0.0003142388304695487
0.0003929376252926886
0.00036777497734874487
0.0003072924737352878
0.00016610833699814975
0.00015111886023078114
0.0004926942638121545
0.0011953891953453422
0.002591428579762578
0.004124984610825777
0.004745427053421736
0.0042555006220936775
0.0032930164597928524
0.002488635014742613
0.0019785119220614433
0.0011019010562449694
0.00028637395007535815
6.123333878349513e-05
0.0001954440085683018
0.0003927281650248915
0.0003127044183202088
0.00024177480372600257
8.21132562123239e-05
0.00011903960694326088
0.00030606338987126946
0.0005366809782572091
0.0004069097922183573
0.00018755141354631633
7.351591921178624e-05
0.00010031017882283777
0.00011559980339370668
0.00011109670595033094
0.00012438162229955196
8.006861753528938e-05
7.635841029696167e-05
6.263962859520689e-05
0.00015416095266118646
0.00020411403966136277
0.00036047890898771584
0.00023819459602236748
8.49616335472092e-05
3.657842898974195e-05
