9.206693357555196e-05
0.0002961876743938774
0.00038969118031673133
0.00037486536893993616
0.00021954298426862806
0.00012865845928899944
0.00015048770001158118
0.0001634584623388946
0.00022838704171590507
0.0003535577270668
0.00022784197062719613
0.00018342422845307738
0.00031221075914800167
0.0005341049400158226
0.0006163428188301623
0.0004467804974410683
0.0004864780930802226
0.0001703103625914082
0.00025849873782135546
0.000157181202666834
0.00019342302402947098
0.00022147249546833336
0.00032661770819686353
0.00041361304465681314
0.0003988619428128004
0.00033542944584041834
0.00021347701840568334
0.00014830345753580332
0.0003759724204428494
0.000944217259529978
0.0018939399160444736
0.0036275330930948257
0.0045560565777122974
0.004140169359743595
0.003502508159726858
0.0022688466124236584
0.0020565008744597435
0.0012809780891984701
0.0001969072181964293
7.57370944484137e-05
0.00023595640959683806
0.0003532305418048054
0.0003161603235639632
0.0002510222839191556
9.218661580234766e-05
9.639052586862817e-05
0.0003180733765475452
0.0005030398024246097
0.00027373700868338346
0.0001436161546735093
6.672384188277647e-05
9.748263983055949e-05
0.00011978875409113243
0.00012091630924260244
8.442118269158527e-05
8.39602216728963e-05
6.830965139670298e-05
9.876924013951793e-05
0.00015789314056746662
0.00018024414021056145
0.00030309977591969073
0.0003248823049943894
0.0001084187751985155
3.602646029321477e-05
