9.869589121080935e-05
0.00034721833071671426
0.00041504029650241137
0.0003943066985812038
0.00016758662241045386
0.00011872374307131395
0.00014380690117832273
0.00016124224930536002
0.0003548201057128608
0.0004084666434209794
0.0002450829488225281
0.0001803787745302543
0.0002508577308617532
0.00048213216359727085
0.0006700360681861639
0.00047442750656045973
0.0007322269375436008
0.0002611303061712533
0.00028036648291163146
0.00016013160347938538
0.00021139471209608018
0.000226292570005171
0.0003041021409444511
0.00042924677836708724
0.0004183854616712779
0.000366891355952248
0.0002472223131917417
0.00011025890853488818
0.00028611961170099676
0.0007871618727222085
0.0017157004913315177
0.003987018950283527
0.00514256814494729
0.004740310367196798
0.00407518120482564
0.0026538826059550047
0.002206836361438036
0.0012452895753085613
0.0003106628719251603
8.113080548355356e-05
0.00030827801674604416
0.0004172101034782827
0.0003553959249984473
0.000276963779469952
0.00011094709043391049
0.00010218023817287758
0.00031862882315181196
0.0005594779504463077
0.0004908691626042128
0.00023324918583966792
8.603785681771114e-05
0.00010493296576896682
0.0001327295758528635
0.00013326815678738058
0.00013241541455499828
8.9763016148936e-05
6.860887515358627e-05
0.00010060938075184822
0.00016490963753312826
0.00020464471890591085
0.0003554166469257325
0.00030884461011737585
0.00010632428893586621
3.882250530296005e-05
