9.788470197236165e-05
0.0002588316856417805
0.00038593076169490814
0.00035660044522956014
0.00019411626271903515
0.00010961561201838776
0.00012698474165517837
0.00014755544543731958
0.00023802160285413265
0.00037675152998417616
0.00022535765310749412
0.00018454715609550476
0.00024419385590590537
0.0005955580272711813
0.0005366968689486384
0.0005857037613168359
0.00043692151666618884
0.00027648231480270624
0.00025856905267573893
0.00015722274838481098
0.00019187500583939254
0.00020915344066452235
0.0002913015487138182
0.00037754327058792114
0.0003654851170722395
0.00030492496443912387
0.0001839842734625563
0.0001344500487903133
0.00041678466368466616
0.0010612831683829427
0.0023125498555600643
0.004238704685121775
0.004520613234490156
0.004087495617568493
0.003245873376727104
0.0023113221395760775
0.002005198737606406
0.0006719996454194188
0.00016192781913559884
8.763208461459726e-05
0.00032844944507814944
0.0003732112527359277
0.00034773070365190506
0.00022868906671646982
8.631275704829022e-05
0.0001278954732697457
0.00027810517349280417
0.0005286537343636155
0.00040185500984080136
0.00016712564683984965
7.249953341670334e-05
8.73510871315375e-05
0.00010263745934935287
0.00012989831157028675
0.00012439281272236258
8.016118226805702e-05
5.963256262475625e-05
9.704878175398335e-05
0.00015178928151726723
0.0001936487533384934
0.00031972091528587043
0.00030769268050789833
0.00010161173850065097
3.871778244501911e-05
