9.582699567545205e-05
0.0003596723545342684
0.0003853226953651756
0.0003740873944479972
0.00026438201894052327
0.00010773058602353558
0.0001392523554386571
0.00016119610518217087
0.000441021635197103
0.000323029060382396
0.00021706194092985243
0.00016468520334456116
0.00023631611838936806
0.00046370079508051276
0.00053808419033885
0.00043566484237089753
0.0006287001888267696
0.00019345426699146628
0.00030015260563232005
0.00016151358431670815
0.0001621120172785595
0.00022606815036851913
0.00029863021336495876
0.0004046413814648986
0.0003849308704957366
0.00032716087298467755
0.00014028462464921176
0.00014963494322728366
0.00044440178317017853
0.001048327423632145
0.0023485147394239902
0.004001051653176546
0.004596734419465065
0.004256846848875284
0.003506622277200222
0.002352764829993248
0.001867607468739152
0.0006307189469225705
0.00016175296332221478
9.063073230208829e-05
0.0002594001707620919
0.0004048162663821131
0.0003327066369820386
0.00027142843464389443
0.0001069077625288628
9.754248458193615e-05
0.00026581823476590216
0.0004886250244453549
0.00047604323481209576
0.00019477051682770252
7.228366303024814e-05
9.345036232843995e-05
0.0001089792640414089
0.00013037517783232033
0.00011010837624780834
8.235756831709296e-05
6.203104567248374e-05
0.00014054830535314977
0.00014480830577667803
0.0001974038314074278
0.0003149185795336962
0.0002940487174782902
0.00010330228542443365
3.7670550227630883e-05
