0.00010639496758813038
0.0003445702895987779
0.00039922105497680604
0.00037588580744341016
0.00011459745292086154
0.00010735657997429371
0.00013406107609625906
0.00016621118993498385
0.00033915170934051275
0.00028901261975988746
0.00021066352201160043
0.0001744394685374573
0.00025295218802057207
0.0005345985991880298
0.0006573346327058971
0.0005415253690443933
0.0006635432364419103
0.00022677129891235381
0.00031348239281214774
0.00016492641589138657
0.00021842335991095752
0.00021827373711857945
0.00030279456404969096
0.0003793833893723786
0.00037161889486014843
0.0003337837988510728
0.00020217128621879965
0.0001659032132010907
0.0006673104944638908
0.001274874317459762
0.0031640755478292704
0.00434806477278471
0.00481707276776433
0.0044605787843465805
0.003917213529348373
0.0026432517915964127
0.002014066791161895
0.001117404899559915
0.00020486913854256272
9.028919885167852e-05
0.00025846142671070993
0.0003774076758418232
0.0003410097269807011
0.00024337747890967876
9.628580301068723e-05
0.00014022938557900488
0.00047770387027412653
0.0005633676773868501
0.00043755138176493347
0.00019847626390401274
7.008341344771907e-05
0.00010901718633249402
0.00012162889470346272
0.00011464233830338344
0.0001417208550265059
8.675596473040059e-05
6.473071698565036e-05
0.00016956235049292445
0.00015864118176978081
0.00020009673608001322
0.0003094580315519124
0.00026838327175937593
6.0164598835399374e-05
3.687764183268882e-05
