0.00011517343227751553
0.0004519459616858512
0.00045608592336066067
0.00044845606316812336
0.0003529182868078351
0.00012423130101524293
0.00018817133968695998
0.0002000668173423037
0.0003237901837565005
0.0004640448896680027
0.000278175575658679
0.00017948115419130772
0.00021215488959569484
0.0006205719546414912
0.0006748423329554498
0.0007443748181685805
0.000630779773928225
0.0002645316126290709
0.0003302830155007541
0.00018233861192129552
0.00023469500592909753
0.0002788358833640814
0.00047316242125816643
0.0005139344721101224
0.0004586815775837749
0.0003765492874663323
0.00022304612502921373
0.0002235886495327577
0.0008509515319019556
0.0014417287893593311
0.002916512778028846
0.0049385069869458675
0.005593418143689632
0.005117868538945913
0.004100808873772621
0.0029345860239118338
0.002333344891667366
0.0013172425096854568
0.0003934612323064357
7.706155884079635e-05
0.00021788474987260997
0.00045225603389553726
0.0003444506146479398
0.0003183295775670558
0.00011699113383656368
7.52812484279275e-05
0.00027774175396189094
0.0006384477019309998
0.000511854188516736
0.00022761893342249095
7.514659955631942e-05
0.00010586051212158054
0.00012854064698331058
0.00012393281213007867
0.00012320064706727862
9.408104961039498e-05
6.157742609502748e-05
0.00013482407666742802
0.0001729100913507864
0.0002372562448726967
0.00041407867684029043
0.0002873912744689733
9.146852244157344e-05
3.9824863051762804e-05
