0.00010339204163756222
0.00030004107975400984
0.0003890478692483157
0.0003688063006848097
0.0003051343956030905
9.315904753748327e-05
0.00012037220585625619
0.0001630189799470827
0.00030450205667875707
0.00035604502772912383
0.0002493214560672641
0.00019140468793921173
0.0002648607478477061
0.0004915273748338223
0.0007207971066236496
0.0006040201405994594
0.00045683770440518856
0.00024768576258793473
0.0002539695124141872
0.00017837408813647926
0.00018423859728500247
0.00020460630184970796
0.0003525152860675007
0.0003948525700252503
0.00037790232454426587
0.0003250019799452275
0.00016975932521745563
0.00016522638907190412
0.00046389838098548353
0.0013256951933726668
0.002778736874461174
0.004688677377998829
0.004759407602250576
0.004332497250288725
0.003177470061928034
0.0022423244081437588
0.0014909058809280396
0.0008013257174752653
0.0002047644229605794
7.658281538169831e-05
0.00024246487009804696
0.0004099925863556564
0.00030960762524046004
0.0003145445662084967
8.533594518667087e-05
0.00012053173850290477
0.00043768450268544257
0.000537815154530108
0.0003900148731190711
0.0001919078204082325
6.956634024390951e-05
8.917955710785463e-05
0.00010501051292521879
0.00012951309327036142
0.00011900987738044932
8.123553561745211e-05
8.180402801372111e-05
7.3530878580641e-05
0.00016122934175655246
0.0001581175602041185
0.0003354829386807978
0.0002587459748610854
6.892303645145148e-05
3.393042425159365e-05
