0.0001110462035285309
0.0004462294455152005
0.0003964028728660196
0.00038033691816963255
0.00021728973661083728
0.00011132959480164573
0.00015775548672536388
0.000194930711586494
0.0004261948342900723
0.00044954815530218184
0.00023027310089673847
0.00019266182789579034
0.00032390984415542334
0.0006420347781386226
0.00046046603529248387
0.0006601389613933861
0.00046229452709667385
0.00025263053248636425
0.00032075392664410174
0.0001653974031796679
0.00023420481011271477
0.00022811775852460414
0.00029346521478146315
0.00044947335845790803
0.00040997195173986256
0.00036162529431749135
0.0002003758418140933
0.00020227036293363199
0.0007468260882887989
0.0013925142702646554
0.0028491594130173326
0.005150896729901433
0.00522960745729506
0.0046275698114186525
0.0031835910631343722
0.0025959148770198226
0.0019002638873644173
0.0008638111175969243
4.9100017349701375e-05
0.00010975025361403823
0.00029251116211526096
0.00032781827030703425
0.00033308062120340765
0.00021644489606842399
6.312116602202877e-05
0.0001530459412606433
0.00040342099964618683
0.000598522019572556
0.00044673887896351516
0.0001590899919392541
7.064540113788098e-05
0.0001366941287415102
0.00012177849566796795
0.00012501580931711942
0.00011746287054847926
9.57705924520269e-05
5.164365938981064e-05
0.00010888253746088594
0.0001408087118761614
0.0002875339996535331
0.0003389978955965489
0.0001341715978924185
3.943588671972975e-05
3.45035623467993e-05
