9.964962373487651e-05
0.000379193079425022
0.00040194421308115125
0.0003758377570193261
0.0002470727195031941
0.00010606997238937765
0.00013626026338897645
0.00015626245294697583
0.00031615447369404137
0.0003662484814412892
0.00022841115423943847
0.00016845525533426553
0.0002534309169277549
0.0004705227620434016
0.0005198070430196822
0.0005405045812949538
0.00047767366049811244
0.00028192318859510124
0.00023070591851137578
0.00015467891353182495
0.00020024526747874916
0.00022272720525506884
0.0003421831934247166
0.00039384368574246764
0.00037338610854931176
0.00030112502281554043
0.0001764245389495045
0.0001543923863209784
0.00039857771480455995
0.00117307563778013
0.0026099185924977064
0.004539046436548233
0.004608613438904285
0.004159064963459969
0.003413311904296279
0.0024405070580542088
0.0019522709771990776
0.0010696760145947337
0.0003245980478823185
5.964752926956862e-05
0.00016990643052849919
0.000393506110413
0.00030268417322076857
0.0002125284227076918
8.60973887029104e-05
0.00015927325875964016
0.00036518400884233415
0.0004960519727319479
0.00040825718315318227
0.00021640367049258202
8.932916534831747e-05
0.00010633925558067858
0.00013790592493023723
8.946381421992555e-05
0.0001264910533791408
9.480470907874405e-05
6.929940718691796e-05
0.00010445673979120329
0.00013771890371572226
0.00022339583665598184
0.00032797257881611586
0.00025978911435231566
9.577714081387967e-05
3.575560185709037e-05
