9.622982906876132e-05
0.0003857565752696246
0.00037419164436869323
0.00034711233456619084
0.00014325058145914227
0.00010227000166196376
0.0001443987712264061
0.0001741851301630959
0.00035818794276565313
0.00036962502053938806
0.00021970448142383248
0.00016601670358795673
0.0002663875638972968
0.0005175457918085158
0.0005627557984553277
0.0005597173003479838
0.00036194903077557683
0.00025690175243653357
0.0003180453204549849
0.0001661962305661291
0.00017956313968170434
0.0002221634640591219
0.00030556830461136997
0.00039413291960954666
0.0003784448781516403
0.00030896306270733476
0.00017287163063883781
0.00012842311116401106
0.0005339786875993013
0.0011302839266136289
0.002489607548341155
0.003938996233046055
0.004500493407249451
0.004092655144631863
0.0032841148786246777
0.0024134668055921793
0.0019292616052553058
0.0009924648329615593
0.0002471774350851774
6.072468386264518e-05
0.00020753209537360817
0.00036107172491028905
0.0003069147060159594
0.0002349397400394082
9.131985279964283e-05
0.00010937624028883874
0.00030200768378563225
0.0005132350488565862
0.0003910224768333137
0.00018019381968770176
7.27605220163241e-05
0.00011441604874562472
0.00010998119978467003
0.00012840413546655327
0.00011325568630127236
7.941409421619028e-05
6.355221557896584e-05
9.182756912196055e-05
0.00015997266746126115
0.00017053476767614484
0.00028972511063329875
0.0003260342637076974
0.00011959426774410531
4.20689357270021e-05
