9.079528535949066e-05
0.00039370061131194234
0.00036747485864907503
0.000372516515199095
0.0002591561642475426
0.00010622575791785493
0.0001315304107265547
0.00015641206118743867
0.000313412252580747
0.00034232623875141144
0.00020551336638163775
0.00016647393931634724
0.0002744841040112078
0.0005882778787054121
0.0006791111081838608
0.0006310639437288046
0.00044476083712652326
0.00021599973842967302
0.0003014541289303452
0.00016184216656256467
0.00019576121121644974
0.00024164390924852341
0.00032889170688576996
0.0004047713882755488
0.0003712720063049346
0.00031770122586749494
0.00018775431090034544
0.00012444147432688624
0.0004075690230820328
0.0012537069851532578
0.0027973423711955547
0.004803652875125408
0.00490393303334713
0.004472038242965937
0.003568723564967513
0.002756712259724736
0.0020082828123122454
0.001140917418524623
0.00030883998260833323
8.480267570121214e-05
0.0003130148397758603
0.0004355601267889142
0.00043102336348965764
0.0003329478786326945
0.00015342369442805648
0.00012444147432688624
0.00033800263190642
0.0005691274418495595
0.0005261104670353234
0.00024353548360522836
8.399201033171266e-05
8.936470112530515e-05
0.00012680522922892123
0.00013592271716333926
0.0001474207965657115
0.00010415502765681595
9.04212865862064e-05
0.000103633756225463
0.00016784145554993302
0.000198591616936028
0.00036310168798081577
0.0002871070464607328
0.00011003449617419392
4.007919051218778e-05
