0.00010026492964243516
0.0003181351057719439
0.0004030659038107842
0.00037497005541808903
0.00022350403014570475
0.0001170782998087816
0.0001495359610999003
0.0001820936013245955
0.00041255270480178297
0.00037993694422766566
0.00023432639136444777
0.0001935851905727759
0.0003067555953748524
0.0005846685962751508
0.0006385467131622136
0.0006799548864364624
0.0004973469767719507
0.00023984677682165056
0.0002811826707329601
0.0001728386851027608
0.00022689593606628478
0.00023515649081673473
0.00029168761102482677
0.00041295061237178743
0.00037681954563595355
0.0003060170856770128
0.00017241979367099702
0.00010976521298289299
0.0005441810935735703
0.0012443128507584333
0.0026170716155320406
0.004385805688798428
0.004983211867511272
0.004621777683496475
0.0034885616041719913
0.0026334926951676607
0.0021513334941118956
0.0011535866651684046
0.0002779016213025898
8.264181815320626e-05
0.0003792700299527496
0.000413835106883198
0.00035081960959360003
0.00018581878975965083
0.00010306665353709832
0.00012759346282109618
0.00036965066101402044
0.0005564867751672864
0.0005081084673292935
0.0001749144576024264
6.939990998944268e-05
0.0001005710510071367
0.00011187277414137498
0.0001307566708419472
0.00011389431165298447
8.337488543475047e-05
7.16159338480793e-05
9.595666779205203e-05
0.00016715370293240994
0.0001991991011891514
0.0003247775894124061
0.00035088363802060485
0.00011986355093540624
4.230830381857231e-05
