0.00010151892638532445
0.0004314366087783128
0.00040601310320198536
0.00037286063889041543
0.00027881888672709465
9.468502685194835e-05
0.00014658090367447585
0.00020120669796597213
0.00033761351369321346
0.0003624659148044884
0.0002758208429440856
0.0001955627667484805
0.00029367467504926026
0.0005801084917038679
0.0006751525797881186
0.0005879478412680328
0.0004288718046154827
0.0002605688641779125
0.00027922281879000366
0.00016200730169657618
0.00019632668409030885
0.0002537151740398258
0.0002933754585683346
0.00042549168574623764
0.00040726977749727666
0.0003524096100591123
0.0001983014662982896
0.00013311856309883296
0.0004212578642182052
0.0011197489220649004
0.0025562113150954247
0.004421756137162447
0.00509032653644681
0.004546377807855606
0.0036766184493899345
0.0026766136288642883
0.0021639172919094563
0.0010719799902290106
0.00026144974981434643
7.488385745091364e-05
0.00028113776352256536
0.0004020784981548786
0.0003663976676762104
0.0002531317004468292
0.00010391565592726693
0.00015350971079897135
0.0003981289337389171
0.0005656566936522722
0.00045963155571371317
0.00023296494327951223
8.659138984512538e-05
8.639690349809825e-05
0.00014757040480617434
0.00011055811773985624
0.00013103232777211815
8.91739473445341e-05
7.10684253135696e-05
0.00015440734568983316
0.00016434113786090165
0.00020931240578647703
0.00032672242377884686
0.00039289271808229387
0.00013871378905605525
4.028863622806966e-05
