3.0743834940949455e-05
4.750970038003288e-05
6.25330358161591e-05
5.112004146212712e-05
5.173341924091801e-05
3.6398905649548396e-05
4.1650040657259524e-05
4.067760892212391e-05
4.727519262814894e-05
5.60270891583059e-05
4.968383291270584e-05
4.7186662413878366e-05
5.459347084979527e-05
6.180799391586334e-05
4.8741319915279746e-05
4.627283487934619e-05
4.515080217970535e-05
5.278065873426385e-05
5.363340460462496e-05
4.7963374527171254e-05
4.857675594394095e-05
4.4386997615220025e-05
5.6608612794661894e-05
7.182987610576674e-05
7.599935634061694e-05
6.620022759307176e-05
5.0192491471534595e-05
4.283192174625583e-05
5.9707366744987667e-05
0.0001072668019332923
0.00025613876641727984
0.0005320553900673985
0.0006975185824558139
0.000536480569280684
0.0003059095761273056
0.00015656590403523296
0.00013879110338166356
0.00014632096281275153
6.337549712043256e-05
4.8179364966927096e-05
5.9751313528977334e-05
7.256311073433608e-05
5.881347897229716e-05
4.530227670329623e-05
3.8403613871196285e-05
3.972294507548213e-05
4.752765016746707e-05
5.188610157347284e-05
4.781376992468722e-05
3.898706927429885e-05
3.524694693624042e-05
3.804456355283037e-05
3.9884704165160656e-05
4.241303031449206e-05
3.9046914025675505e-05
3.6383946280693635e-05
3.602489232434891e-05
3.509733869577758e-05
3.602489232434891e-05
4.261798312654719e-05
5.62701970920898e-05
5.719401087844744e-05
4.169492603978142e-05
3.3391843317076564e-05
