9.648846025811508e-05
0.0003519656020216644
0.0003937221481464803
0.00037090640398673713
0.00023342593340203166
0.0001179186801891774
0.00013922243670094758
0.0001533002796350047
0.00021430919878184795
0.00032633019145578146
0.00019413061090745032
0.00015278942009899765
0.0003056552668567747
0.0005338992341421545
0.0006032196688465774
0.0005724337534047663
0.0005619315197691321
0.0002759996277745813
0.0002628608781378716
0.00016151144518516958
0.00019516536849550903
0.00020076995133422315
0.00027774175396189094
0.00038829969707876444
0.0003766857262235135
0.0003052896645385772
0.00017758116882760078
0.00014309720427263528
0.00040797292604111135
0.0008808445418253541
0.0026085805147886276
0.0041669015772640705
0.004655597265809774
0.004234978463500738
0.003128719748929143
0.002383283106610179
0.002149689942598343
0.001467670314013958
0.00023333363060373813
0.00010179126547882333
0.0002855810453183949
0.0003982186899520457
0.00033133025863207877
0.00027036620303988457
0.00010147709690500051
9.266535198548809e-05
0.00027039615088142455
0.0005019697709940374
0.00042174189002253115
9.712359315017238e-05
7.513164746342227e-05
7.836311851860955e-05
0.00011748482938855886
0.00012269301805645227
0.00011735519365174696
8.491393964504823e-05
7.071829895721748e-05
7.746548362774774e-05
0.0001587608567206189
0.00020106564625166357
0.00034034388954751194
0.0002830276789609343
7.071829895721748e-05
3.747606388060376e-05
