4.205651202937588e-05
5.6639382819412276e-05
5.162869638297707e-05
5.240664540906437e-05
5.391765807871707e-05
5.484728535520844e-05
6.319244130281731e-05
5.142462032381445e-05
6.712777394568548e-05
7.233403448481113e-05
5.4875126807019114e-05
4.8448597226524726e-05
5.20553148817271e-05
7.48361781006679e-05
8.356937178177759e-05
8.72047821758315e-05
8.456681098323315e-05
7.048387487884611e-05
6.397696415660903e-05
6.493325781775638e-05
4.6192424633773044e-05
4.3347125028958544e-05
5.590459841187112e-05
7.55196888349019e-05
6.362315616570413e-05
4.4332646211842075e-05
5.789307761006057e-05
4.604936475516297e-05
7.322970486711711e-05
0.00016098997730296105
0.00028065903461538255
0.00039296754403039813
0.00042499799747020006
0.000436786882346496
0.000374102353816852
0.00029696448473259807
0.00021835848747286946
8.361051004612818e-05
9.371260239277035e-05
4.6018511056900024e-05
4.562953472486697e-05
8.096624515019357e-05
0.00011369983258191496
0.00010391565592726693
5.375309046939947e-05
6.298371590673923e-05
0.00010149204899789765
0.00014985936286393553
0.00012613199942279607
8.202844037441537e-05
4.414844806888141e-05
4.126106796320528e-05
3.967525844927877e-05
3.9675254811299965e-05
5.100035559735261e-05
4.354795237304643e-05
4.128737418795936e-05
4.937101766699925e-05
4.367939254734665e-05
4.6335488150361925e-05
5.851146488566883e-05
4.7940931835910305e-05
3.8801001210231334e-05
3.50524605892133e-05
