9.900861186906695e-05
0.0002694835129659623
0.00040045208879746497
0.00038248501368798316
0.00019557865743990988
0.00011355021706549451
0.0001446531096007675
0.00016806628264021128
0.0002751535503193736
0.00043909079977311194
0.00025251833721995354
0.00017410994041711092
0.00028557353653013706
0.0005504111177287996
0.0006151956622488797
0.0006755920476280153
0.00038846442475914955
0.00025785734760574996
0.0002632141695357859
0.00016157810750883073
0.00019682038691826165
0.00021564069902524352
0.00027825040160678327
0.000409574102377519
0.000396355171687901
0.0003250477893743664
0.0001741514861350879
0.00016899383626878262
0.000508088618516922
0.0010277268011122942
0.0021242271177470684
0.004072458483278751
0.005164725240319967
0.004756812006235123
0.004029746167361736
0.0028061417397111654
0.002370716305449605
0.0009857282275334
0.00023480269010178745
7.139146327972412e-05
0.00025389270740561187
0.00038006220711395144
0.0003628632694017142
0.0002460787945892662
0.00010007829405367374
0.00012032919039484113
0.0003557897580321878
0.0005719998735003173
0.000450251332949847
0.0002179296570830047
8.379377686651424e-05
9.99361727735959e-05
0.00013346265768632293
0.00014278292655944824
0.0001256234390893951
8.896730287233368e-05
7.395268767140806e-05
0.00014242398901842535
0.0001582241675350815
0.00022463194909505546
0.0003479364386294037
0.0003212319570593536
8.788948616711423e-05
3.7580120988423005e-05
