0.00010711026698118076
0.0004331943637225777
0.00045629721716977656
0.0004471993597690016
0.00031270444742403924
0.0001222123537445441
0.00015937424905132502
0.0002002145047299564
0.0003405515744816512
0.00038413150468841195
0.0002561088767834008
0.00020085970754735172
0.0003095496504101902
0.0006114806747063994
0.0006768580642528832
0.000623823085334152
0.0005908258026465774
0.00030634799622930586
0.00022316582908388227
0.00018171026022173464
0.00020681398746091872
0.0002855361672118306
0.00034596165642142296
0.0005282554193399847
0.0004918415215797722
0.00042070430936291814
0.00017741724150255322
0.00013483772636391222
0.000479957991046831
0.0014836256159469485
0.0030009658075869083
0.004854967352002859
0.005277467425912619
0.004833918064832687
0.003806744934991002
0.002800681395456195
0.002276270417496562
0.0013231817865744233
0.00041243116720579565
7.249859481817111e-05
0.0001992888719541952
0.00046051418757997453
0.0003493735857773572
0.0002517544780857861
0.00010800247400766239
0.00014094570360612124
0.00037983222864568233
0.0005795698962174356
0.0005095996311865747
0.00024545699125155807
8.21780413389206e-05
8.714493014849722e-05
0.0001368586963508278
0.00010520226351218298
0.0001272463268833235
9.394260996486992e-05
6.952706462470815e-05
9.631571447243914e-05
0.00017011041927617043
0.00022000445460435003
0.0003690466401167214
0.00030661551863886416
0.00010690776980482042
4.126106796320528e-05
