0.00016324901662301272
0.00045472357305698097
0.0007624769932590425
0.001007350510917604
0.0006110767717473209
0.0004984690458513796
0.0003408823104109615
0.0003003779274877161
0.00039061877760104835
0.0005729424301534891
0.00023818618501536548
0.00021459344134200364
0.00039687560638412833
0.0005975516396574676
0.000586116046179086
0.0006773882196284831
0.0008254906861111522
0.0004980651428923011
0.0007037869654595852
0.00030330990557558835
0.00018420866399537772
0.0001866612583398819
0.00027820549439638853
0.00048188085202127695
0.0004026672395411879
0.00046373685472644866
0.00022740151325706393
0.00013280438724905252
0.00024355697678402066
0.0008797716582193971
0.0022520229686051607
0.006049522664397955
0.006475681904703379
0.007044825702905655
0.005852728616446257
0.0059229531325399876
0.005445204675197601
0.003227683948352933
0.001981847919523716
0.00040596615872345865
0.0004182653792668134
0.0006842258735559881
0.0007967955316416919
0.0007412723498418927
0.0003646276891231537
0.00019691014313139021
0.0002930014452431351
0.0005743636866100132
0.0007684312877245247
0.0004860218905378133
0.0002731638087425381
0.00022044302022550255
0.00017337505414616317
0.0002995180257130414
0.00016497976321261376
0.0001597819064045325
9.481966844759881e-05
9.35629868763499e-05
0.00011760451161535457
0.0002078588295262307
0.00045294055598787963
0.000421434233430773
0.0001791862741811201
4.630368857760914e-05
