0.00010444135114084929
0.0003867439809255302
0.00041670986684039235
0.00039426053990609944
0.00024100964947137982
0.00011373255983926356
0.0001648049073992297
0.00018650230776984245
0.000395687558921054
0.0003730364260263741
0.00026106106815859675
0.00018683609960135072
0.00032267934875562787
0.0006662454688921571
0.0006710141897201538
0.0005892493645660579
0.0007110428414307535
0.0002797126944642514
0.0002945339947473258
0.0001768480724422261
0.00020359069458208978
0.00023086673172656447
0.00033401287510059774
0.00043825298780575395
0.00041241623694077134
0.0003483890905044973
0.00020345259690657258
0.00020953679631929845
0.0004940257640555501
0.0010918325278908014
0.0024553928524255753
0.004451587796211243
0.005173925310373306
0.004752069246023893
0.004129263572394848
0.002930164337158203
0.0026509116869419813
0.0017668504733592272
0.0004945494001731277
5.170350050320849e-05
0.0001049030470312573
0.00041238145786337554
0.00034733800566755235
0.00021516195556614548
0.00010674318764358759
8.793783490546048e-05
0.0002789685095194727
0.0005718652391806245
0.0005939768743701279
0.0002966518222820014
9.0750414528884e-05
0.00011084828292950988
0.00012764627172145993
0.0001211624257848598
0.00012160083861090243
8.674193668412045e-05
6.898288120282814e-05
0.00010292825754731894
0.0001772969262674451
0.00020196677360218018
0.00033583337790332735
0.0003788298927247524
9.776376828085631e-05
3.9720136555843055e-05
