0.00013418075104709715
0.0005483324057422578
0.0006747337174601853
0.0008153088856488466
0.0005480806576088071
0.0004339480947237462
0.0003022021846845746
0.00019529441487975419
0.00032118704984895885
0.00046409066999331117
0.0002797511697281152
0.0001852409477578476
0.00026723946211859584
0.0005132948863320053
0.0006269647856242955
0.0006869101780466735
0.0004583299742080271
0.0004786912177223712
0.0005314748850651085
0.0002120782301062718
0.00016946230607572943
0.00015768370940349996
0.0003267374122515321
0.00048543838784098625
0.00041510906885378063
0.0004346923960838467
0.00036014418583363295
0.00012472571688704193
0.00016743794549256563
0.00045273476280272007
0.0021564404014497995
0.005011192988604307
0.00643320893868804
0.006285340990871191
0.0057656290009617805
0.0051586804911494255
0.004624157212674618
0.0032013084273785353
0.0012654042802751064
0.0003295050701126456
0.000137920884299092
0.0004656606470234692
0.000575577316340059
0.0005976669490337372
0.0003285288985352963
0.00014293263666331768
0.0002630804665386677
0.0005986594478599727
0.0007559093646705151
0.0005461630644276738
0.00029445262043736875
0.0002125130413332954
0.0001438545878045261
0.00017731190018821508
0.0002285957452841103
0.0001468362897867337
7.043004006845877e-05
8.710496331332251e-05
0.00011325568630127236
0.00022641227405983955
0.0004083469684701413
0.0005160625441931188
0.00019343930762261152
5.649323793477379e-05
