3.261389792896807e-05
6.262327951844782e-05
6.270789162954316e-05
5.327435428625904e-05
4.754447581944987e-05
5.5084576160879806e-05
4.067205736646429e-05
3.481891326373443e-05
4.0487466321792454e-05
4.910037023364566e-05
4.9953119741985574e-05
5.39026950718835e-05
5.441134999273345e-05
7.242379797389731e-05
8.271662227343768e-05
6.3821513322182e-05
6.338765524560586e-05
5.173341924091801e-05
5.031217006035149e-05
4.708070628112182e-05
4.534528488875367e-05
4.663189247366972e-05
5.31247460457962e-05
5.829302972415462e-05
6.003743692417629e-05
5.0023245421471074e-05
4.779881055583246e-05
4.0587849071016535e-05
4.5180720917414874e-05
7.145135896280408e-05
0.00012201786739751697
0.00019106057879980654
0.00022434770653489977
0.00016796156705822796
0.00013859411410521716
0.00014568537881132215
0.00014350115088745952
8.681580220581964e-05
6.124829815234989e-05
3.7655587220797315e-05
4.4687025365419686e-05
5.110508209327236e-05
6.07546026003547e-05
5.854044866282493e-05
7.439858018187806e-05
5.1419250667095184e-05
4.8053138016257435e-05
8.478116797050461e-05
5.730084012611769e-05
4.687900946009904e-05
4.145555794821121e-05
3.7670550227630883e-05
3.837369513348676e-05
3.753590499400161e-05
3.7969763070577756e-05
3.9735099562676623e-05
3.868786006933078e-05
3.283830301370472e-05
3.743118213606067e-05
3.805952292168513e-05
4.462718061404303e-05
4.341788371675648e-05
3.849899076158181e-05
3.163211658829823e-05
