4.6602119255112484e-05
8.089143375400454e-05
8.931239426601678e-05
0.00012612338468898088
7.809476664988324e-05
7.406945223920047e-05
7.293245289474726e-05
7.204978464869782e-05
9.050917287822813e-05
9.492439130553976e-05
7.103246753104031e-05
5.4800322686787695e-05
6.534603016916662e-05
7.75599546614103e-05
8.705881919013336e-05
7.627549348399043e-05
7.513716991525143e-05
5.525287997443229e-05
4.4731907109962776e-05
3.768831447814591e-05
4.3340580305084586e-05
3.765652218135074e-05
5.665542630595155e-05
6.268450670177117e-05
6.760651740478352e-05
6.865375326015055e-05
5.8779813116416335e-05
3.879258656525053e-05
4.545001138467342e-05
7.381512114079669e-05
0.00014444364933297038
0.0003248380671720952
0.0003975604195147753
0.0003937455185223371
0.00044823167263530195
0.000326587789459154
0.00039031956112012267
0.00026697019347921014
0.00010385581845184788
6.275931082200259e-05
5.9812093240907416e-05
4.8755708121461794e-05
5.8254572650184855e-05
5.510110349860042e-05
4.5148444769438356e-05
4.477156835491769e-05
5.0261678552487865e-05
6.302579276962206e-05
6.452464731410146e-05
6.268450670177117e-05
4.676364187616855e-05
4.7709680075058714e-05
5.047088779974729e-05
6.279248918872327e-05
6.587673851754516e-05
4.5853943447582424e-05
3.799033220275305e-05
4.662160426960327e-05
5.2185037930030376e-05
5.332951695891097e-05
7.253132207551971e-05
6.027587369317189e-05
4.856085797655396e-05
3.5129130992572755e-05
