0.00010468799155205488
0.00030857534147799015
0.00043714005732908845
0.00041239685378968716
0.00028075871523469687
0.00013739726273342967
0.00015193887520581484
0.00015808764146640897
0.00023950269678607583
0.00046287797158584
0.0003051792737096548
0.00019676878582686186
0.00029379563056863844
0.0005589408683590591
0.0005421172245405614
0.0006190656567923725
0.00046729133464396
0.0002433924237266183
0.00030155887361615896
0.0001812464906834066
0.000178703194251284
0.0002215201675426215
0.00035106317955069244
0.0004129697335883975
0.0003899764269590378
0.0003344753640703857
0.00019298460392747074
0.00017054317868314683
0.0005488887545652688
0.0010293078375980258
0.003136538900434971
0.004764130339026451
0.00509802857413888
0.004466756246984005
0.003434770740568638
0.002826700219884515
0.0019864491187036037
0.0009762084227986634
0.0002094395604217425
7.76655797380954e-05
0.0003288150473963469
0.0003883120371028781
0.0003515774442348629
0.00022873115085531026
9.481967572355643e-05
0.00010922662477241829
0.00031351231154985726
0.0005339104682207108
0.0005304545629769564
0.00025387972709722817
8.540951239410788e-05
7.973948231665418e-05
0.00011717830057023093
0.00012572341074701399
0.00012543115008156747
8.567692566430196e-05
6.581125489901751e-05
0.00011239825835218653
0.00015915789117570966
0.00022194268240127712
0.00035460374783724546
0.0002254145801998675
8.144872117554769e-05
3.276069401181303e-05
