0.00010528373240958899
0.0002577395353000611
0.00039549588109366596
0.00036974038812331855
0.00027625926304608583
0.00010213534551439807
0.00014019488298799843
0.00016483484068885446
0.00017261429456993937
0.00037614733446389437
0.0002455475623719394
0.00019036185403820127
0.0002526313182897866
0.0005839982186444104
0.000630226160865277
0.0005988390184938908
0.0006223719683475792
0.0002816053165588528
0.0004206594603601843
0.00024233022122643888
0.00022214851924218237
0.00028387553174979985
0.00022704058210365474
0.00045002694241702557
0.00043530575931072235
0.0002961261197924614
0.00019790709484368563
0.00016046635573729873
0.0003507041255943477
0.0008964334847405553
0.0018287869170308113
0.003665472846478224
0.004841817542910576
0.004182815086096525
0.003307896666228771
0.0024187415838241577
0.0019543201196938753
0.0011038294760510325
0.00017807768017519265
8.295880252262577e-05
0.00026807820540852845
0.00038532272446900606
0.0003072447725571692
0.00024731206940487027
8.99724691407755e-05
0.00010874790314119309
0.0002665662323124707
0.0005363639793358743
0.0005613629473373294
0.0002740764175541699
7.586472202092409e-05
7.143639959394932e-05
0.00014264840865507722
0.00011145574535476044
0.00014813890447840095
8.312852150993422e-05
4.8756282922113314e-05
0.00010367629147367552
0.0001584018173161894
0.00018135122081730515
0.0003446483751758933
0.00027150596724823117
9.484250040259212e-05
3.225204272894189e-05
