9.847003821050748e-05
0.00021881233260501176
0.0003918817965313792
0.0003729246382135898
0.0002279035106766969
0.00011720058682840317
0.00013611065514851362
0.00016170807066373527
0.0002777118352241814
0.00039914625813253224
0.00024250974820461124
0.00016012226114980876
0.00020068019512109458
0.0004719753342214972
0.0005328900879248977
0.0005522493738681078
0.0004542918468359858
0.000292477838229388
0.00023730444081593305
0.0001679466076893732
0.00018925036420114338
0.00021929104696027935
0.0002816613996401429
0.000398727337596938
0.0003755086218006909
0.00031632487662136555
0.00020032112661283463
0.00012894456449430436
0.00036397407529875636
0.0009807657916098833
0.0020465070847421885
0.004125063307583332
0.004471073392778635
0.004112830851227045
0.003302074270322919
0.002360741375014186
0.0018074020044878125
0.0009263123502023518
0.0002460404357407242
8.110088674584404e-05
0.000240998764638789
0.0004014202277176082
0.00032881691004149616
0.0002706654486246407
9.90235639619641e-05
0.0001030628991429694
0.000306750152958557
0.0005125319003127515
0.000433899462223053
0.00015226640971377492
6.61572121316567e-05
0.0001093453902285546
0.00011835253098979592
0.00012028244964312762
0.00012652098666876554
8.590320794610307e-05
6.847643089713529e-05
0.0001143401677836664
0.0001619575486984104
0.00023568776668980718
0.000312689458951354
0.0002950510533992201
9.82157071121037e-05
3.910675513907336e-05
