0.00010427470988361165
0.0003024023026227951
0.00039376417407765985
0.0003711401950567961
0.0002842794929165393
0.00011845507106045261
0.00015698891365900636
0.00018625464872457087
0.00041067705024033785
0.000410231965361163
0.00023826096730772406
0.0001826677325880155
0.00023459566000383347
0.0004531686136033386
0.0007627313607372344
0.0005108712939545512
0.00046707491856068373
0.00026005349354818463
0.00023918012448120862
0.00016418498125858605
0.00021026612375862896
0.00022704059665556997
0.00030621158657595515
0.00042660461622290313
0.0004287486954126507
0.0003712017787620425
0.0001645505690248683
0.0001553470647195354
0.0005759429186582565
0.0010312612866982818
0.003249555826187134
0.004776163026690483
0.005003309343010187
0.004564438946545124
0.0036944965831935406
0.0025970761198550463
0.001968725584447384
0.0012308451114222407
0.00016485257947351784
8.016118226805702e-05
0.0002808834542520344
0.0004350664094090462
0.0003448096686042845
0.000316294957883656
8.777411858318374e-05
0.00011274805729044601
0.0004435490118339658
0.0005754819721914828
0.00048657823936082423
0.00021260278299450874
8.114670345094055e-05
8.074183278949931e-05
0.00011755963350879028
0.00011085732694482431
0.00012906425399705768
8.31953584565781e-05
7.98890832811594e-05
6.376166857080534e-05
0.00017066943109966815
0.00016975683683995157
0.0003398274420760572
0.00027983574545942247
9.608081018086523e-05
3.24586799251847e-05
