0.00011150205682497472
0.0004376246652100235
0.00047269734204746783
0.00044253916712477803
0.00019834634440485388
0.00012750782479997724
0.00017856855993159115
0.00020745981601066887
0.0005029123276472092
0.0004463366640266031
0.00026083033299073577
0.00020602151926141232
0.000401121040340513
0.0006310938624665141
0.0007547723944298923
0.0006865575560368598
0.00043195768375881016
0.000356250733602792
0.0003081564500462264
0.00019629676535259932
0.00021631392883136868
0.00026311035617254674
0.0002825590199790895
0.00048670716932974756
0.00045621467870660126
0.0003889534855261445
0.00014126361929811537
0.00014426413690671325
0.0004193877975922078
0.001399240456521511
0.0039233677089214325
0.005003749392926693
0.005505151581019163
0.005076801870018244
0.0037803095765411854
0.0027241730131208897
0.002305668080225587
0.0010355914710089564
6.164288788568228e-05
9.980806498788297e-05
0.0002879747189581394
0.0003900456358678639
0.0003513708070386201
0.00024063969613052905
0.00011830766015918925
0.00013899875921197236
0.0005202131578698754
0.0005981657886877656
0.0004917368059977889
0.0002506931487005204
8.52748635224998e-05
8.937690290622413e-05
0.00011699370224960148
0.00012051635712850839
0.00010373612894909456
9.090002276934683e-05
8.060719119384885e-05
8.9359084086027e-05
0.00018211420683655888
0.0002298648323630914
0.00035682658199220896
0.0002004707494052127
9.8499956948217e-05
3.344215656397864e-05
