0.00011590921349124983
0.0004025980015285313
0.0004640599072445184
0.0004445186641532928
0.00023079819220583886
0.00012309297744650394
0.0001609345927136019
0.00019339442951604724
0.00032256345730274916
0.0004570433811750263
0.0002752732834778726
0.00018060319416690618
0.00023615153622813523
0.0004962997045367956
0.0007551463786512613
0.0005471655167639256
0.00044756990973837674
0.00033358929795213044
0.0003128241514787078
0.00017108723113778979
0.0002742110809776932
0.00027150323148816824
0.00036304653622210026
0.0005102620925754309
0.000477619789307937
0.0003689708828460425
0.0002587568887975067
0.00018054670363198966
0.0008514760411344469
0.0015083329053595662
0.0034650780726224184
0.0050584799610078335
0.005450387950986624
0.004933020565658808
0.0036978921853005886
0.0029010511934757233
0.0024142214097082615
0.001359027111902833
0.00037019766750745475
7.592455949634314e-05
0.0002391586167505011
0.00040092127164825797
0.00034654318005777895
0.0002686524821911007
8.994255040306598e-05
0.00013639491226058453
0.0003260641824454069
0.0006216088659130037
0.0006484779878519475
0.00021107475913595408
7.108482532203197e-05
0.00011239732702961192
0.00012073125981260091
0.0001283312012674287
0.0001413318677805364
9.327346197096631e-05
7.215290679596364e-05
9.764986316440627e-05
0.0001721505104796961
0.00019925893866457045
0.00034714353387244046
0.00039030457264743745
0.00013403115735854954
4.545001138467342e-05
