0.00010743138409452513
0.00047462197835557163
0.0004392013361211866
0.0004216188099235296
0.00019694567890837789
0.0001267509942408651
0.000156112844706513
0.0001853316935012117
0.00046916696010157466
0.00032349093817174435
0.00023197756672743708
0.00016836549912113696
0.00027773602050729096
0.000552618526853621
0.0005877981893718243
0.0005472702323459089
0.0007782154716551304
0.0002952493086922914
0.00022660674585495144
0.000165657649631612
0.00019236216030549258
0.00024137276341207325
0.00030087068444117904
0.00045879377285018563
0.000427616061642766
0.000373040180420503
0.0002427341532893479
9.637556649977341e-05
0.0003017533745151013
0.0009285985142923892
0.0029827740509063005
0.005294024012982845
0.005068005528301001
0.004607684910297394
0.003857655683532357
0.002764109754934907
0.0021031408105045557
0.0011729521211236715
0.0003308219602331519
9.553776908433065e-05
0.000280165346339345
0.00046938579180277884
0.00036512556835077703
0.00026333003188483417
8.337489271070808e-05
0.00011420848750276491
0.00040821274160407484
0.0006315137725323439
0.00044743873877450824
0.00020032114116474986
7.828832167433575e-05
8.591816731495783e-05
0.00011633993563009426
0.00012883843737654388
0.00011239733430556953
9.074760600924492e-05
6.67537678964436e-05
0.00010198575182585046
0.00017849376308731735
0.00019719440024346113
0.0003333798667881638
0.0004139421507716179
0.00014454839401878417
3.783393549383618e-05
