0.00010268890036968514
0.00024313809990417212
0.0004219649126753211
0.00038552313344553113
0.00012888100172858685
0.00010315267718397081
0.00013367208885028958
0.00017126783495768905
0.00027446539024822414
0.0004813242703676224
0.0002733998990152031
0.000207529024919495
0.00036995267146266997
0.0006837623077444732
0.0005844628904014826
0.0006600938504561782
0.00036305401590652764
0.000273180688964203
0.00023615994723513722
0.00016893773863557726
0.00021872254728805274
0.00023247125500347465
0.00030372815672308207
0.00044304036418907344
0.0004099028301425278
0.00034235615748912096
0.00021555092826019973
0.00011948953761020675
0.0003117020823992789
0.0013029134133830667
0.002513691782951355
0.004715894814580679
0.0053643430583179
0.004894702695310116
0.004150268156081438
0.002765718614682555
0.002388489432632923
0.0014922504778951406
0.0003861455770675093
4.83972326037474e-05
0.00015900023572612554
0.0004497127083595842
0.0003275751951150596
0.000316639052471146
0.00010569595178822055
7.67473757150583e-05
0.00024602547637186944
0.0005693905404768884
0.0004603449488058686
0.00020963646238669753
7.989044388523325e-05
0.00012617876927834004
0.00012536901340354234
0.00013495869643520564
0.00011703984637279063
8.741261262912303e-05
7.296050171134993e-05
0.00014628660574089736
0.000157620117533952
0.00021930602088104934
0.00034530338598415256
0.0002654512645676732
8.357461774721742e-05
3.688021024572663e-05
