0.00010010820551542565
0.0004034517623949796
0.0003878669231198728
0.00038568463060073555
0.0002226805518148467
0.00010834396380232647
0.00013887835666537285
0.0001701009168755263
0.00027992596733383834
0.0004011509590782225
0.00024396093795076013
0.00016253089415840805
0.0002270256372867152
0.000446301739430055
0.000671457324642688
0.0004846305528189987
0.0006439898279495537
0.00020476439385674894
0.000294931378448382
0.00014924039714969695
0.00018925427866633981
0.00022354250540956855
0.0003700480447150767
0.0004105498665012419
0.00036518400884233415
0.00030482106376439333
0.0001471814321121201
0.00017539705731905997
0.00047611998161301017
0.00115903839468956
0.002497155452147126
0.004679820034652948
0.004754800349473953
0.004344196058809757
0.0035102651454508305
0.0025369736831635237
0.001837190124206245
0.0009101306204684079
0.00031969250994734466
7.841267506591976e-05
0.0002687934902496636
0.0003506396315060556
0.00030610032263211906
0.00022668621386401355
0.00010879467299673706
0.00011913049092981964
0.0003101013135164976
0.00047460701898671687
0.000517289328854531
0.00018180131155531853
7.373732660198584e-05
9.125062206294388e-05
0.0001128634248743765
0.00013220316031947732
0.00012171621347079054
9.268685971619561e-05
7.763379107927904e-05
0.00010667493188520893
0.00015254944446496665
0.0002215949643868953
0.0003593662695493549
0.0003166689712088555
9.438581764698029e-05
3.9839822420617566e-05
