0.00011220377200515941
0.00036807911237701774
0.000491856480948627
0.00047162987175397575
0.0003247027634643018
0.00010665342415450141
0.00014861763338558376
0.00017301822663284838
0.00022345007164403796
0.00047039162018336356
0.00026326850638724864
0.00019848755619022995
0.00032682809978723526
0.0006246945704333484
0.0007113420288078487
0.0006425536121241748
0.0007167577859945595
0.00028128738631494343
0.0003759275423362851
0.00018114755221176893
0.00021227460820227861
0.0002661866310518235
0.0003861156292259693
0.0005174389225430787
0.0004852289566770196
0.00041968701407313347
0.0002263955830130726
0.00020509085152298212
0.0008626824710518122
0.0015893143136054277
0.0031995130702853203
0.005005754064768553
0.005743689369410276
0.005207338836044073
0.0036836350336670876
0.002898607635870576
0.0022921105846762657
0.0009115294669754803
0.00024129795201588422
9.66961306403391e-05
0.00030828622402623296
0.00042899243999272585
0.00037652591709047556
0.0003507340734358877
0.00013679885887540877
0.00013826806389261037
0.0005545709864236414
0.0006266356795094907
0.0005843124235980213
0.00032589962938800454
8.055959187913686e-05
0.0001295130787184462
0.0001289744977839291
0.00011610846559051424
0.00016260570555459708
9.265814878745005e-05
8.069695468293503e-05
9.570234396960586e-05
0.00017075649520847946
0.00024098657013382763
0.0004195626243017614
0.0002831789315678179
9.28299268707633e-05
3.860747528960928e-05
