0.00010876286251004785
0.0003517964214552194
0.00039274312439374626
0.00038554714410565794
0.0002276804589200765
0.000107517909782473
0.00016106944531202316
0.00018862202705349773
0.0003870383370667696
0.00035984310670755804
0.0002607915084809065
0.00021003051369916648
0.00025573483435437083
0.0006009743083268404
0.0005518293473869562
0.0006615833844989538
0.0006358363898470998
0.0002219988964498043
0.0002583229506853968
0.00016227657033596188
0.00018693148740567267
0.000251746823778376
0.0003420514112804085
0.00044811100815422833
0.0004104227409698069
0.00032953498885035515
0.00019927391258534044
0.00016715371748432517
0.000483433686895296
0.0012181291822344065
0.0025352819357067347
0.0043823206797242165
0.005287655163556337
0.004901166073977947
0.004156356677412987
0.0026243478059768677
0.0016954019665718079
0.0008905791328288615
0.0002546941686887294
9.188741387333721e-05
0.0002803748066071421
0.00044182853889651597
0.0003347562160342932
0.00023322859487961978
8.844327385304496e-05
0.0001350684615317732
0.0004599373205564916
0.0005793446325697005
0.00043925538193434477
0.00019345426699146628
7.731588266324252e-05
9.315905481344089e-05
0.00012985715875402093
0.00012159315519966185
0.00011270960385445505
8.977797551779076e-05
6.804036820540205e-05
0.00010446918895468116
0.00016260570555459708
0.0001782693580025807
0.00033529067877680063
0.0002624839835334569
9.828055772231892e-05
3.161622225889005e-05
