9.819326805882156e-05
0.0004258357803337276
0.0004005524970125407
0.0003673102764878422
0.00020164510351605713
0.00011642454046523198
0.00015197720495052636
0.00016586710989940912
0.00030734858592040837
0.00042043504072353244
0.00020779820624738932
0.00016981044609565288
0.0002497393579687923
0.0006052543176338077
0.0005427213036455214
0.0006103726918809116
0.0004537520871963352
0.00025084277149289846
0.0002911014889832586
0.00016906863311305642
0.00019119252101518214
0.0002148896746803075
0.0002906729350797832
0.0004059532657265663
0.0003899155999533832
0.00033324517426081
0.0002036573423538357
0.0001230950147146359
0.0002990006178151816
0.001091129262931645
0.0030538917053490877
0.004499088041484356
0.004650113172829151
0.004170793574303389
0.003228386864066124
0.002402178244665265
0.0018972462275996804
0.0008004812407307327
9.992120612878352e-05
9.243510430678725e-05
0.00027102144667878747
0.00035597023088485
0.00033180645550601184
0.00022485772205982357
9.199669148074463e-05
0.00015274673933163285
0.00035917176865041256
0.0005274026188999414
0.000491482438519597
0.0001632958446862176
6.328293238766491e-05
7.418913446599618e-05
0.00010974071483360603
0.00013687644968740642
0.00010405216744402424
8.205835911212489e-05
7.336630369536579e-05
8.564887684769928e-05
0.00015738449292257428
0.0001584466954227537
0.0003394517407286912
0.00016045139636844397
8.042766421567649e-05
3.732645564014092e-05
