9.508294169791043e-05
0.0003192571457475424
0.000399161217501387
0.0003685220726765692
0.00022008905943948776
0.00011407866259105504
0.0001604654244147241
0.00017451707390137017
0.00034522858913987875
0.0003627323603723198
0.00023691450769547373
0.00017547175229992718
0.00024357193615287542
0.00047092672321014106
0.0006606559036299586
0.0005559735582210124
0.00016916028107516468
0.00024446958559565246
0.000258771819062531
0.00016595686611253768
0.00020935956854373217
0.0002289264666615054
0.00031116275931708515
0.00040187090053223073
0.00037894953857176006
0.0003018403076566756
0.00015827183960936964
0.0001587805018061772
0.0005267303204163909
0.001258640200830996
0.002159218769520521
0.0038861583452671766
0.004418958909809589
0.003968638367950916
0.0028683017008006573
0.0022547179833054543
0.0017138407565653324
0.0007765127811580896
0.00018677255138754845
8.205275662476197e-05
0.0002985181345138699
0.00035183175350539386
0.0003061161551158875
0.0002466551086399704
7.65211007092148e-05
0.00012474814138840884
0.00034199710353277624
0.0005009823944419622
0.0004348569782450795
0.00021094310795888305
7.522141095250845e-05
8.691661787452176e-05
0.00010447980457684025
0.00010896388266701251
9.023895836435258e-05
7.92710343375802e-05
6.254892650758848e-05
0.00010238968388875946
0.00015219321358017623
0.00016534347378183156
0.0003049253427889198
0.00023695627169217914
8.851249003782868e-05
3.272890535299666e-05
