3.84953964385204e-05
8.988270565168932e-05
0.00011420847295084968
0.00013410595420282334
8.243629417847842e-05
6.531475082738325e-05
6.331285112537444e-05
6.525373464683071e-05
0.00011408635327825323
0.0001101242596632801
7.19749805284664e-05
5.659558155457489e-05
7.979932706803083e-05
0.00013038079487159848
0.0001918086054502055
0.00016670489276293665
0.00017071556067094207
0.00012190080451546237
9.097481961362064e-05
7.706155156483874e-05
9.404171578353271e-05
0.00011295180593151599
0.00015089164662640542
0.00022153512691147625
0.00022129576245788485
0.00020186207257211208
0.0001638474059291184
6.74120310577564e-05
0.00017156706599052995
0.0008423685212619603
0.0018899048445746303
0.0032715473789721727
0.004076155833899975
0.004012987017631531
0.003722547320649028
0.0027265369426459074
0.0025985196698457003
0.0017094771610572934
0.00062463094945997
0.00012723906547762454
0.00023674995463807136
0.0005688426899723709
0.00048216208233498037
0.00047779359738342464
0.00015843489381950349
0.00020591076463460922
0.0005317056784406304
0.0008811213192529976
0.0006713161710649729
0.0002619883161969483
0.00010981009836541489
0.00012405248708091676
0.00014761528291273862
0.0001229454210260883
0.0001148016526713036
7.07376966602169e-05
5.274753857520409e-05
6.517682049889117e-05
0.00010340045264456421
0.00017086390289478004
0.0003074832202401012
0.00028046456282027066
0.00011497147352201864
4.220358096063137e-05
