0.00010373612894909456
0.00030747862183488905
0.0004214224172756076
0.0004003879439551383
0.0002215196582255885
0.00010903310612775385
0.00015359855024144053
0.0001750827650539577
0.00033436721423640847
0.00042405546992085874
0.00024933175882324576
0.00017547173774801195
0.0002222532348241657
0.000572109769564122
0.0006558888126164675
0.0006154417642392218
0.0004626523586921394
0.0002557309635449201
0.00027780522941611707
0.00017554053920321167
0.00022805322078056633
0.0002263206260977313
0.0003696824423968792
0.0004264613089617342
0.0004176393267698586
0.0003426441689953208
0.00019086607790086418
0.00015539473679382354
0.0005068609607405961
0.0012868230696767569
0.0031198165379464626
0.005011364817619324
0.005342934280633926
0.004883676301687956
0.00396231934428215
0.0029374202713370323
0.0023958946112543344
0.0013155818451195955
0.00032142639975063503
6.664903776254505e-05
0.00022880593314766884
0.00046525668585672975
0.00037833614624105394
0.0003436278202570975
0.00010928823030553758
0.00013326099724508822
0.0003607799008022994
0.0005821996601298451
0.0004253963124938309
0.00018459484272170812
8.46437324071303e-05
0.00012704459368251264
0.00013023118663113564
0.00013500358909368515
0.0001432168937753886
9.293464245274663e-05
7.620880205649883e-05
7.285764877451584e-05
0.0001629797334317118
0.00017114816000685096
0.00037090948899276555
0.00029031914891675115
0.00010085717076435685
3.891842425218783e-05
