9.752752521308139e-05
0.000236570427659899
0.00039967100019566715
0.0003637257614172995
0.00022774198441766202
0.00010198010568274185
0.00014150205242913216
0.00016148368013091385
0.000323386222589761
0.0003699283697642386
0.0002412680332781747
0.0001857795286923647
0.00024957110872492194
0.00046055912389419973
0.0005583101301454008
0.0005765464738942683
0.0004594373458530754
0.00023784847871866077
0.0002692677662707865
0.0001626651646802202
0.00019643139967229217
0.00021550603560172021
0.0002899794199038297
0.00038960142410360277
0.0003624818054959178
0.0002918195677921176
0.00018981886387337
0.0001237233664141968
0.0004975482006557286
0.0010757790878415108
0.002727389568462968
0.0039726123213768005
0.004543803632259369
0.0041139437817037106
0.0033619531895965338
0.0024011756759136915
0.0019489796832203865
0.001171841286122799
0.0003148438117932528
5.746329406974837e-05
0.0001860338670667261
0.00041491459705866873
0.00031940024928189814
0.0002236655418528244
8.956620877142996e-05
0.00010425675282021984
0.00029234966496005654
0.0005339151248335838
0.00042833699262700975
0.00018075280240736902
6.978140299906954e-05
9.118426532950252e-05
0.00011818797793239355
0.00011501634435262531
0.00012370840704534203
8.053238707361743e-05
7.432377606164664e-05
6.926713103894144e-05
0.00016474505537189543
0.00015397349488921463
0.00029138571699149907
0.0003789495676755905
8.495138172293082e-05
3.6872512282570824e-05
