9.876924013951793e-05
0.0002901536936406046
0.000406337552703917
0.0003840361023321748
0.00023012245947029442
0.00010794003173941746
0.00014202005695551634
0.00017337505414616317
0.00033510607318021357
0.0002991221845149994
0.0002130824577761814
0.0001745591580402106
0.0002646064094733447
0.0005090161575935781
0.0005995272658765316
0.0005668385419994593
0.0005563512095250189
0.00024057985865511
0.0002912959607783705
0.0001673781080171466
0.00016942768706940114
0.0002282075147377327
0.00029340083710849285
0.00040878955041989684
0.00037498504389077425
0.0003147854295093566
0.00014115235535427928
0.00015795297804288566
0.000461755960714072
0.001062016119249165
0.002372960327193141
0.004095976706594229
0.004742494318634272
0.004357231315225363
0.003250189358368516
0.0024132945109158754
0.0018201819621026516
0.0009723299299366772
0.00021044939057901502
7.863240170991048e-05
0.0002492120838724077
0.000391980167478323
0.0003303578414488584
0.00026810719282366335
0.00010759594442788512
8.328512194566429e-05
0.0002585324691608548
0.0005464115529321134
0.0004376399447210133
0.0001396712614223361
7.777965947752818e-05
9.027167106978595e-05
0.00011814309982582927
0.00011150063801323995
0.00012019268615404144
8.524495206074789e-05
7.668753823963925e-05
8.400322258239612e-05
0.00016520882491022348
0.00018708108109422028
0.000326617737300694
0.00033499556593596935
0.00011378958151908591
3.5880322684533894e-05
