0.00011097903916379437
0.00038680381840094924
0.0004635932855308056
0.00041778699960559607
0.00029922500834800303
0.00011156048276461661
0.000138324816362001
0.00016016546578612179
0.00033525991602800786
0.0004165424907114357
0.00021897688566241413
0.00019794708350673318
0.0002952913346234709
0.0005332474829629064
0.0005545316380448639
0.0006060331943444908
0.00040883311885409057
0.0002641679020598531
0.0002251761470688507
0.0001221674756379798
0.00016266554303001612
0.0001901779032777995
0.0002358373603783548
0.00038713053800165653
0.0003944374620914459
0.0003167138493154198
0.00020630532526411116
0.00012709788279607892
0.0004798964655492455
0.0011541082058101892
0.0025493260473012924
0.004292263649404049
0.004872760269790888
0.004570460878312588
0.0029232208617031574
0.0021583912894129753
0.0015531368553638458
0.0007681676652282476
0.0003246186242904514
0.0002304216759512201
0.0003049717633984983
0.0003061018360313028
0.00018957949941977859
0.00014731608098372817
9.631571447243914e-05
0.00011610846559051424
0.00027907322510145605
0.0005090760532766581
0.0004733653040602803
0.00017535206279717386
7.580486999358982e-05
0.00010732664668466896
0.0001503231469541788
0.00014849795843474567
0.00017135759117081761
0.00012761307880282402
8.029302262002602e-05
7.749540964141488e-05
0.00017393080634064972
0.00014402477245312184
0.0003275359922554344
0.00027645923546515405
6.771498010493815e-05
3.581544660846703e-05
