9.281496750190854e-05
0.00024918216513469815
0.0003993829886894673
0.0003566434606909752
0.0002498104877304286
0.00012804621655959636
0.00012713864271063358
0.0001541231176815927
0.00030419285758398473
0.00036179827293381095
0.000234633989748545
0.0001883461809484288
0.0002652487892191857
0.0005540389101952314
0.0005117090768180788
0.0006005174363963306
0.00055851781507954
0.0002517375978641212
0.0002129029162460938
0.00016254586807917804
0.00018600393377710134
0.0002249910176033154
0.0002768740232568234
0.00040221313247457147
0.0003863699676003307
0.0003688960860017687
0.0002252602862427011
0.0001309792132815346
0.00046588500845246017
0.0010391117539256811
0.0022178650833666325
0.0038947430439293385
0.004846305586397648
0.004712617956101894
0.0038354990538209677
0.0026047585997730494
0.002203472889959812
0.0014688671799376607
0.00034741280251182616
5.716408486478031e-05
0.0003093860868830234
0.0003522151382640004
0.00034872934338636696
0.00021207462123129517
5.800280996481888e-05
8.927394083002582e-05
0.00032161438139155507
0.0004947008565068245
0.00039392500184476376
0.00017497803492005914
7.459306652890518e-05
0.00010256921086693183
0.00012215250171720982
0.00012140448961872607
0.00015141525364015251
9.142363705905154e-05
9.188741387333721e-05
5.3663326980313286e-05
0.00016006242367438972
0.0001421995839336887
0.00027560238959267735
0.00036719057243317366
0.00012686506670434028
3.7531724956352264e-05
