0.00010676414967747405
0.000338092417223379
0.0004243031144142151
0.0004004136426374316
0.00028543511871248484
0.00011498829553602263
0.00015611005073878914
0.000181352166691795
0.00035817408934235573
0.00039994754479266703
0.00023625533503945917
0.00018821902631316334
0.00024224793014582247
0.000616238103248179
0.000571461278013885
0.0006134255090728402
0.0005549449706450105
0.00025001991889439523
0.00029406367684714496
0.00016682456771377474
0.0001753371034283191
0.00021899183047935367
0.0003024451434612274
0.0004133505863137543
0.0003984292852692306
0.0003411518409848213
0.00020910296007059515
0.00017685577040538192
0.0007833637064322829
0.0013285076711326838
0.0026710182428359985
0.0042266566306352615
0.005336890462785959
0.0048639290034770966
0.004238804802298546
0.0028628422878682613
0.002145682228729129
0.0011186354095116258
0.0002957877004519105
7.202215783763677e-05
0.0003662013332359493
0.0003973088751081377
0.000343253806931898
0.00023984677682165056
9.861963917501271e-05
9.453541861148551e-05
0.0002735079324338585
0.000567541690543294
0.000567421957384795
0.00029012904269620776
0.00010925655806204304
0.0001242768921656534
0.00015447383339051157
0.0001539431104902178
0.0001326846977462992
8.440716192126274e-05
8.710004476597533e-05
0.00011188960343133658
0.00016580727242399007
0.0001938881177920848
0.0003313751658424735
0.0002935549709945917
9.930782107403502e-05
3.937604924431071e-05
