3.1403935281559825e-05
4.133351831114851e-05
3.803391518886201e-05
3.5471352020977065e-05
3.6534092942019925e-05
3.6434106732485816e-05
3.5415250749792904e-05
3.840361750917509e-05
4.271223951946013e-05
3.8523299735970795e-05
3.940298120141961e-05
3.838002885458991e-05
4.2064199078595266e-05
4.862163768848404e-05
4.516576154856011e-05
4.0528004319639876e-05
4.1350835090270266e-05
3.778073732974008e-05
3.93029949918855e-05
3.6766370612895116e-05
3.652607119875029e-05
3.741622276720591e-05
4.496385372476652e-05
4.380435711937025e-05
4.871139753959142e-05
5.4905049182707444e-05
4.802321927854791e-05
4.501769217313267e-05
6.730730092385784e-05
7.402457413263619e-05
9.161812340607867e-05
0.00023479013179894537
0.0002700520562939346
0.00019633036572486162
0.0001105944684240967
5.343976226868108e-05
4.9863356252899393e-05
5.910831896471791e-05
4.1535033233230934e-05
4.0215705666923895e-05
4.827474185731262e-05
5.658810550812632e-05
5.9592359320959076e-05
5.393261380959302e-05
5.0147609726991504e-05
5.2870418585371226e-05
4.975863339495845e-05
8.873554179444909e-05
7.087818812578917e-05
5.391765807871707e-05
4.218862159177661e-05
4.136579082114622e-05
3.898706927429885e-05
3.779023245442659e-05
4.0587849071016535e-05
3.8463454984594136e-05
3.4372809750493616e-05
3.570342232706025e-05
3.539935642038472e-05
3.6432567867450416e-05
3.7715431972173974e-05
3.8328809750964865e-05
3.602489232434891e-05
3.265877967351116e-05
