3.239202851545997e-05
4.127602733206004e-05
4.209885446471162e-05
3.969021781813353e-05
4.23718556703534e-05
3.872614252031781e-05
3.8864582165842876e-05
3.9064565498847514e-05
5.399245856096968e-05
5.4112140787765384e-05
4.1126422729576007e-05
3.994454527855851e-05
4.016895036329515e-05
4.470339263207279e-05
4.136428833589889e-05
3.658024070318788e-05
3.714786362252198e-05
3.687764183268882e-05
3.9126094634411857e-05
3.960045796702616e-05
3.716189166880213e-05
3.4857370337704197e-05
3.861077129840851e-05
3.698019281728193e-05
4.0408318454865366e-05
4.075241304235533e-05
4.025871749036014e-05
3.9765018300386146e-05
4.0141414501704276e-05
4.6248314902186394e-05
6.017741543473676e-05
6.577572639798746e-05
0.00012080606393283233
8.808744314592332e-05
5.964752926956862e-05
6.114357529440895e-05
5.931839768891223e-05
5.1374368922552094e-05
3.8463458622572944e-05
3.955557258450426e-05
3.551623740349896e-05
3.515718344715424e-05
3.535166979418136e-05
3.5606000892585143e-05
3.571072011254728e-05
3.6997327697463334e-05
3.838865814032033e-05
3.7655587220797315e-05
3.957053195335902e-05
3.6174496926832944e-05
3.5489789297571406e-05
3.4962697100127116e-05
3.74162191292271e-05
3.638026464614086e-05
3.605722667998634e-05
3.521117469063029e-05
3.5472679883241653e-05
3.732645927811973e-05
3.686268246383406e-05
3.741622276720591e-05
4.0303595596924424e-05
4.238310793880373e-05
3.6167115467833355e-05
3.319735697004944e-05
