9.492710523772985e-05
0.0003358633257448673
0.00039506200118921697
0.0003802237333729863
0.00010071410360978916
0.00013542248052544892
0.0001613883941899985
0.0001737715065246448
0.0003784567816182971
0.00032963973353616893
0.00020250538364052773
0.00017677329014986753
0.00022247765446081758
0.0005782539374195039
0.00042727196705527604
0.00047746446216478944
0.0004139120574109256
0.00036907559842802584
0.0002862841938622296
0.00020163766748737544
0.00020390638383105397
0.00019980686192866415
0.0003388292097952217
0.00037338610854931176
0.00034865454654209316
0.000313931202981621
0.00019387314387131482
0.00010873294377233833
0.0004916489124298096
0.0011466859141364694
0.002491248305886984
0.004442817997187376
0.004546287469565868
0.004191724117845297
0.0032208918128162622
0.002386903390288353
0.0019352459348738194
0.001085758558474481
0.00028263384592719376
7.31568579794839e-05
0.00023651059018447995
0.00043228373397141695
0.0003175235469825566
0.00027033689548261464
0.00012679868086706847
0.00032091495813801885
0.0005365285323932767
0.0005623803590424359
0.0003913667460437864
0.00015705535770393908
6.962617771932855e-05
6.531755934702232e-05
0.00012451627117116004
0.00012786484148819
0.00013769892393611372
8.279010216938332e-05
5.089563273941167e-05
9.633068111725152e-05
0.00014887197175994515
0.00018191972048953176
0.00032705155899748206
0.00030719899223186076
9.65401268331334e-05
4.3370502680772915e-05
