0.00010029521945398301
0.00021019508130848408
0.00040270568570122123
0.00036996856215409935
0.00021859539265278727
0.00011684152559610084
0.00014106257003732026
0.00017058728553820401
0.00030680178315378726
0.0003317398077342659
0.00021301605738699436
0.00017466387362219393
0.00026439697830937803
0.0005040044197812676
0.0006346993613988161
0.0005042437696829438
0.0006791470223106444
0.0001907015248434618
0.0003316743823233992
0.00016456552839372307
0.00018932351667899638
0.00022336558322422206
0.00033932196674868464
0.00041644059820100665
0.00039682735223323107
0.00035239465069025755
0.0001743483735481277
0.00014026784629095346
0.0005744833615608513
0.0010742679005488753
0.0024505755864083767
0.004065232817083597
0.004747431259602308
0.00427825516089797
0.003499351441860199
0.0024890839122235775
0.0020299910102039576
0.0011248952941969037
0.0002978786069434136
7.266316242748871e-05
0.000222387898247689
0.0004071351431775838
0.00032678229035809636
0.0002703213249333203
0.0001074313695426099
0.00010481590288691223
0.0003456586564425379
0.0005672163097187877
0.0003953219566028565
0.00019061176863033324
7.911113789305091e-05
9.019687422551215e-05
0.00012622177018783987
0.00010415502765681595
0.000115324386570137
8.292854181490839e-05
4.841779809794389e-05
0.000123206278658472
0.00015144517237786204
0.00020590139320120215
0.00031237531220540404
0.0003270365996286273
0.00010961560474243015
3.574957008822821e-05
