9.41887337830849e-05
0.0004023178480565548
0.00037284003337845206
0.00034583915839903057
0.00018640693451743573
9.537320875097066e-05
0.00013097919872961938
0.00017055909847840667
0.00034056088770739734
0.00035493794712238014
0.000210013342439197
0.0001809860550565645
0.0003178312035743147
0.0005673752748407423
0.0005730181583203375
0.0006114376592449844
0.0003857210394926369
0.000255965773249045
0.00023312392295338213
0.00015541064203716815
0.00020880372903775424
0.0002251602418255061
0.00034979713382199407
0.000399343523895368
0.00037817066186107695
0.0003041769377887249
0.00016335840336978436
0.000146238919114694
0.0004892646102234721
0.0011875394266098738
0.0027115612756460905
0.0042205676436424255
0.004525462165474892
0.004166141152381897
0.003489627270027995
0.0023117968812584877
0.001880211872048676
0.001035519177094102
0.00022058900503907353
8.039038220886141e-05
0.00024818567908369005
0.00033582496689632535
0.00031258570379577577
0.00025014698621816933
6.809647311456501e-05
0.00013511204451788217
0.0003818425757344812
0.0005279224715195596
0.000373115879483521
0.00021917378762736917
6.868460332043469e-05
9.208190022036433e-05
0.00010631037002895027
0.0001225545711349696
0.0001017155300360173
7.749842916382477e-05
5.5427724873879924e-05
0.00011074418580392376
0.0001537734060548246
0.00020816792675759643
0.0003399101260583848
0.0002643586485646665
8.651940152049065e-05
3.557420859578997e-05
