0.0001199981925310567
0.0005622755852527916
0.0005483922432176769
0.0005249756504781544
0.0003254687471780926
0.0001527766726212576
0.00018276275659445673
0.00020426016999408603
0.00044389310642145574
0.0005447269068099558
0.00028728102915920317
0.00021112262038514018
0.0003055982233490795
0.0005421985406428576
0.0009207143448293209
0.0007617704104632139
0.00045397650683298707
0.0003330507024656981
0.0004080626822542399
0.00020708328520413488
0.00020252034300938249
0.0002967721957247704
0.0004317483981139958
0.0005421967362053692
0.0004942351952195168
0.00041759252781048417
0.0002492120547685772
0.00013917754404246807
0.0003726960567291826
0.0011207511415705085
0.002377972239628434
0.004850883036851883
0.006224317010492086
0.005832666531205177
0.0043380046263337135
0.003311342326924205
0.0022010868415236473
0.001259975484572351
0.0003500458551570773
9.487950592301786e-05
0.0002853089536074549
0.0005089563201181591
0.0003897061396855861
0.0003290263412054628
0.0001325351040577516
9.781176049727947e-05
0.000469266960863024
0.0007523992680944502
0.0005348847480490804
0.00024183651839848608
9.40118043217808e-05
0.00011701677431119606
0.00014219067816156894
0.00015654671005904675
0.00015898527635727078
0.00010229992039967328
9.420629794476554e-05
5.293025969876908e-05
0.00020006837439723313
0.00025254671345464885
0.0004595866776071489
0.000446241901954636
0.0001700261200312525
4.751456071971916e-05
