0.00010019048932008445
0.00028127245604991913
0.00037479057209566236
0.00037360863643698394
0.00022075821470934898
0.00012214692833367735
0.0001538739015813917
0.00018424513109494
0.00033340882509946823
0.0003778050886467099
0.00024197874881792814
0.0001695773098617792
0.0002643670595716685
0.0005094649968668818
0.0006270097219385207
0.0005636818241328001
0.0005581016303040087
0.00021782492694910616
0.0003054785483982414
0.0001644009753363207
0.000158880531671457
0.00021750475571025163
0.0003679975343402475
0.0004047321272082627
0.0003837500116787851
0.00032172564533539116
0.00015234279271680862
0.00014369563723448664
0.0003124501381535083
0.0010963287204504013
0.002661281730979681
0.004274512175470591
0.004746347665786743
0.0043246131390333176
0.0034681318793445826
0.0025989816058427095
0.0021157702431082726
0.0011901268735527992
0.00019905978115275502
7.264259329531342e-05
0.0002834332699421793
0.00036782267852686346
0.00032522261608392
0.00022042337513994426
8.504111610818654e-05
0.00012330166646279395
0.0003591278218664229
0.0005547383334487677
0.0005127309705130756
0.00017466014833189547
7.987506251083687e-05
0.00010557627683738247
0.00012313990737311542
0.00012548870290629566
0.00013277445395942777
8.730949775781482e-05
6.821989518357441e-05
8.832680759951472e-05
0.00015047274064272642
0.00017327253590337932
0.0002964722807519138
0.00029387898393906653
8.814330794848502e-05
3.69109729945194e-05
