0.00010007080709328875
0.00029928726144135
0.00038705370388925076
0.00037272466579452157
0.00019335329125169665
0.000107805390143767
0.000135542155476287
0.00015735457418486476
0.00021719657524954528
0.0003475507546681911
0.00021378981182351708
0.00015652741421945393
0.0002987014304380864
0.0004895974416285753
0.000571461278013885
0.0005495441728271544
0.00065274175722152
0.00020783131185453385
0.0003270814777351916
0.00015919472207315266
0.0001757559075485915
0.00019962227088399231
0.0003059095761273056
0.0003842309524770826
0.00036922504659742117
0.00029646759503521025
0.00019285584858153015
0.00016362301539629698
0.0004235618107486516
0.0009830995695665479
0.0021070074290037155
0.0037032784894108772
0.004565107636153698
0.004129368346184492
0.0033595310524106026
0.002432921901345253
0.0020873493049293756
0.0011600524885579944
0.0004175476497039199
8.441297541139647e-05
0.00029861045186407864
0.0003578341274987906
0.00032466885750181973
0.00023628711642231792
0.00010464133083587512
0.0001266397157451138
0.0003847514162771404
0.0005129233468323946
0.00037945821532048285
0.00018489686772227287
0.00010737153934314847
0.00017958586977329105
0.00025753010413609445
0.00030854542274028063
0.00028971012216061354
0.000200919559574686
0.0002706355007831007
0.00025845764321275055
0.00024264139938168228
0.0002934418444056064
0.00034791993675753474
0.0003026945632882416
6.264429975999519e-05
3.6817797081312165e-05
