9.369648614665493e-05
0.00040942130726762116
0.0003860389697365463
0.0003636103356257081
0.00022542486840393394
0.0001166168149211444
0.0001553311594761908
0.0001622765848878771
0.00029515576898120344
0.00033479841658845544
0.00018248822016175836
0.00017105838924180716
0.00019722431898117065
0.0005139692802913487
0.0005582025041803718
0.0006570802652277052
0.0005214184639044106
0.0002738980110734701
0.00018150081450585276
0.00016942768706940114
0.0001757859135977924
0.0002133218222297728
0.00024216568272095174
0.0004016135062556714
0.00039739866042509675
0.00031303075957112014
0.00018627977988217026
0.0001260871213162318
0.0003919652081094682
0.0010058993939310312
0.002705176593735814
0.0040008295327425
0.004322164226323366
0.004111116752028465
0.0035531495232135057
0.00223690178245306
0.001789286034181714
0.0010326688643544912
0.00020783131185453385
7.448835094692186e-05
0.00022002411424182355
0.00039652816485613585
0.00031300363480113447
0.0002863141125999391
8.265164797194302e-05
0.00010930231655947864
0.00029625685419887304
0.0005283994250930846
0.0004474686866160482
0.0001764130574883893
7.024544174782932e-05
8.629736839793622e-05
0.00010069821291835979
0.00011899398668901995
0.00012340919056441635
8.16843457869254e-05
7.656785601284355e-05
5.1598777645267546e-05
0.00014379818458110094
0.00019969150889664888
0.0003369217738509178
0.0002668383240234107
9.863179730018601e-05
3.888235005433671e-05
