0.00014652503887191415
0.0004570145974867046
0.0005090910126455128
0.0004973469767719507
0.0002867810835596174
0.000140688571264036
0.00023808145488146693
0.0002744354715105146
0.0007290552603080869
0.00048557401169091463
0.0002754747692961246
0.0002117210387950763
0.0002878194209188223
0.000645930995233357
0.0005168405477888882
0.0005359600763767958
0.0005752911674790084
0.0002449333551339805
0.0002705368970055133
0.00017432632739655674
0.0001956085761776194
0.0002065447042696178
0.0002697528398130089
0.0003702874237205833
0.0003365814045537263
0.00031016115099191666
0.00021607453527394682
0.0001192389172501862
0.00040203653043136
0.0011228156508877873
0.002019353909417987
0.003153284778818488
0.0033248525578528643
0.0030853794887661934
0.002304394030943513
0.0017827945994213223
0.0009586691157892346
0.0006739108357578516
0.00024286883126478642
5.673023406416178e-05
9.580705955158919e-05
0.00022421164612751454
0.0001989485026570037
0.0001314560795435682
6.553729326697066e-05
7.837807788746431e-05
0.0001874102308647707
0.0002755724999587983
0.00023742318444419652
0.00012988707749173045
5.99766535742674e-05
6.684585241600871e-05
7.537560304626822e-05
7.75702137616463e-05
7.172064943006262e-05
5.547541513806209e-05
4.956414704793133e-05
5.6296375987585634e-05
8.78480714163743e-05
8.255205466412008e-05
0.00014296256995294243
0.00013948330888524652
4.2647719965316355e-05
3.295144051662646e-05
