9.848822082858533e-05
0.000387722859159112
0.0003979493922088295
0.00038524792762473226
8.925342262955382e-05
0.00010626445873640478
0.0001442981301806867
0.0002001088869292289
0.00033571370295248926
0.0004421427147462964
0.00027641025371849537
0.0001719859428703785
0.00020602108270395547
0.000382495200028643
0.0007069586426950991
0.0006006358889862895
0.00025447161169722676
0.0002704943181015551
0.00025904111680574715
0.00015696558693889529
0.00016531356959603727
0.00028392040985636413
0.0003462432068772614
0.00043250981252640486
0.00038971082540228963
0.00031436505378223956
0.00023510429309681058
0.00011805333633674309
0.0003549828252289444
0.0008670809329487383
0.002725051250308752
0.004149825312197208
0.004736985545605421
0.0042991782538592815
0.0034177990164607763
0.0023750951513648033
0.0018833779031410813
0.001119872322306037
0.0002912211639340967
7.598064985359088e-05
0.00021255883621051908
0.0004476032918319106
0.00036312578595243394
0.0001948755088960752
8.071342745097354e-05
0.00019718411203939468
0.000314070115564391
0.0003943046322092414
0.0007337977294810116
0.0007450031698681414
0.0004626834997907281
0.0004957162891514599
0.00036605357308872044
0.0003198405902367085
0.0002497656096238643
0.00013413587294053286
7.227597234304994e-05
0.00013022289203945547
0.00019982276717200875
0.00024076967383734882
0.0003128540702164173
0.0002432390465401113
8.841251110425219e-05
3.73647635569796e-05
