9.845507156569511e-05
0.00029301110771484673
0.00039786010165698826
0.00033358365180902183
0.00021800724789500237
0.00010257388203172013
0.00014890938473399729
0.0001705114118522033
0.0003205493849236518
0.0003784409200306982
0.00023630302166566253
0.00016771377704571933
0.00024134034174494445
0.0005481827538460493
0.0006220128852874041
0.00048208728549070656
0.0004479310300666839
0.00023924061679281294
0.00015712736058048904
0.00019438649178482592
0.0001706843904685229
0.00022434770653489977
0.0002665961510501802
0.0004074492899235338
0.00041656027315184474
0.0003530379617586732
0.0002516356762498617
0.00014381356595549732
0.0004430085828062147
0.0013648065505549312
0.0029050835873931646
0.004413951653987169
0.004720767494291067
0.004263134673237801
0.002973164664581418
0.0029027790296822786
0.0014366066316142678
0.0011005750857293606
0.0002457767550367862
8.330849959747866e-05
0.00036651737173087895
0.00042913176002912223
0.00029886787524446845
0.0002559293352533132
8.729827095521614e-05
9.977628360502422e-05
0.0003435819817241281
0.00047608718159608543
0.0004492555162869394
0.0001522380771348253
7.377024303423241e-05
0.00010421113256597891
0.00011004945554304868
0.00014233423280529678
0.000126416256534867
9.133386629400775e-05
6.240026414161548e-05
0.00012113936099922284
0.00013081463112030178
0.00020603604207281023
0.0003120311885140836
0.0002896951627917588
9.748265438247472e-05
3.749102324945852e-05
