9.557241719448939e-05
0.0002655989956110716
0.00038589120958931744
0.0003643780364654958
0.0002567072806414217
9.41763719310984e-05
0.00012960283493157476
0.0001567262370372191
0.0003134163562208414
0.00028750253841280937
0.00021031475625932217
0.00018758974329102784
0.00026382843498140574
0.0005805536638945341
0.0005017603398300707
0.0005763533990830183
0.0004223110154271126
0.00031940673943609
0.00029970379546284676
0.0001629574253456667
0.00019470747793093324
0.00022496108431369066
0.0002937793906312436
0.00041740096639841795
0.00039217615267261863
0.00029270225786603987
0.00019400780729483813
0.00014742850908078253
0.0007491565775126219
0.0012907474301755428
0.00241903867572546
0.003939594142138958
0.004523151554167271
0.004130528774112463
0.002848016330972314
0.0023803955409675837
0.0017111724009737372
0.00047843970241956413
0.00021285805269144475
8.207332575693727e-05
0.0003140547778457403
0.0003146998060401529
0.00031347584445029497
0.0002203831827500835
9.733303159009665e-05
8.647170761832967e-05
0.00032369120162911713
0.0005267446977086365
0.000322204374242574
0.00017443948308937252
7.450331031577662e-05
8.565161260776222e-05
0.00010576427303021774
0.00012465278268791735
0.00010512745939195156
7.963476673467085e-05
6.374622171279043e-05
0.00014692243712488562
0.00014990425552241504
0.00018554016423877329
0.00030224703368730843
0.00023643327585887164
4.755944246426225e-05
3.3541447919560596e-05
