9.949578816303983e-05
0.00031491860863752663
0.00035754108102992177
0.0003916531568393111
0.00023876373597886413
0.00013379270967561752
0.0001506050757598132
0.0001765189808793366
0.00025787416961975396
0.0003512502880766988
0.00018841258133761585
0.0001431271230103448
0.0002546926261857152
0.00046755949733778834
0.0005784077220596373
0.0005805526161566377
0.00036244813236407936
0.0002525482268538326
0.00026915440685115755
0.00013403115735854954
0.0001560679665999487
0.00021059899881947786
0.00021936585835646838
0.00045628039515577257
0.0003769299073610455
0.0003133317513857037
0.00020664450130425394
0.0001808593951864168
0.0005226610810495913
0.0010680368868634105
0.002624463988468051
0.004057261161506176
0.004871731158345938
0.004390025045722723
0.0034972571302205324
0.002662834944203496
0.00211740517988801
0.0010643949499353766
0.00026206314214505255
6.196640606503934e-05
0.000167617472470738
0.000457402435131371
0.00034865454654209316
0.0002475918154232204
9.243510430678725e-05
0.00015905071632005274
0.0004117897478863597
0.0005411064485087991
0.0004563103138934821
0.00023897908977232873
8.132529183058068e-05
8.041270484682173e-05
0.00012676035112235695
0.00011238329898333177
0.00012661561777349561
8.850479935063049e-05
7.497564365621656e-05
9.375032823299989e-05
0.00015275608166120946
0.00020881964883301407
0.00034520335611887276
0.0002808423014357686
8.507290476700291e-05
3.668689532787539e-05
