9.760232933331281e-05
0.0002206674253102392
0.00037685493589378893
0.00038413150468841195
0.0002393072791164741
0.0001314719847869128
0.00015995676221791655
0.0001774166157701984
0.0003351451887283474
0.00043784905574284494
0.0002198121655965224
0.0001776858844095841
0.00028784008463844657
0.0005779616767540574
0.0005582256126217544
0.0006691833259537816
0.0005477339727804065
0.0002497207315173
0.0003446750051807612
0.00017352540453430265
0.00020668294746428728
0.00024364008277188987
0.00037246415740810335
0.0004128865257371217
0.00043490956886671484
0.00037706454168073833
0.00024008617037907243
8.644178888062015e-05
0.00033625229843892157
0.0009335653739981353
0.001766237081028521
0.0047016688622534275
0.005532999522984028
0.004817300941795111
0.0035963254049420357
0.0023705349303781986
0.0016997255152091384
0.0013471634592860937
0.0005262207705527544
0.00011423839896451682
0.0003433281963225454
0.00037953152786940336
0.0003356239467393607
0.0001970379671547562
7.45481884223409e-05
0.00011182976595591754
0.00034672010224312544
0.0006763644050806761
0.0005625865887850523
0.00021884225134272128
9.175825834972784e-05
9.455792314838618e-05
9.866451728157699e-05
0.0001148093506344594
0.0001145675269071944
8.478217205265537e-05
6.187664985191077e-05
0.00010970995208481327
0.00014613420353271067
0.0002675377472769469
0.00034789153141900897
0.000253381731454283
7.018391625024378e-05
3.2688396458979696e-05
