9.924797632265836e-05
0.00031137815676629543
0.0003865195903927088
0.00036843231646344066
0.0002830377488862723
9.187245450448245e-05
0.000127224120660685
0.00016303957090713084
0.000331245013512671
0.00038756904541514814
0.00018656588508747518
0.00016802141908556223
0.00021984460181556642
0.0005491420160979033
0.00056027143727988
0.0006788346800021827
0.0003839089476969093
0.00027578751905821264
0.00025116532924585044
0.00016459825565107167
0.00019179366063326597
0.0002189020742662251
0.00029932972392998636
0.00041801141924224794
0.0003888833161909133
0.0003247775894124061
0.0002114816743414849
0.00015667357365600765
0.0004997325595468283
0.001499823178164661
0.0028304860461503267
0.004259462933987379
0.004570703022181988
0.004099836573004723
0.0032006651163101196
0.002343966858461499
0.0018908730708062649
0.0011905868304893374
0.00026346908998675644
7.96212480054237e-05
0.00025217756046913564
0.00033099271240644157
0.000295993551844731
0.00024798529921099544
9.338345989817753e-05
0.00012326987052801996
0.00035643429146148264
0.000541799352504313
0.00042372633470222354
0.00022356976114679128
7.857256423449144e-05
7.540093793068081e-05
0.00012014780077151954
9.35629868763499e-05
0.00013011149712838233
8.156716648954898e-05
7.054540037643164e-05
0.00012933355174027383
0.00015324044215958565
0.00019351410446688533
0.00031096901511773467
0.0003092934493906796
0.00010177630610996857
3.882250530296005e-05
