9.823066648095846e-05
0.0004164311976637691
0.00038773135747760534
0.00037577791954390705
0.00028327712789177895
0.00010245522571494803
0.00014389047282747924
0.00017428683349862695
0.0003670110600069165
0.0003686417476274073
0.0002273547725053504
0.00016604662232566625
0.00021698714408557862
0.0004913986194878817
0.0005797538324259222
0.0006448660278692842
0.0004607535956893116
0.00024031056091189384
0.00026082139811478555
0.00015422783326357603
0.00017717723676469177
0.0002425616985419765
0.0003485066699795425
0.0004171287582721561
0.0003820314013864845
0.00030161868198774755
0.0002030738687608391
0.00016317279369104654
0.0004998556105419993
0.0011319260811433196
0.0026141086127609015
0.003965505864471197
0.004644338972866535
0.004201747011393309
0.0034203599207103252
0.002470712410286069
0.0021471765358000994
0.0009077914874069393
0.00023671015514992177
9.133574349107221e-05
0.00026269149384461343
0.0003766007430385798
0.00031222571851685643
0.00022453293786384165
8.325927046826109e-05
0.0001110405646613799
0.0003931284009013325
0.0004968467401340604
0.00039218959864228964
0.00018449292110744864
7.137656211853027e-05
8.327015530085191e-05
0.00012062654423061758
0.00010366133210482076
0.00010816399299073964
8.131033246172592e-05
7.255844684550539e-05
0.00011465552233858034
0.0001561582466820255
0.00024052002117969096
0.000303982465993613
0.0002591843658592552
5.717904423363507e-05
3.9031954656820744e-05
