0.00010020544868893921
0.00027066541952081025
0.0004015847807750106
0.00038799975300207734
0.0001562325342092663
0.00011676672875182703
0.00014209485379979014
0.0001604364369995892
0.00026612859801389277
0.00038215023232623935
0.00022736510436516255
0.0001665339368628338
0.0002632454561535269
0.0006335960351862013
0.0005841926904395223
0.0005902012344449759
0.00048288016114383936
0.00037577791954390705
0.000322608306305483
0.0002574702666606754
0.00018919052672572434
0.00023890426382422447
0.00026714970590546727
0.00046549609396606684
0.0004504757234826684
0.00041015713941305876
0.00028003068291582167
0.00016452997806482017
0.0004413464048411697
0.0012325834250077605
0.0027097531128674746
0.004466388840228319
0.005068731959909201
0.004589750897139311
0.0037384608294814825
0.002605278277769685
0.0020056352950632572
0.0013479696353897452
0.00018009640916716307
7.253132207551971e-05
0.00029868647106923163
0.00039298247429542243
0.00035442927037365735
0.000298043160000816
0.00011304156214464456
0.00012288452126085758
0.00023386259272228926
0.0005422434187494218
0.00046399066923186183
0.00020725982903968543
8.241321484092623e-05
9.500401938566938e-05
0.00010704053420340642
0.0001489411515649408
0.0001231268106494099
8.67896233103238e-05
6.970098183955997e-05
0.00010645893780747429
0.00016495451563969254
0.00020391166617628187
0.00034410652006044984
0.00028152676532045007
0.00010086371912620962
3.7625664845108986e-05
