0.00010385681525804102
0.0003643481177277863
0.00043201446533203125
0.0004160216776654124
0.0002569923235569149
0.00013126531848683953
0.00016084691742435098
0.00019003111810889095
0.0003752776829060167
0.00038766028592363
0.00022847681248094887
0.00019230232283007354
0.00026261666789650917
0.0005408520810306072
0.0006800895207561553
0.000568349554669112
0.0005833100876770914
0.0002883962879423052
0.0002226646465715021
0.00018476969853509218
0.00022786343470215797
0.00024832936469465494
0.00028716688393615186
0.00044028760748915374
0.0004175775684416294
0.0003356598608661443
0.00018472406372893602
0.0001712743833195418
0.0005092929350212216
0.0012558267917484045
0.002362917410209775
0.004748234525322914
0.0051286788657307625
0.00463222898542881
0.0034363919403403997
0.002707216190174222
0.002325852634385228
0.0008668947848491371
0.00022945203818380833
8.168715430656448e-05
0.0003137778548989445
0.00036597877624444664
0.0003367607423570007
0.00019899618928320706
8.227528451243415e-05
0.0001479238417232409
0.0004292907251510769
0.0005930493352934718
0.0004723479796666652
0.00023305471404455602
8.44221212901175e-05
0.00010045977251138538
0.00013670908811036497
0.00012339421664364636
0.00015834196528885514
9.519630839349702e-05
6.180183845572174e-05
0.00011512106721056625
0.00017971695342566818
0.0003036523994524032
0.0003834638628177345
0.00022751277720090002
0.00011446322605479509
3.4409160434734076e-05
