9.565746586304158e-05
0.0003960372705478221
0.0003813282528426498
0.00036508115590550005
0.000167872232850641
0.00012477995187509805
0.0001421846100129187
0.0001622316922293976
0.0003315064823254943
0.0003149784461129457
0.0002308256080141291
0.00015374910435639322
0.00016712378419470042
0.0005225375643931329
0.0005661784671247005
0.0007045649108476937
0.00041252095252275467
0.00024129795201588422
0.0002767068217508495
0.00016063463408499956
0.0001964164403034374
0.00021127222862560302
0.00022153514146339148
0.00040945239015854895
0.00038719933945685625
0.00031837166170589626
0.00019677550881169736
0.00018067068594973534
0.00045705304364673793
0.0014370835851877928
0.002769876504316926
0.00420687859877944
0.004668545443564653
0.004278135485947132
0.003513623960316181
0.0024559912271797657
0.0020106020383536816
0.0008939392864704132
9.454663813812658e-05
8.880835230229422e-05
0.0002846086281351745
0.00042465387377887964
0.00034596159821376204
0.00032097758958116174
9.439640416530892e-05
0.00010700258280849084
0.0003830936038866639
0.0005179775762371719
0.0004529441939666867
0.00017318697064183652
6.820773705840111e-05
0.00010017366003012285
0.00011634783004410565
0.00010799987649079412
0.00013430042599793524
8.151978545356542e-05
4.7018991608638316e-05
0.00011619822180364281
0.00015362308477051556
0.0002019142993958667
0.00034424118348397315
0.0002004599809879437
6.910256342962384e-05
3.801463753916323e-05
