0.0001108405995182693
0.0004548032011371106
0.00043382091098465025
0.00043072784319519997
0.00026288596563972533
0.00012631152640096843
0.0001591348700458184
0.0001915770844789222
0.0003559189790394157
0.0003643181989900768
0.0002522490394767374
0.00018922043091151863
0.00027361264801584184
0.0005260861362330616
0.0006240407819859684
0.0007194506470113993
0.0007568818400613964
0.00022517053002957255
0.0002892884658649564
0.00019126172992400825
0.000219827561522834
0.00025345428730361164
0.0003852918744087219
0.0004660795093514025
0.0004263145092409104
0.00033583672484382987
0.00018250124412588775
0.00013537611812353134
0.0006391276838257909
0.0013587184948846698
0.0028137005865573883
0.004688202869147062
0.005337309557944536
0.004887985065579414
0.004256173502653837
0.0028976104222238064
0.0025878828018903732
0.0011278190650045872
0.00029631072538904846
8.332080324180424e-05
0.00026614736998453736
0.0004559662484098226
0.0003464104374870658
0.000244386144913733
6.620489875786006e-05
0.00015087668725755066
0.0003429545904509723
0.0005752163706347346
0.00046288312296383083
0.00013264824519865215
7.804894266882911e-05
9.040632721735165e-05
0.0001132095349021256
0.0001468822156311944
0.00011805332178482786
8.817721391096711e-05
6.872254743939266e-05
0.0001750079682096839
0.0001621120172785595
0.00024236331228166819
0.00036635619471780956
0.00018723068933468312
8.268241072073579e-05
3.662638846435584e-05
