9.921121090883389e-05
0.00035828023101203144
0.0004058784688822925
0.00038589120958931744
0.00028466846561059356
9.544800559524447e-05
0.0001413292484357953
0.00016987966955639422
0.00041140822577290237
0.0003614167799241841
0.00022258235549088567
0.00016112462617456913
0.00019390307716093957
0.0004912791191600263
0.0006076042773202062
0.0005723547074012458
0.0004386691143736243
0.00024984602350741625
0.00027711340226233006
0.000165253717568703
0.00017503788694739342
0.00023263582261279225
0.00023489486193284392
0.0004269129130989313
0.00040952881681732833
0.0003733094490598887
0.0002616890997160226
9.529840463073924e-05
0.0002633497351780534
0.0008607077761553228
0.001993217971175909
0.004312403034418821
0.005105848424136639
0.004611763637512922
0.0036491481587290764
0.0026987388264387846
0.0021670330315828323
0.0012093554250895977
0.0002717136521823704
8.769566193223e-05
0.00032953033223748207
0.00043980893678963184
0.00037859982694499195
0.0002780288050416857
0.00010874136205529794
0.00011532210919540375
0.0003449648793321103
0.0005502558196894825
0.00044939856161363423
0.00020033144392073154
7.838088640710339e-05
0.00010656366794137284
0.00011385972175048664
0.0001351915270788595
0.00010971097799483687
8.508038445143029e-05
6.877342821098864e-05
8.45418035169132e-05
0.00016268050239887089
0.00018024415476247668
0.0003509733942337334
0.00026720648747868836
8.970466296887025e-05
3.296733848401345e-05
