9.645036334404722e-05
0.00024236015451606363
0.00042023026617243886
0.00038339279126375914
0.0002107486070599407
0.00010971764277201146
0.0001561577373649925
0.00017804495291784406
0.0002978636184707284
0.0003733399498742074
0.00015986138896550983
0.00016076555766630918
0.00023847041302360594
0.000553841411601752
0.00048159356811083853
0.000545340299140662
0.000488569843582809
0.0002735826710704714
0.00022862547484692186
0.0001672845974098891
0.00019136632909066975
0.00023150256311055273
0.00031934690196067095
0.00042531214421615005
0.0004081337829120457
0.0003458419523667544
0.00021626902162097394
0.0001011928470688872
0.0002902188280131668
0.0008498314418829978
0.0018238798948004842
0.0037315834779292345
0.004714189097285271
0.004290103912353516
0.0037034875713288784
0.002537002321332693
0.0021865523885935545
0.001062552211806178
0.0003752393531613052
5.952784704277292e-05
0.0002886501024477184
0.0003890996449626982
0.0003355388471391052
0.00021253919112496078
9.36087963054888e-05
0.00011120142153231427
0.00029373448342084885
0.0005157782579772174
0.0004705976170953363
0.00022584374528378248
7.800406456226483e-05
9.53193666646257e-05
0.00010699751874199137
0.00012128480011597276
0.00012744852574542165
8.252858970081434e-05
5.126309770275839e-05
0.00010059442138299346
0.00015877581608947366
0.0001615435176063329
0.00029570929473266006
0.00025783840101212263
4.903772787656635e-05
3.487480353214778e-05
