9.8499956948217e-05
0.0002815740299411118
0.00038921806844882667
0.0003760565596166998
0.00023218701244331896
0.00010244952864013612
0.00012602728384081274
0.00015650183195248246
0.00018615352746564895
0.00035561900585889816
0.000223211754928343
0.0001750079682096839
0.0002791480510495603
0.00046794957597739995
0.0006269199075177312
0.0005150302895344794
0.00042451845365576446
0.00025773842935450375
0.0002569385105744004
0.00015364437422249466
0.0001858244213508442
0.00020956671505700797
0.0002191414387198165
0.0003958660236094147
0.000372947717551142
0.0003173389704898
0.00018946964701171964
0.00016925563977565616
0.0004856562882196158
0.0011684807250276208
0.002568337135016918
0.004240960814058781
0.00456700986251235
0.004141184035688639
0.0030638661701232195
0.00233182730153203
0.0017937644151970744
0.0008755335584282875
0.00020940217655152082
6.587109237443656e-05
0.00024105860211420804
0.00037570312269963324
0.0003058674919884652
0.0002475215296726674
9.93227877188474e-05
9.003230661619455e-05
0.00032643036684021354
0.0005155844846740365
0.0004281795700080693
0.0001485278771724552
7.390488462988287e-05
9.21716564334929e-05
0.00010934632155112922
0.0001134754202212207
0.00013528783165384084
0.0001058455600286834
8.291111589642242e-05
0.00011765687668230385
0.00013756181579083204
0.0001631293271202594
0.00027932756347581744
0.00035983003908768296
0.00011417855421314016
4.070752765983343e-05
