9.480470907874405e-05
0.00023891923774499446
0.0003915378183592111
0.0003651409351732582
0.0001807322259992361
0.00010721538274083287
0.00013953099551144987
0.00017359461344312876
0.00033867586171254516
0.00036021845880895853
0.00023350284027401358
0.0001718213752610609
0.00028463854687288404
0.0005173043464310467
0.0006151609704829752
0.0005475395009852946
0.0005202215979807079
0.00023560361296404153
0.00026947699370794
0.00015923960017971694
0.0001754268741933629
0.00022099654597695917
0.0002883188135456294
0.0003949423262383789
0.00036731030559167266
0.00029597862157970667
0.00017717723676469177
0.00012723908002953976
0.00038240544381551445
0.001053488696925342
0.0023182949516922235
0.00398314418271184
0.004685150925070047
0.004207252524793148
0.0033432235941290855
0.002459596609696746
0.001967545598745346
0.0010415802244096994
0.00027328351279720664
7.472771540051326e-05
0.00023434132162947208
0.00039827849832363427
0.0003203492669854313
0.00030054154922254384
0.00011902575351996347
0.00011290393740637228
0.00029393876320682466
0.0005032717599533498
0.000409335654694587
0.00018636298773344606
6.820493581471965e-05
7.532612653449178e-05
0.00011188661301275715
0.0001235544477822259
9.721334936330095e-05
8.520005940226838e-05
6.917736754985526e-05
9.226141992257908e-05
0.00015117587463464588
0.00018269768042955548
0.00030607692315243185
0.0002781212388072163
8.332849392900243e-05
3.639564965851605e-05
