3.612961882026866e-05
5.487036469276063e-05
7.873058348195627e-05
5.8956542488886043e-05
4.771840031025931e-05
4.469824489206076e-05
4.676466414821334e-05
5.6562465033493936e-05
6.968602247070521e-05
7.275293319253251e-05
5.8090503443963826e-05
5.77546343265567e-05
7.288102642633021e-05
7.157759682741016e-05
8.159178105415776e-05
9.45802967180498e-05
8.344968955498189e-05
5.5623153457418084e-05
5.554835297516547e-05
5.738848994951695e-05
5.061138654127717e-05
5.732865247409791e-05
5.462079934659414e-05
6.889945507282391e-05
6.303608097368851e-05
4.850195182370953e-05
5.643940676236525e-05
4.93171792186331e-05
8.111491479212418e-05
0.00014026221469976008
0.0003863409801851958
0.0005297028110362589
0.000560079119168222
0.00046513701090589166
0.0004822219198103994
0.00021191552514210343
0.00015987319056876004
0.00010864085197681561
8.690556569490582e-05
4.8816124035511166e-05
6.003650196362287e-05
5.898525341763161e-05
6.746115832356736e-05
5.47857562196441e-05
4.538175926427357e-05
4.699438068200834e-05
8.828192949295044e-05
0.00010007827950175852
8.717485616216436e-05
5.098539622849785e-05
4.3041367462137714e-05
4.470198473427445e-05
4.283192174625583e-05
4.049808194395155e-05
4.4672065996564925e-05
5.390269870986231e-05
4.064768654643558e-05
3.861305958707817e-05
4.4687025365419686e-05
4.8428672016598284e-05
6.186183600220829e-05
5.5039570725057274e-05
3.935683344025165e-05
3.104397910647094e-05
