9.858972043730319e-05
0.00031341335852630436
0.0003857565752696246
0.00035184112493880093
0.00023597179097123444
0.00010059565829578787
0.00015157980669755489
0.00017001114611048251
0.0003188382543157786
0.0003909628139808774
0.00023971214250195771
0.0001546317507745698
0.0002741056669037789
0.0006228983402252197
0.0005581558216363192
0.0005225105560384691
0.00026402994990348816
0.00023724084894638509
0.0002764438686426729
0.0001596229412825778
0.00019508590048644692
0.0002230938262073323
0.00025814605760388076
0.00039296940667554736
0.000368911016266793
0.00029468731372617185
0.0001792866678442806
0.00012503427569754422
0.0004246239550411701
0.0010932238074019551
0.002326926914975047
0.0038004466332495213
0.004820737522095442
0.004461835604161024
0.003817247459664941
0.0024406544398516417
0.0019548970740288496
0.0011160819558426738
0.0002912420895881951
8.235475979745388e-05
0.00028294051298871636
0.0003584920195862651
0.00031587606645189226
0.00021676273900084198
8.171427180059254e-05
9.803618740988895e-05
0.00025491201085969806
0.0005136987892910838
0.0005448765004985034
0.0002064543659798801
7.369887316599488e-05
9.242741361958906e-05
0.0001042111252900213
0.00010883314098464325
0.00010438597382744774
8.252213592641056e-05
7.142144022509456e-05
8.796776091912761e-05
0.00017022060637827963
0.00017120799748227
0.0003026809135917574
0.0003597402828745544
0.0001246060273842886
3.6641769838752225e-05
