9.94424699456431e-05
0.00037993508158251643
0.00035914371255785227
0.00040578123298473656
0.0002595048863440752
0.0001182478154078126
0.00013789889635518193
0.00015473534585908055
0.0003029022482223809
0.000291079020826146
0.00021656639000866562
0.00015701969095971435
0.0002568568743299693
0.0005142972222529352
0.0005960564594715834
0.0005352119915187359
0.00047982821706682444
0.00022730989439878613
0.00026532451738603413
0.00015548450755886734
0.0001575490750838071
0.00021320527594070882
0.00029416484176181257
0.00040914336568675935
0.0003806821769103408
0.00035155026125721633
0.00017758490866981447
0.00011577076656976715
0.0004467122198548168
0.0010602958500385284
0.0024515779223293066
0.003902626922354102
0.004747623577713966
0.004360225051641464
0.0035242631565779448
0.0026662733871489763
0.0021860923152416945
0.0009230855503119528
0.00024427511380054057
6.744194979546592e-05
0.0002918496902566403
0.00037823166348971426
0.0003332657797727734
0.0002214752894360572
0.00010032514546765015
9.435589163331315e-05
0.0002630655071698129
0.0005088665639050305
0.0005254877032712102
0.0002720118791330606
8.895514474716038e-05
7.839303725631908e-05
0.00012707451242022216
0.00012761549442075193
0.00012661561777349561
8.70280564413406e-05
6.12613876000978e-05
0.00012193465227028355
0.0001465680543333292
0.00021381551050581038
0.0003181351057719439
0.0003388553741388023
0.00011298173194518313
3.6434106732485816e-05
