0.00010119559010490775
0.0004091997107025236
0.00041989595047198236
0.00038217633846215904
0.00022996068582870066
0.00011097700917162001
0.00014004526019562036
0.00016432616394013166
0.00027600632165558636
0.00042136257980018854
0.00027949214563705027
0.00017360168567392975
0.0002669526729732752
0.0005343977245502174
0.0005305443191900849
0.0006327395094558597
0.00057351088616997
0.00023289016098715365
0.0002540619170758873
0.00016893363499548286
0.00021560702589340508
0.00022150427685119212
0.0003350105253048241
0.0004222751595079899
0.00040499577880837023
0.00035326238139532506
0.00021449432824738324
0.00013229572505224496
0.00037073620478622615
0.0009977160952985287
0.0023139710538089275
0.0041852910071611404
0.00493907555937767
0.0045608291402459145
0.003710593795403838
0.002709392225369811
0.002139022806659341
0.0011469321325421333
0.0003495671262498945
6.135302828624845e-05
0.000163293894729577
0.00037450046511366963
0.00032452784944325686
0.00023375666933134198
0.00010327225754735991
0.000155823930981569
0.00032651846413500607
0.000555564824026078
0.000387970736483112
0.00018917555280495435
8.029302262002602e-05
9.124411008087918e-05
0.00011586910113692284
0.00011214393452974036
0.00013286422472447157
8.329093543579802e-05
7.905130041763186e-05
8.739472832530737e-05
0.00014635940897278488
0.00019993762543890625
0.0003819538396783173
0.00020623052841983736
8.048750896705315e-05
3.6728033592225984e-05
