0.00010093851597048342
0.0003372997744008899
0.0004119645745959133
0.00036593389813788235
0.0002892164629884064
9.680941730039194e-05
0.0001470747374696657
0.00016784094623290002
0.0003321680414956063
0.0003758826351258904
0.0002275492443004623
0.00016968202544376254
0.00021653833391610533
0.0005488036549650133
0.00041840228368528187
0.0006087429355829954
0.0004639401740860194
0.0002216697612311691
0.00023363358923234046
0.00016351121303159744
0.00018913891108240932
0.0002132021327270195
0.0003050895466003567
0.0004181011754553765
0.0004004029033239931
0.0003629417915362865
0.00026530955801717937
0.00012959798914380372
0.0004678671539295465
0.0014260996831580997
0.002718443050980568
0.003914161119610071
0.004551074933260679
0.0038339882157742977
0.003659548470750451
0.0022606682032346725
0.0018320655217394233
0.0008124301675707102
0.00023621140280738473
8.726461965125054e-05
0.00022822247410658747
0.0003951367980334908
0.0003309126477688551
0.0002196891000494361
6.533064879477024e-05
0.0001347791840089485
0.0003726511786226183
0.0004890738055109978
0.000451684434665367
0.0003772471973206848
0.00025992377777583897
0.00021212497085798532
0.0001761635357979685
0.00022557444754056633
0.00017364656378049403
9.528344526188448e-05
8.591817459091544e-05
9.223149390891194e-05
0.00017313790158368647
0.00016280017734970897
0.00031164224492385983
0.000371708651073277
0.00012058165157213807
3.8254005630733445e-05
