0.00010167159052798524
0.0002769189013633877
0.0004064244858454913
0.0003690157609526068
0.0002288034011144191
0.00012192810390843078
0.00014590976934414357
0.00016785685147624463
0.0002166280901292339
0.0003788239264395088
0.00022279642871581018
0.00016878749011084437
0.00030462577706202865
0.0005537330871447921
0.0006317670922726393
0.0005331026040948927
0.0005723589565604925
0.00021003051369916648
0.00030501472065225244
0.00017249460506718606
0.00019862237968482077
0.00022134275059215724
0.0003529603418428451
0.0003877762355841696
0.0003649614518508315
0.00031578628113493323
0.00019957312906626612
0.00012128479284001514
0.0003651709412224591
0.0009446809999644756
0.0018714693142101169
0.004185623489320278
0.004740794654935598
0.004337988328188658
0.0034809608478099108
0.0025795609690248966
0.0021127781365066767
0.0009019603603519499
0.0002483200514689088
7.057617767713964e-05
0.0002345358079764992
0.00038758176378905773
0.0003124201903119683
0.0002968612825497985
0.00011992338841082528
6.623014633078128e-05
0.0003168681578245014
0.0005528416368179023
0.00046143712825141847
0.00014120001287665218
7.752251258352771e-05
9.616799070499837e-05
0.00011025890853488818
0.00012065645569236949
0.00012370840704534203
8.43024390633218e-05
7.365055353147909e-05
0.00011510161857586354
0.00015871947107370943
0.00021602802735287696
0.0003802688734140247
0.00025952639407478273
8.510469342581928e-05
3.503749758237973e-05
