0.00010680210107238963
0.00027543786563910544
0.0004165424907114357
0.00039871386252343655
0.00013148787547834218
0.00012429282651282847
0.0001463286462239921
0.00016081043577287346
0.00025238367379643023
0.00035669581848196685
0.00021750475571025163
0.00017488266166765243
0.00029265269404277205
0.0005852894973941147
0.0005841291276738048
0.0005992131191305816
0.0004609630268532783
0.00022784846078138798
0.00028994950116612017
0.00016443038475699723
0.00019510742276906967
0.0002246116055175662
0.00037441932363435626
0.0004238011606503278
0.0003902596654370427
0.0003451388038229197
0.00021828868193551898
0.00016439570754300803
0.00046807483886368573
0.0010892698774114251
0.003033440327271819
0.004476077854633331
0.004933016374707222
0.004607819952070713
0.003855516202747822
0.002782208379358053
0.00217831670306623
0.0011698370799422264
0.00015337602235376835
7.403953350149095e-05
0.00025598917272873223
0.0004088556161150336
0.0003628221165854484
0.00026290095411241055
8.827405690681189e-05
0.00017925674910657108
0.0003383616858627647
0.0005715701263397932
0.0003294003545306623
0.000207681703614071
8.705112850293517e-05
0.00014052401820663363
0.00012139042519265786
0.00015524514310527593
0.00011864127736771479
8.64558169269003e-05
7.143639959394932e-05
0.00011804742098320276
0.00015499080473091453
0.00022291949426289648
0.00039126205956563354
0.00027885896270163357
6.774115900043398e-05
3.5357308661332354e-05
