0.00010235698573524132
0.0004002675414085388
0.0003906636266037822
0.00037757318932563066
0.00021060557628516108
0.0001111733727157116
0.00014414444740395993
0.0001823628117563203
0.000417727162130177
0.000433271168731153
0.00024400599068030715
0.00018841592827811837
0.00033023813739418983
0.0005842532264068723
0.0006003351300023496
0.0006749880267307162
0.0004227263852953911
0.00031002648756839335
0.00029060369706712663
0.00016592694737482816
0.00020171246433164924
0.0002300177438883111
0.00030061634606681764
0.00042453419882804155
0.0003899604780599475
0.000339648307999596
0.0002126186591340229
0.00015153571439441293
0.0006632094155065715
0.001244222978129983
0.0027528973296284676
0.004263548646122217
0.004977568984031677
0.004552705679088831
0.0038468095008283854
0.0026937436778098345
0.0023230223450809717
0.0014560309937223792
0.0003892872482538223
4.772400643560104e-05
0.00012834616063628346
0.0003980175533797592
0.00032820337219163775
0.0002593653043732047
9.01969033293426e-05
0.00011304801591904834
0.00030810933094471693
0.000538074120413512
0.0004202620475552976
0.0002078182005789131
8.020325913093984e-05
8.817252819426358e-05
0.00012269763101357967
0.00011337069008732215
0.00012318477092776448
7.938042836030945e-05
7.697179535171017e-05
6.742699042661116e-05
0.0001475208264309913
0.00020386023970786482
0.00037561144563369453
0.00032333057606592774
7.60760303819552e-05
3.452510281931609e-05
