0.00010746129555627704
0.00023918853548821062
0.00044862329377792776
0.0004312176606617868
0.00020416225015651435
0.00011672091932268813
0.0001245312305400148
0.000156042879098095
0.0003181158099323511
0.0003254451439715922
0.00019937769684474915
0.000233934581046924
0.00039412977639585733
0.0006007717456668615
0.000675865332596004
0.0005455270875245333
0.0005302591598592699
0.00040528003592044115
0.00041783187771216035
0.0002943927829619497
0.0003048651269637048
0.000302102358546108
0.0004210496845189482
0.0005260832258500159
0.000371020520105958
0.000334831012878567
0.00023239645815920085
0.00014677748549729586
0.0003864597238134593
0.001019348856061697
0.0027718893252313137
0.004585566930472851
0.0049295867793262005
0.0045127421617507935
0.003884004894644022
0.0026248139329254627
0.0020602361764758825
0.0010540488874539733
0.00024177109298761934
7.81424532760866e-05
0.00031233043409883976
0.0003872229135595262
0.00035006582038477063
0.00026866787811741233
8.615379192633554e-05
0.00015308988804463297
0.0004230278718750924
0.0005585532053373754
0.0003699283697642386
0.00016767732449807227
9.202205546898767e-05
0.0001074762549251318
0.00010856836888706312
0.0001147769798990339
0.00013263981963973492
8.947877358878031e-05
6.78159631206654e-05
9.10346643649973e-05
0.0001570553722558543
0.00019468102254904807
0.0003118516760878265
0.0003656047920230776
0.00012457612319849432
3.528808883856982e-05
