9.544801287120208e-05
0.0002658780722413212
0.0003937045985367149
0.0003701634122990072
0.000224350078497082
0.00011711830302374437
0.0001405688963131979
0.0001671686623012647
0.0002653843548614532
0.0003937604487873614
0.0002379168727202341
0.00017156706599052995
0.0002288208925165236
0.0004606937291100621
0.0006280419183894992
0.0004869494296144694
0.00047231404460035264
0.00018432835349813104
0.00024596290313638747
0.00015845027519389987
0.00019892236741725355
0.00023264704213943332
0.0003311058389954269
0.0004195074725430459
0.0003972612030338496
0.00031738707912154496
0.00018808344611898065
0.00013879981997888535
0.00042854362982325256
0.0010163119295611978
0.0022794571705162525
0.004060385283082724
0.004702325910329819
0.00431188615038991
0.0036974435206502676
0.0024688122794032097
0.00215163454413414
0.0008725725929252803
0.00021918916900176555
7.55063520045951e-05
0.00035097342333756387
0.0004010761622339487
0.0003277996147517115
0.00026581823476590216
9.887397027341649e-05
9.857475379249081e-05
0.0002809582802001387
0.0005116192623972893
0.0004774345434270799
0.0002470278413966298
8.011349564185366e-05
0.00010154170013265684
0.0001112866957555525
0.0001396740844938904
0.0001076286644092761
8.437724318355322e-05
6.778603710699826e-05
9.619603952160105e-05
0.00015811754565220326
0.00018806848675012589
0.00032028942951001227
0.0003210972645319998
0.00011304156942060217
3.568804095266387e-05
