9.413489169673994e-05
0.00030131946550682187
0.00037641290691681206
0.0003547652449924499
0.00024977780412882566
0.00011349037959007546
0.00013257998216431588
0.00016216521908063442
0.000298179715173319
0.0002978935372084379
0.00020335812587291002
0.00016665698785800487
0.0003309562453068793
0.0005720896879211068
0.0005821132217533886
0.000528810836840421
0.00041276600677520037
0.00023331055126618594
0.0002430478489259258
0.00014511033077724278
0.00019753379456233233
0.00021808326710015535
0.00035011503496207297
0.0004005833761766553
0.000382907543098554
0.0003185624082107097
0.00016946230607572943
0.0001625318400328979
0.0005311810527928174
0.0009479635627940297
0.0025935950689017773
0.00396552262827754
0.004254932515323162
0.00392478471621871
0.0031490696128457785
0.0021291938610374928
0.0017468632431700826
0.0012588067911565304
0.00035939618828706443
5.4037336667533964e-05
0.00013204141578171402
0.00038925735861994326
0.00029095186619088054
0.00027286462136544287
9.900861186906695e-05
6.877342821098864e-05
0.000232261823839508
0.0004792746913153678
0.00047701565199531615
0.0002367798879276961
8.1444981333334e-05
6.283411494223401e-05
0.0001155549252871424
9.751255856826901e-05
0.00013649962784256786
7.908121915534139e-05
7.305214239750057e-05
5.5548349337186664e-05
0.00014421925880014896
0.00019722255819942802
0.00026584812439978123
0.0003624481032602489
0.00011902575351996347
3.5949546145275235e-05
