0.00011001953680533916
0.000410973938414827
0.00048319436609745026
0.0004670669441111386
0.0002833199396263808
0.00013699130795430392
0.00019002830958925188
0.00019758335838560015
0.0002568269846960902
0.0004293948004487902
0.0002587767376098782
0.0002036217920249328
0.00031957129249349236
0.0006079350714571774
0.0007212159689515829
0.0006846565520390868
0.0005561026628129184
0.0003504965570755303
0.0002818708308041096
0.00019644635904114693
0.0002512622741051018
0.0002536609536036849
0.00039011010085232556
0.0004851242701988667
0.00044467757106758654
0.00036638692836277187
0.0001449672708986327
0.00014891686441842467
0.0008594238897785544
0.0014691215474158525
0.002857874846085906
0.004823894705623388
0.005752762779593468
0.005331683903932571
0.004615494981408119
0.0030764781404286623
0.0026326447259634733
0.0016317572444677353
0.0004339144506957382
5.8390844060340896e-05
0.00015780338435433805
0.00046081413165666163
0.00039265304803848267
0.00019492693536449224
9.392671927344054e-05
0.0001577884249854833
0.00039462815038859844
0.0006391250062733889
0.0005016246577724814
0.0001237233664141968
7.915603055153042e-05
9.923302422976121e-05
0.0001487522677052766
0.0001392896956531331
0.0001348146324744448
9.56873846007511e-05
7.43387354305014e-05
0.00010197078518103808
0.0001920180511660874
0.00018390946206636727
0.0003267374122515321
0.000338054436724633
9.684995893621817e-05
3.9164548070402816e-05
