9.961885371012613e-05
0.0003771991760004312
0.0004178917151875794
0.0003725169808603823
0.00023061857791617513
0.00010403370106359944
0.0001467625261284411
0.00016567260900046676
0.0002915652294177562
0.0003975305298808962
0.00023674995463807136
0.00016149863949976861
0.00019749358762055635
0.0005708240787498653
0.0005039295647293329
0.0005515638622455299
0.0006617479375563562
0.00020733762357849628
0.0002738595358096063
0.0001670800120336935
0.00020020426018163562
0.00020413605670910329
0.0002645615313667804
0.000405414670240134
0.0004075391043443233
0.00037422202876769006
0.0001869622356025502
0.00020220615260768682
0.00037108035758137703
0.0012142317136749625
0.003561601508408785
0.00438812468200922
0.004787016659975052
0.004423521459102631
0.0038271660450845957
0.0024984341580420732
0.0018090605735778809
0.0009680918883532286
0.0002612226235214621
9.601650526747108e-05
0.00028202045359648764
0.000414181558880955
0.0003382719587534666
0.0002766945108305663
8.272087143268436e-05
0.0001133172117988579
0.00041540825623087585
0.0005345387617126107
0.0004900013445876539
0.00025208445731550455
7.704560994170606e-05
8.687422814546153e-05
9.972671250579879e-05
0.00012273146421648562
9.380235860589892e-05
8.238748705480248e-05
7.583478873129934e-05
0.00010480284981895238
0.00015412310312967747
0.00021843539434485137
0.0003858612908516079
0.00025645297137089074
0.00011507618910400197
3.669561192509718e-05
