9.194284939439967e-05
0.0003112083941232413
0.0003708110307343304
0.0003434589016251266
0.00021412823116406798
0.00010704240412451327
0.00013621537073049694
0.0001633387728361413
0.00026508516748435795
0.0004179366515018046
0.0002379168727202341
0.0001515114272478968
0.00018236851610708982
0.0005252217524684966
0.0005546875181607902
0.000518338056281209
0.0004851419944316149
0.00024803393171168864
0.00022156786872074008
0.00015095116395968944
0.00019128687563352287
0.00021784829732496291
0.00025677698431536555
0.00040222809184342623
0.0003905374032910913
0.0003424533933866769
0.00020001349912490696
0.0001345248456345871
0.0003929974336642772
0.0009735398343764246
0.002187285805121064
0.0038117016665637493
0.004563028458505869
0.004171926062554121
0.0033566285856068134
0.0024501716252416372
0.0019116532057523727
0.0010013515129685402
0.0002387397107668221
7.052381261019036e-05
0.0003103782655671239
0.0003863153688143939
0.0003194366581737995
0.00020551336638163775
8.047909068409353e-05
0.00011748389806598425
0.0003596841706894338
0.0005190368974581361
0.00040907159564085305
0.00017693318659439683
7.866699888836592e-05
0.00010510127322049811
0.00011150717182317749
0.00012279300426598638
0.0001258464908460155
8.214811532525346e-05
7.043404912110418e-05
9.265039989259094e-05
0.00015092156536411494
0.0001790024252841249
0.0002954699157271534
0.0003184044035151601
0.00010451408161316067
4.19043681176845e-05
