3.473829201539047e-05
4.359478771220893e-05
4.883108340436593e-05
5.9153833717573434e-05
7.417417509714141e-05
5.300904740579426e-05
5.1278486353112385e-05
5.3139800002099946e-05
5.6460943596903235e-05
6.33278104942292e-05
5.747825707658194e-05
5.122476432006806e-05
4.890953641734086e-05
4.971713133272715e-05
4.353787153377198e-05
4.924436871078797e-05
4.7963374527171254e-05
4.467206235858612e-05
4.3894116970477626e-05
4.553977123578079e-05
4.084896499989554e-05
4.356498902780004e-05
5.3319232392823324e-05
6.1038852436468e-05
6.0769660194637254e-05
5.229630914982408e-05
4.5345288526732475e-05
4.597363295033574e-05
6.727421714458615e-05
8.392842573812231e-05
0.00013994054461363703
0.00017702762852422893
0.0001873503642855212
0.00014365075912792236
7.48141246731393e-05
6.897072307765484e-05
6.184672383824363e-05
5.6356217100983486e-05
4.823266135645099e-05
4.0779737901175395e-05
4.023159999633208e-05
5.388773570302874e-05
4.714054739451967e-05
4.218862159177661e-05
4.1541185055393726e-05
3.738630039151758e-05
3.940596798202023e-05
4.033352161059156e-05
4.283192174625583e-05
4.1171308112097904e-05
4.042327782372013e-05
3.930124148610048e-05
3.6428828025236726e-05
3.721093889907934e-05
3.6289504350861534e-05
3.832413858617656e-05
3.765652218135074e-05
3.829889101325534e-05
3.994454527855851e-05
4.354795964900404e-05
4.2294941522413865e-05
4.7032841393956915e-05
3.859436037600972e-05
3.32534582412336e-05
