0.00010970537550747395
0.0004706574836745858
0.0004612024058587849
0.0004343333130236715
0.0003758527454920113
0.0001472593139624223
0.00016583400429226458
0.0002042707201326266
0.00039389508310705423
0.00047906526015140116
0.0002491223276592791
0.00020445024711079895
0.0003245477855671197
0.000639777397736907
0.0005377141060307622
0.0007552604656666517
0.000489552563522011
0.0002950211346615106
0.00034807107294909656
0.00022110127611085773
0.0001871259737526998
0.0002724520454648882
0.00037617809721268713
0.000517229491379112
0.0004748314677271992
0.000380041659809649
0.00025794896646402776
0.00010198575182585046
0.0005432427278719842
0.0012899227440357208
0.0034392692614346743
0.005024419631808996
0.005183904431760311
0.004878305830061436
0.003941120579838753
0.0029621690046042204
0.0020282575860619545
0.0014613099629059434
0.0001607515587238595
0.00014560310228262097
0.0002614656405057758
0.0005112303188070655
0.0003316743823233992
0.00029429554706439376
0.00011463244300102815
0.00018360931426286697
0.0003933864354621619
0.000530290009919554
0.0005490804323926568
0.00024476880207657814
9.959207091014832e-05
8.306071686092764e-05
0.00013304376625455916
0.00011619822907960042
0.0001327654899796471
0.0001002110875560902
7.587554136989638e-05
0.00017418326751794666
0.00016813373076729476
0.0002549868368078023
0.00037149921990931034
0.00033116567647084594
0.0001371429389109835
4.3669708247762173e-05
