3.066903445869684e-05
3.333200220367871e-05
3.88338157790713e-05
3.849540007649921e-05
3.724170528585091e-05
3.650362850748934e-05
3.452884266152978e-05
3.6264260415919125e-05
3.4843011235352606e-05
3.6383946280693635e-05
3.8388654502341524e-05
3.665323310997337e-05
3.856817784253508e-05
3.737133738468401e-05
3.57855242327787e-05
3.6130550142843276e-05
3.820912752416916e-05
3.612961882026866e-05
3.9660295442445204e-05
3.768551323446445e-05
4.0104438085108995e-05
3.9031954656820744e-05
3.750598625629209e-05
3.9241404010681435e-05
3.7172478187130764e-05
3.7141715438337997e-05
3.814159572357312e-05
3.938759982702322e-05
3.888765786541626e-05
3.890304287779145e-05
5.1612802053568885e-05
7.742715388303623e-05
8.532056381227449e-05
0.00010041490168077871
7.315687253139913e-05
7.559543155366555e-05
5.330427302396856e-05
4.631771662388928e-05
4.350514427642338e-05
3.9136677514761686e-05
3.7610705476254225e-05
3.716189166880213e-05
4.0572889702161774e-05
3.873274545185268e-05
3.969021781813353e-05
3.6664849176304415e-05
4.042593718622811e-05
4.257183172740042e-05
4.0548995457356796e-05
3.8518472138093784e-05
3.814928641077131e-05
3.686174750328064e-05
3.422308509470895e-05
3.948450830648653e-05
3.5955701605416834e-05
3.752935663214885e-05
3.452510281931609e-05
3.5018889320781454e-05
3.6607420042855665e-05
3.6130550142843276e-05
3.740219472092576e-05
3.628950798884034e-05
3.4493310522520915e-05
3.113935235887766e-05
