0.00010871798440348357
0.000457402435131371
0.00043858212302438915
0.00041728088399395347
0.0001496405602665618
0.00012168873217888176
0.00014703183842357248
0.00017355679301545024
0.0003666561678983271
0.0004000438784714788
0.00021460842981468886
0.00017942131671588868
0.00030388671439141035
0.0005911908228881657
0.0006507068173959851
0.0006958111771382391
0.0004957181517966092
0.0002774088643491268
0.00030688478727824986
0.00018637794710230082
0.00020250538364052773
0.0002556301187723875
0.00026773317949846387
0.0004487702390179038
0.00042511767242103815
0.0003945234348066151
0.00021518985158763826
0.00015435845125466585
0.0004991402965970337
0.0014757734024897218
0.0029594306834042072
0.004651049617677927
0.005059103947132826
0.004606758244335651
0.0036818846128880978
0.0026700159069150686
0.002237268490716815
0.001497337012551725
0.0002602611784823239
0.0001067067205440253
0.00032519083470106125
0.0004079878854099661
0.0003439270076341927
0.0002916101075243205
8.858171349857002e-05
0.00013859111641068012
0.00036077224649488926
0.0006121538463048637
0.0004798282461706549
0.00021806429140269756
8.3808736235369e-05
9.087010403163731e-05
0.00012699970102403313
0.0001078801869880408
0.000137098046252504
9.078135917661712e-05
7.009161345195025e-05
0.00015930505469441414
0.0001635332591831684
0.00022928466205485165
0.00041715410770848393
0.00020172743825241923
7.523715612478554e-05
3.696480780490674e-05
