3.236535849282518e-05
4.147051731706597e-05
4.073745367350057e-05
4.821731272386387e-05
3.930965976906009e-05
3.6294182791607454e-05
3.829234265140258e-05
3.867290433845483e-05
3.8837464671814814e-05
4.0318256651517004e-05
3.699557782965712e-05
3.8856891478644684e-05
3.75878116756212e-05
4.5180720917414874e-05
4.197917223791592e-05
3.6548513890011236e-05
3.569896216504276e-05
3.7518588214879856e-05
3.710325836436823e-05
3.80416058760602e-05
4.041055217385292e-05
3.8642047002213076e-05
3.8181078707566485e-05
3.6925324820913374e-05
3.7772409996250644e-05
4.396704753162339e-05
4.7734294639667496e-05
5.2116840379312634e-05
5.127899203216657e-05
4.951459413859993e-05
4.520690345088951e-05
6.52511662337929e-05
7.319894211832434e-05
5.3932009905111045e-05
3.9121718145906925e-05
4.7320074372692034e-05
4.675157106248662e-05
4.208389509585686e-05
5.587280247709714e-05
4.20277938246727e-05
3.749102688743733e-05
3.7520941987168044e-05
3.5606000892585143e-05
3.7810863432241604e-05
3.7526282540056854e-05
4.47618258476723e-05
4.252055805409327e-05
5.7907433074433357e-05
4.986429485143162e-05
4.155093483859673e-05
3.80380151909776e-05
3.96434661524836e-05
4.2533374653430656e-05
4.6256005589384586e-05
4.1042276279767975e-05
3.994548023911193e-05
3.745706271729432e-05
4.37286144006066e-05
4.182115662842989e-05
3.9318372728303075e-05
3.851488509098999e-05
3.7395526305772364e-05
3.552652196958661e-05
3.252687747590244e-05
