9.782673441804945e-05
0.0004074343596585095
0.000391546287573874
0.000368940964108333
0.00021041328727733344
0.00011556053505046293
0.0001433814613847062
0.0001818598830141127
0.00032972736516967416
0.00038329261587932706
0.0002260233013657853
0.00016404192137997597
0.00023465549747925252
0.00044172382331453264
0.0005346898688003421
0.000560325279366225
0.0002742297656368464
0.00025757125695236027
0.00023544464784208685
0.0001642167626414448
0.00020122158457525074
0.0002315661549801007
0.00031409578514285386
0.00044052701559849083
0.0004105012631043792
0.00034814586979337037
0.00021126754290889949
0.00013337288692127913
0.00040502569754607975
0.001066190074197948
0.002277018502354622
0.004045270383358002
0.00473558297380805
0.004351688548922539
0.0033637969754636288
0.0024748235009610653
0.001948904013261199
0.0010342196328565478
0.0002459806273691356
6.229554128367454e-05
0.00021043444576207548
0.00039227938395924866
0.0003199303464498371
0.0002727748651523143
0.00010193805792368948
0.00010503769590286538
0.00031967603717930615
0.0005203862092457712
0.00045150797814130783
0.00022392880055122077
8.087647438514978e-05
8.511030318913981e-05
0.00012708947178907692
0.0001021353600663133
0.00014103265129961073
8.093631913652644e-05
8.488589810440317e-05
0.000105925792013295
0.00015374315262306482
0.00019461518968455493
0.000325114990118891
0.00023245628108270466
0.00010462594946147874
3.506741632008925e-05
