4.0333517972612754e-05
7.483243098249659e-05
7.371039828285575e-05
7.967964484123513e-05
8.493077621096745e-05
6.317820952972397e-05
5.717904423363507e-05
6.405387102859095e-05
0.00010088896669913083
8.781815267866477e-05
7.385999924736097e-05
7.071829895721748e-05
6.640967330895364e-05
9.788829629542306e-05
8.923548011807725e-05
9.551933908369392e-05
8.916459773899987e-05
6.196640606503934e-05
6.528450467158109e-05
7.225923764053732e-05
5.3064908570377156e-05
6.521282921312377e-05
7.095766341080889e-05
8.49667630973272e-05
8.180559962056577e-05
6.806109013268724e-05
6.20694991084747e-05
5.572974623646587e-05
8.567693294025958e-05
0.0001344070042250678
0.0004409459070302546
0.0006335857906378806
0.0006449536303989589
0.00041514262557029724
0.00030877074459567666
0.00017362693324685097
0.00010187448060605675
5.278906974126585e-05
7.952535816002637e-05
5.530056296265684e-05
7.048079714877531e-05
7.567864668089896e-05
7.434341387124732e-05
7.202266715466976e-05
3.7370406062109396e-05
6.312116602202877e-05
7.66276934882626e-05
0.0001047384794219397
7.678664405830204e-05
5.3239786211634055e-05
4.631754200090654e-05
3.744936839211732e-05
3.744614150491543e-05
5.750817581429146e-05
4.3041367462137714e-05
3.8373691495507956e-05
3.720677341334522e-05
3.672803723020479e-05
4.067760892212391e-05
4.103666287846863e-05
5.243988198344596e-05
4.783621261594817e-05
4.317601633374579e-05
3.235766780562699e-05
