9.368985774926841e-05
0.0003905588819179684
0.00038201644201762974
0.00036606856156140566
0.0002751984866335988
0.00010844157804967836
0.00014357513282448053
0.00016900287300813943
0.00041533351759426296
0.0003496868012007326
0.00022385400370694697
0.00015938920842017978
0.00022288157197181135
0.0005527031607925892
0.0005045242724008858
0.0005423715920187533
0.0005111704813316464
0.00021801941329613328
0.0002675835567060858
0.00015097425784915686
0.00018978498701471835
0.00022285796876531094
0.0003612101136241108
0.00041441197390668094
0.0003892657405231148
0.0003303578123450279
0.000179137074155733
0.0001242918660864234
0.0003191374707967043
0.0008277647430077195
0.0016357814893126488
0.0036065138410776854
0.004586813040077686
0.0041805156506598
0.003334893612191081
0.002454944886267185
0.001954128034412861
0.001034160959534347
0.0002719905460253358
8.891962352208793e-05
0.0003174917947035283
0.00035929144360125065
0.00031310837948694825
0.00024283888342324644
8.922444249037653e-05
9.320393292000517e-05
0.00027669448172673583
0.0005222113686613739
0.0004825809446629137
0.00024288377608172596
8.439220255240798e-05
8.400322258239612e-05
0.00012635641905944794
0.00010396053403383121
0.00011144820018671453
8.393610914936289e-05
6.846104224678129e-05
0.00012902406160719693
0.00015490104851778597
0.00019299049745313823
0.00031433513504453003
0.0003046856145374477
0.00010192589979851618
3.79699922632426e-05
