9.6867312095128e-05
0.0003366262826602906
0.000427839724579826
0.0003488639777060598
0.0003149634867440909
0.00011679372255457565
0.0001383996132062748
0.0001782693580025807
0.00027597640291787684
0.0004127303836867213
0.0002450081519782543
0.00017755125008989125
0.0002887293230742216
0.0005902678822167218
0.0005285106599330902
0.0005625747726298869
0.0004541111411526799
0.0002456065849401057
0.0002456065849401057
0.00018359528621658683
0.0001705198228592053
0.0002573655219748616
0.0002656536235008389
0.0004585095157381147
0.0003851011279039085
0.0003953761770389974
0.00018663266382645816
0.00014467501023318619
0.0004826422955375165
0.0011527161113917828
0.0024310401640832424
0.004078335128724575
0.004742725286632776
0.004132636822760105
0.0029906495474278927
0.0024841183330863714
0.0015755814965814352
0.0014082392444834113
0.0002686822263058275
8.834738400764763e-05
0.0005194979021325707
0.00033382215769961476
0.0003616075264289975
0.0002194378466811031
0.00011236553837079555
0.0001621503324713558
0.0003384636074770242
0.000485797441797331
0.0004645535664167255
0.00019456134759820998
5.891446562600322e-05
9.960702300304547e-05
9.054096881300211e-05
0.00013783112808596343
0.00013576657511293888
8.113081275951117e-05
6.968602247070521e-05
8.572368824388832e-05
0.0001689190394245088
0.00018013942462857813
0.0003192421863786876
0.0003613111039157957
0.00011337069008732215
3.7461999454535544e-05
