3.683276372612454e-05
5.162869638297707e-05
6.38841520412825e-05
6.856398977106437e-05
7.115215703379363e-05
4.8651556426193565e-05
4.1829567635431886e-05
5.630865052808076e-05
7.818295125616714e-05
5.8781690313480794e-05
4.918078411719762e-05
5.0388844101689756e-05
6.2430182879325e-05
7.163089321693406e-05
6.275931082200259e-05
6.486917118309066e-05
5.9288478951202706e-05
6.247506098588929e-05
6.575141742359847e-05
4.703582089859992e-05
4.141067620366812e-05
4.1290993976872414e-05
5.0286296755075455e-05
5.0578568334458396e-05
5.064779179519974e-05
4.7394874854944646e-05
4.208389509585686e-05
3.8119360397104174e-05
4.9279897211818025e-05
5.520425838767551e-05
7.362063479376957e-05
0.0001118447253247723
0.00022005059872753918
0.0002005683199968189
0.00014362127694766968
9.033432434080169e-05
6.199258496053517e-05
7.643321441719308e-05
8.566384349251166e-05
4.954918767907657e-05
4.483662996790372e-05
3.9031954656820744e-05
3.889731306117028e-05
4.410575274960138e-05
4.184115459793247e-05
4.104894105694257e-05
6.0387133999029174e-05
6.140034383861348e-05
6.0066427977290004e-05
4.833738785237074e-05
4.094689938938245e-05
3.7102050555404276e-05
3.870707951136865e-05
4.4033193262293935e-05
4.230830381857231e-05
4.1376079025212675e-05
3.81492827727925e-05
4.485158933675848e-05
6.844957533758134e-05
8.032885671127588e-05
0.00014487191219814122
9.297298674937338e-05
5.164365938981064e-05
3.439419742790051e-05
