9.84092548605986e-05
0.00025435848510824144
0.00038917650817893445
0.0003660568909253925
0.00019354400865267962
0.00011452732724137604
0.00013995249173603952
0.00016855997091624886
0.00032340121106244624
0.00041244615567848086
0.0002512018254492432
0.00017578589904587716
0.0002363011590205133
0.0005848915898241103
0.0005902217235416174
0.0005733852740377188
0.0003268916916567832
0.0002858016814570874
0.0003077093278989196
0.00016317421977873892
0.00017134263180196285
0.00021427928004413843
0.00030773243634030223
0.00040017522405833006
0.0003914377884939313
0.00034448187216185033
0.0001586533326189965
0.00014558719703927636
0.00045737813343293965
0.0010124503169208765
0.0023315728176385164
0.0040796841494739056
0.0046461489982903
0.004225295037031174
0.003399530192837119
0.002503356197848916
0.0019884456414729357
0.0011505824513733387
0.0003323475830256939
5.940816117799841e-05
0.000190641701919958
0.000415363407228142
0.00032969960011541843
0.0002985518076457083
9.051994129549712e-05
0.00011675526911858469
0.00030757091008126736
0.0005361246294341981
0.00040916979196481407
0.00019378340221010149
7.843791536288336e-05
8.718981553101912e-05
0.00012557847367133945
0.00010901718633249402
0.00011623994214460254
8.641273598186672e-05
6.0037433286197484e-05
0.0001088226999854669
0.0001604364369995892
0.000212989907595329
0.0003696740313898772
0.00028962036594748497
0.00010104323882842436
3.0803676054347306e-05
