4.482167059904896e-05
6.90379019943066e-05
6.990856491029263e-05
7.581982936244458e-05
6.163727084640414e-05
4.2667357774917036e-05
6.0138965636724606e-05
8.143002196447924e-05
9.834977390710264e-05
7.050884596537799e-05
5.26759322383441e-05
4.894662924925797e-05
4.235267988406122e-05
4.654059011954814e-05
4.2125731852138415e-05
4.356402132543735e-05
4.265643656253815e-05
5.6158925872296095e-05
5.480780600919388e-05
4.939409700455144e-05
5.530877024284564e-05
4.7829664254095405e-05
6.393183866748586e-05
5.9179077652515844e-05
4.924436871078797e-05
5.297981624607928e-05
5.309108382789418e-05
5.086571036372334e-05
8.659887680551037e-05
0.00013420599862001836
0.00024002256395760924
0.00033509376225993037
0.0002360804792260751
0.00016429572133347392
9.144701471086591e-05
9.092246182262897e-05
0.00013248928007669747
9.689918078947812e-05
6.086400389904156e-05
5.127899567014538e-05
5.4330936109181494e-05
5.8762201661011204e-05
5.215324927121401e-05
4.04382444685325e-05
4.024749796371907e-05
3.634180757217109e-05
4.320406151236966e-05
4.733690002467483e-05
4.034848097944632e-05
3.614457818912342e-05
3.7266618164721876e-05
3.7764715671073645e-05
3.897226633853279e-05
3.617259790189564e-05
3.918762013199739e-05
3.7341687857406214e-05
3.586032835301012e-05
3.557420859578997e-05
3.56495838786941e-05
3.786316665355116e-05
5.194660843699239e-05
4.2425184801686555e-05
3.744614150491543e-05
3.010053296748083e-05
