3.0380981115740724e-05
3.714692866196856e-05
3.737133738468401e-05
3.822408689302392e-05
3.601877324399538e-05
3.550344627001323e-05
3.48878966178745e-05
3.6174496926832944e-05
3.6997327697463334e-05
3.8503087125718594e-05
4.147051731706597e-05
3.7520941987168044e-05
3.9809900044929236e-05
4.1829567635431886e-05
3.822409053100273e-05
3.9660295442445204e-05
3.919651862815954e-05
3.8387715903809294e-05
3.905686753569171e-05
3.888765786541626e-05
3.73570692318026e-05
3.9735099562676623e-05
4.230830381857231e-05
4.160516255069524e-05
4.229334444971755e-05
3.895715417456813e-05
3.940596798202023e-05
4.546497075352818e-05
4.027368049719371e-05
6.470417429227382e-05
4.49263934569899e-05
6.058506551198661e-05
5.623173638014123e-05
4.710975190391764e-05
5.565026731346734e-05
3.738630039151758e-05
4.350514427642338e-05
3.894219116773456e-05
4.0453203837387264e-05
3.6219378671376035e-05
3.888235369231552e-05
3.674299659905955e-05
3.790991468122229e-05
3.675795960589312e-05
3.5665842005982995e-05
3.8014644815120846e-05
3.7805195461260155e-05
3.387057950021699e-05
3.5456392652122304e-05
3.569576074369252e-05
3.499261583783664e-05
3.615953755797818e-05
3.467845090199262e-05
3.434931568335742e-05
3.4289474569959566e-05
3.5860331990988925e-05
3.530678804963827e-05
3.517214645398781e-05
3.7296540540410206e-05
3.6728033592225984e-05
4.23980709456373e-05
3.711700992425904e-05
3.448396091698669e-05
3.334696521051228e-05
