9.44348648772575e-05
0.00033786799758672714
0.0004112343303859234
0.00037759330007247627
0.0002462573756929487
0.00012195802264614031
0.0001419990003341809
0.00016520330973435193
0.0003992799611296505
0.0003548201057128608
0.00023402714577969164
0.0001744394685374573
0.00019565345428418368
0.0005226528737694025
0.0005743697402067482
0.000595065183006227
0.00042779650539159775
0.0002441254910081625
0.0002596245612949133
0.00017126783495768905
0.00017515757645014673
0.00023802158830221742
0.0003128087264485657
0.00040935876313596964
0.00039562192978337407
0.0003262137761339545
0.00023821607464924455
0.00011295179865555838
0.00025875685969367623
0.0007636140217073262
0.001558151445351541
0.0035096146166324615
0.0044311159290373325
0.003999198786914349
0.0031256494112312794
0.0023390664719045162
0.0016353167593479156
0.0008493377245031297
0.0002333689044462517
7.448835094692186e-05
0.0002436317881802097
0.0003833928203675896
0.00031324304291047156
0.00024052000662777573
9.048112406162545e-05
0.00010243456927128136
0.00029765418730676174
0.000511320075020194
0.0004778234870173037
0.00024650420527905226
7.953002932481468e-05
8.388857531826943e-05
0.00010751790250651538
0.0001165168359875679
9.469999349676073e-05
8.186386548914015e-05
6.588605174329132e-05
8.876066567609087e-05
0.00014947039016988128
0.00017966069572139531
0.00030371316825039685
0.0003481757885310799
0.00011570453352760524
4.081225415575318e-05
