9.717299690237269e-05
0.00024239008780568838
0.0003852000809274614
0.0003513773262966424
0.00018193208961747587
0.00011556053505046293
0.00013415083230938762
0.0001575939531903714
0.00031892338301986456
0.0003266326675657183
0.00022458707098849118
0.00015976320719346404
0.0002232705446658656
0.0005086704040877521
0.0005668322555720806
0.000558694766368717
0.000343295861966908
0.00027068506460636854
0.00026273634284734726
0.0001619923277758062
0.00017286861839238554
0.00021685250976588577
0.0003309758030809462
0.00042708739056251943
0.0004057822225149721
0.0003225334803573787
0.00018658740737009794
0.00015009872731752694
0.00038741721073165536
0.0013286257162690163
0.0034622945822775364
0.004318693652749062
0.00470062205567956
0.004024240653961897
0.003020361065864563
0.002450560685247183
0.0019438931485638022
0.0011226062197238207
0.00036012925556860864
6.217585178092122e-05
0.0003036328998859972
0.0003345617442391813
0.000343567953677848
0.00024097117420751601
7.400961476378143e-05
0.00011263763008173555
0.0002672992995940149
0.0005051563493907452
0.0005058296374045312
0.0002483593125361949
7.780957821523771e-05
9.260415390599519e-05
0.00011353258014423773
0.00013539816427510232
9.996609151130542e-05
8.334495942108333e-05
7.363560143858194e-05
8.428747241850942e-05
0.00016335373220499605
0.00021095169358886778
0.0003280607925262302
0.00028704258147627115
0.00010164913692278787
3.698236832860857e-05
