9.995112486649305e-05
0.0002697062154766172
0.0004026170645374805
0.0003780519182328135
0.00025030417600646615
8.910475298762321e-05
0.0001160785395768471
0.0001651873899390921
0.00035045036929659545
0.0004177808004897088
0.00021433537767734379
0.00018737655773293227
0.00028211393509991467
0.0005739148473367095
0.000623823085334152
0.0005577424890361726
0.0005053209606558084
0.0002351043076487258
0.00027784646954387426
0.00016616629727650434
0.0001912550796987489
0.00023079568927641958
0.00029481170349754393
0.0004350514500401914
0.00042625467176549137
0.00036558983265422285
0.0002259784087073058
0.00011939977412112057
0.00045483309077098966
0.0012271917657926679
0.0027237669564783573
0.004504015203565359
0.0051450845785439014
0.0044484445825219154
0.0035166610032320023
0.002728317165747285
0.002227993216365576
0.0012783900601789355
0.000307991896988824
6.257978384383023e-05
0.00022123593953438103
0.0004124162078369409
0.0003386160242371261
0.00029171485221013427
0.00011636279668891802
7.845287473173812e-05
0.00022979333880357444
0.0005203263717703521
0.0005702943890355527
0.0003062265459448099
8.642682223580778e-05
7.225923036457971e-05
0.0001340461167274043
9.992119885282591e-05
0.00015095148410182446
7.786942296661437e-05
9.300944657297805e-05
5.610189327853732e-05
0.0001602346746949479
0.00021321294480003417
0.00034395887632854283
0.00020645120821427554
7.302408630494028e-05
3.9289614505833015e-05
