0.00010127250425284728
0.00039344627293758094
0.0004081075603608042
0.0003884996986016631
0.00014298033784143627
0.00010877313616219908
0.00014369563723448664
0.00016633087943773717
0.00037248624721542
0.0004393167037051171
0.0002655682328622788
0.00018504646141082048
0.00027217643219046295
0.0005037051741965115
0.0007248064503073692
0.00048358330968767405
0.0006931351381354034
0.00019115034956485033
0.0003206036053597927
0.00016500333731528372
0.00019823781622108072
0.0002361102233408019
0.0003839884593617171
0.0004392254340928048
0.000427144841523841
0.00037631086888723075
0.0001965800765901804
0.00014673167606815696
0.0004717477422673255
0.0011977762915194035
0.0029776638839393854
0.0046068597584962845
0.0051908292807638645
0.004722761455923319
0.003734141355380416
0.0028909528627991676
0.002375587821006775
0.001164920162409544
0.00025313638616353273
7.432752317981794e-05
0.0003266925341449678
0.00041635791421867907
0.00037140175118111074
0.00021768934675492346
0.0001196164739667438
0.0001510234724264592
0.0003887571510858834
0.000577039725612849
0.00046726514119654894
0.0002150824584532529
8.314954175148159e-05
0.00012110807438148186
0.00012889689242001623
0.0001388633972965181
0.00012894456449430436
8.82520034792833e-05
6.712684262311086e-05
8.762028301134706e-05
0.00014800332428421825
0.00024296324409078807
0.00037499156314879656
0.00033669822732917964
7.135506166378036e-05
3.59874902642332e-05
