0.00010656366794137284
0.0003875967231579125
0.0003615654422901571
0.0003730063617695123
0.00025481567718088627
0.0001243666629306972
0.00016812706599012017
0.0002194696426158771
0.000460110284620896
0.0005127712502144277
0.000311507610604167
0.000199363668798469
0.00022530517890118062
0.000372142530977726
0.0005662323092110455
0.0005479267565533519
0.0004994787741452456
0.0003010352374985814
0.00025009471573866904
0.0001553348993184045
0.00016908359248191118
0.0002202335890615359
0.000280189560726285
0.00036572551471181214
0.00034408189821988344
0.0002756285830400884
0.00021143624326214194
0.0001688891206867993
0.00037097561289556324
0.0009651768486946821
0.0020265798084437847
0.003409154713153839
0.004054850433021784
0.003500384045764804
0.003095746971666813
0.001965603558346629
0.0015752807958051562
0.0008737340103834867
0.00023185688769444823
5.425505150924437e-05
0.00025664930581115186
0.00029812075081281364
0.0002774206514004618
0.00017818894411902875
8.430991874774918e-05
0.00013326815678738058
0.0003625294775702059
0.0005096267559565604
0.0004101684025954455
0.00018392442143522203
8.338985207956284e-05
8.359929051948711e-05
0.00010683295840863138
0.00011724546493496746
0.00013863899221178144
8.626226190244779e-05
7.908121915534139e-05
8.572368824388832e-05
0.00014400979853235185
0.00019955815514549613
0.0003706314892042428
0.00037137954495847225
0.00011781396460719407
3.4718923416221514e-05
