0.00010121866216650233
0.00034512794809415936
0.00034938761382363737
0.00031532254070043564
0.00021335174096748233
8.321031782543287e-05
0.0001547737920191139
0.0001952345628524199
0.0002819456276483834
0.0004050706047564745
0.00022437763982452452
0.0001626356242923066
0.00023538856476079673
0.000549003598280251
0.0005705010262317955
0.0005153691745363176
0.0004964329418726265
0.0002684119972400367
0.00022822809114586562
0.00016893363499548286
0.00022892560809850693
0.00020624550234060735
0.00028184091206640005
0.0004352758696768433
0.00034071048139594495
0.00028309758636169136
0.00024379637034144253
0.0001380854519084096
0.00036445283330976963
0.0009901460725814104
0.0020322497002780437
0.0039749457500875
0.0050540463998913765
0.004426439292728901
0.0037249112501740456
0.002444931073114276
0.0014763474464416504
0.0009520715102553368
0.00031004147604107857
7.499872299376875e-05
0.00027239820337854326
0.00035078264772892
0.0003325981379020959
0.00023237682762555778
8.621737651992589e-05
0.0001401200715918094
0.0002998085110448301
0.0005453454796224833
0.000441639480413869
0.00019879930187016726
7.602937694173306e-05
0.00010511050641071051
0.00013078436313662678
0.0001448475813958794
0.00015853645163588226
0.00010020544868893921
5.946800229139626e-05
6.386639142874628e-05
0.00013630150351673365
0.00021914421813562512
0.0003992725978605449
0.0002691293484531343
7.012238347670063e-05
4.1225834138458595e-05
