9.749759919941425e-05
0.0004279719141777605
0.00039566043415106833
0.00038018528721295297
0.00026034581242129207
0.00012574304128065705
0.00014006021956447512
0.0001653734070714563
0.00024532232782803476
0.0003595954622142017
0.00022111969883553684
0.00016933793085627258
0.0002475570363458246
0.0004987383144907653
0.0006054964615032077
0.0005095697124488652
0.0006354324286803603
0.00027795135974884033
0.00020017153292428702
0.00016722849977668375
0.00017437963106203824
0.00021863621077500284
0.00030209467513486743
0.00040996173629537225
0.0003961326146963984
0.0003317790979053825
0.00022232804622035474
0.00010550147271715105
0.0004966098349541426
0.0011512470664456487
0.0031712865456938744
0.004264914896339178
0.0046835048124194145
0.004173985216766596
0.003290698863565922
0.0024396544322371483
0.0018040637951344252
0.001041380106471479
0.00026272141258232296
7.305214239750057e-05
0.00033072198857553303
0.00038047757698222995
0.0003306906728539616
0.00020633992971852422
8.129537309287116e-05
0.00011396911577321589
0.0002974896051455289
0.0005164665053598583
0.00047812273260205984
0.00023882946697995067
7.982924580574036e-05
8.024813723750412e-05
0.00012300525850150734
0.000123946723761037
0.00011312493006698787
8.222760516218841e-05
5.973541919956915e-05
0.00011091717169620097
0.00015062233433127403
0.00018748502770904452
0.0003084706258960068
0.000359889876563102
8.49667630973272e-05
3.5595741792349145e-05
