9.86343584372662e-05
0.0003747606242541224
0.0004028713738080114
0.000370586640201509
0.0003008557250723243
0.00010194722563028336
0.00013748357014264911
0.0001761150488164276
0.00033713493030518293
0.00042275391751900315
0.00021898921113461256
0.00016550329746678472
0.00031517294701188803
0.0006017049890942872
0.0006181414937600493
0.0006744952988810837
0.0005709317629225552
0.00028646932332776487
0.00025073616416193545
0.0001608310267329216
0.00018082761380355805
0.00020723290799651295
0.00027160794707015157
0.0004128201398998499
0.00041003746446222067
0.0003545592480804771
0.00026807727408595383
0.00014938981621526182
0.0004486848192755133
0.0011139591224491596
0.002476442139595747
0.004805633332580328
0.005099667236208916
0.004444645717740059
0.003824750194326043
0.0025652055628597736
0.0019797412678599358
0.0011959592811763287
0.0002418028743704781
6.84461701894179e-05
0.00026560877449810505
0.000395258393837139
0.0003446600749157369
0.00027168277301825583
0.00010575580381555483
0.00010155189374927431
0.000280973210465163
0.0005211341776885092
0.0004687275504693389
0.00021947058849036694
7.987412391230464e-05
9.878420678433031e-05
0.00013447996752802283
0.0001027038597385399
0.00011941648699576035
8.551285282010213e-05
7.17683433322236e-05
8.968157635536045e-05
0.00015346483269240707
0.00021130214736331254
0.0003373444196768105
0.0002986565523315221
9.767712617758662e-05
3.925635974155739e-05
