4.6332675992744043e-05
6.72474634484388e-05
9.622595825931057e-05
0.00011510161857586354
0.00010354915139032528
6.759155803592876e-05
8.728187094675377e-05
0.00011438426008680835
0.00016373426478821784
0.00016447262896690518
9.295708878198639e-05
5.12472033733502e-05
7.42639385862276e-05
9.110198880080134e-05
9.28504450712353e-05
0.0001413431018590927
0.00010390910756541416
7.807886140653864e-05
9.393699292559177e-05
5.349876300897449e-05
5.613180837826803e-05
7.614896458107978e-05
7.620892574777827e-05
0.00010933307930827141
9.56808653427288e-05
7.859829202061519e-05
6.728426524205133e-05
4.733690366265364e-05
0.00012160084588686004
0.00024224795924965292
0.000409020169172436
0.0007489976123906672
0.000921836297493428
0.0008065805886872113
0.0006612542783841491
0.0004971375456079841
0.0003999092150479555
0.0003597851609811187
0.00012758317461702973
5.0596419896464795e-05
9.431948274141178e-05
0.00011381715012248605
0.00010271849168930203
5.997385233058594e-05
6.349237082758918e-05
7.570014713564888e-05
0.00010154170013265684
0.00015231255383696407
0.00012382621935103089
9.784169378690422e-05
4.7888570406939834e-05
5.0101702072424814e-05
5.2193758165230975e-05
6.180184573167935e-05
6.857894913991913e-05
5.2416806283872575e-05
3.859436037600972e-05
4.455518501345068e-05
5.117988257552497e-05
5.589244028669782e-05
7.885210652602836e-05
6.881177250761539e-05
5.396253982326016e-05
3.636487963376567e-05
