0.00010026530071627349
0.00035489603760652244
0.00041840042104013264
0.00038874868187122047
0.00023589485499542207
0.00011157127300975844
0.00015629669360350817
0.0001975496852537617
0.00033979793079197407
0.0004363800981082022
0.00030933835660107434
0.0002835165068972856
0.0003485348424874246
0.0007203446002677083
0.00075243302853778
0.0007079076603986323
0.0004576867213472724
0.00025343094603158534
0.0002940935955848545
0.00017096861847676337
0.00017300323816016316
0.0002466837177053094
0.0003266839776188135
0.0004217726527713239
0.0003860230790451169
0.0003271301102358848
0.0001880984054878354
0.00013748701894655824
0.00041207208414562047
0.001263648853637278
0.0032089429441839457
0.004294624086469412
0.0045990231446921825
0.004189599305391312
0.0034193575847893953
0.0024101969320327044
0.0019356049597263336
0.0010649185860529542
0.0002589364012237638
7.888954132795334e-05
0.00025413406547158957
0.00039579111034981906
0.0003407746262382716
0.00018073782848659903
9.855979442363605e-05
0.00010738649143604562
0.0003028005885425955
0.0005354065797291696
0.0005214035045355558
0.0002694835129659623
6.85610284563154e-05
0.00011056933726649731
0.00010574083717074245
0.00012192809663247317
0.00012629656703211367
8.505136793246493e-05
7.089921564329416e-05
0.00014013501640874892
0.00016253440116997808
0.00022360247385222465
0.00032417915645055473
0.000334427080815658
9.102757030632347e-05
3.1743380532134324e-05
