9.52193804550916e-05
0.00038376590237021446
0.00037865035119466484
0.00034211293677799404
0.00020723674970213324
9.617311297915876e-05
0.00014286907389760017
0.00016076744941528887
0.00023828688426874578
0.0003423860762268305
0.00022219339734874666
0.00017467141151428223
0.0002795973268803209
0.0005412737373262644
0.0006023664027452469
0.0005388663848862052
0.00032104214187711477
0.0002586044429335743
0.00024000667326617986
0.00016180066450033337
0.000194100386579521
0.00021492353698704392
0.0003088025259785354
0.00037968074320815504
0.00035377099993638694
0.0002842439280357212
0.0001382752670906484
0.00014890937018208206
0.0005135847022756934
0.0012055333936586976
0.0027462239377200603
0.004306116607040167
0.004589396994560957
0.004031346179544926
0.003072511637583375
0.0023512199986726046
0.0018046835903078318
0.0009319711243733764
0.0002124840102624148
7.626863953191787e-05
0.0002502144197933376
0.0003888982755597681
0.0003177909820806235
0.00030492496443912387
0.00011398408241802827
6.862382724648342e-05
0.00021864775044377893
0.0004741881275549531
0.0004986336571164429
0.00019331627117935568
7.207525050034747e-05
9.56808653427288e-05
0.00011038679804187268
0.00011277112935204059
9.459432476432994e-05
7.841267506591976e-05
6.184672383824363e-05
0.00010847860539797693
0.00015217823965940624
0.00019746366888284683
0.0003170280542690307
0.00028270864277146757
9.075040725292638e-05
3.695243867696263e-05
