0.00010231084888800979
0.0003786624292843044
0.0003996249579358846
0.00038159757968969643
0.00020522931299638003
0.0001079624707926996
0.0001516994962003082
0.0001712827943265438
0.000246519164647907
0.0003766157606150955
0.00022286565217655152
0.00020494470663834363
0.00029914884362369776
0.0006535289576277137
0.0005850192974321544
0.0006070673698559403
0.0003955856373067945
0.000212005281355232
0.0003181799838785082
0.00019109049753751606
0.00019936077296733856
0.0002151511871488765
0.0003484301269054413
0.0004144919803366065
0.0004032220458611846
0.0003160191117785871
0.00020419097563717514
0.00016648983000777662
0.0004968626308254898
0.001205278909765184
0.002782848197966814
0.004271837417036295
0.0046644266694784164
0.004122395534068346
0.0031678529921919107
0.0023975714575499296
0.0018182903295382857
0.0008625394548289478
0.00020171432697679847
8.487093873554841e-05
0.00031417058198712766
0.00036351033486425877
0.0003144548099953681
0.00025247345911338925
9.221653454005718e-05
0.00010265898163197562
0.0003525501233525574
0.0005270677502267063
0.0003640077484305948
0.00017384947568643838
7.707744953222573e-05
0.00012450131180230528
0.00013026110536884516
0.00013214613136369735
0.0001236672542290762
8.551423525204882e-05
6.424040475394577e-05
0.00010161173122469336
0.00011874152551172301
0.0001812016125768423
0.0003401419962756336
0.0003248823049943894
0.00010785026825033128
4.920509672956541e-05
