0.00010018801549449563
0.00034733800566755235
0.0004121618694625795
0.0003914266126230359
0.00021778933296445757
0.00011565964814508334
0.00013729758211411536
0.00016725690511520952
0.00031583913369104266
0.00031429025693796575
0.00021712177840527147
0.00016951745783444494
0.00024580108583904803
0.0004961949889548123
0.0006338765379041433
0.0005116940592415631
0.0005819486686959863
0.00022298628755379468
0.0002941983111668378
0.0001667348260525614
0.00015461680595763028
0.00019412292749620974
0.000281597109278664
0.0003700403613038361
0.000348716217558831
0.00029646759503521025
0.00016860393225215375
0.0001662710274104029
0.0004933674936182797
0.0012253227178007364
0.0025045776274055243
0.0044866581447422504
0.004719607066363096
0.004225144628435373
0.003202934516593814
0.002567385556176305
0.0020793285220861435
0.0007912320434115827
0.00018694739264901727
7.650521001778543e-05
0.00029519599047489464
0.000361734681064263
0.0003214871685486287
0.0002096621028613299
8.240245369961485e-05
0.00013129711442161351
0.0003835592360701412
0.0005525128799490631
0.00040309486212208867
0.00016995504847727716
7.248363544931635e-05
9.330866305390373e-05
0.00012005804455839097
0.0001185320652439259
0.00012173904542578384
8.536274981452152e-05
6.692276656394824e-05
9.951886022463441e-05
0.00015538910520263016
0.00023970466281753033
0.0003569977998267859
0.00023555591178592294
7.405729411402717e-05
3.504965206957422e-05
