9.730311285238713e-05
0.0002887039154302329
0.0004072282463312149
0.0003686567069962621
0.00022107137192506343
8.735438314033672e-05
0.0001256834511877969
0.00015082811296451837
0.00027999727171845734
0.00032253627432510257
0.0002260831097373739
0.0001888763508759439
0.00027305909316055477
0.0005139830755069852
0.0006450670771300793
0.000591113930568099
0.00020228094945196062
0.00025527109391987324
0.00026454657199792564
0.00015948861255310476
0.0002325993700651452
0.0002285777882207185
0.00033261405769735575
0.00039006053702905774
0.00034885932109318674
0.0002722745994105935
0.00017008566646836698
0.0001732295349938795
0.0005465680151246488
0.001319440663792193
0.002954693976789713
0.004369825590401888
0.00467031029984355
0.00425439327955246
0.0035094048362225294
0.002545724157243967
0.0020629637874662876
0.0011836152989417315
0.00030283050728030503
5.12098049512133e-05
0.0002420636883471161
0.0003837233525700867
0.0003313834313303232
0.00017272088734898716
8.368999260710552e-05
0.00013970585132483393
0.0003625612589530647
0.0005010016611777246
0.00037737589445896447
0.00015860564599279314
7.203856512205675e-05
0.00011643479228951037
0.00011727725359378383
0.00011835254554171115
0.0001258776756003499
8.008357690414414e-05
7.88717734394595e-05
6.338765524560586e-05
0.00016396712453570217
0.0001536443887744099
0.0002881392720155418
0.00034581206273287535
0.00011887615255545825
3.8448495615739375e-05
