0.00010329534416086972
0.0003280240052845329
0.00040001366869546473
0.0003798084217123687
0.00018170186376664788
0.00011107799218734726
0.00014948534953873605
0.00017762604693416506
0.0003033840621355921
0.00043618842028081417
0.0002922384883277118
0.00018787752196658403
0.0002807510318234563
0.0005586023908108473
0.0004946840344928205
0.0006051523960195482
0.0005042587290517986
0.0002303618093719706
0.00022341943986248225
0.00015988087398000062
0.00019311536743771285
0.00022406344942282885
0.00033258693292737007
0.00042891764314845204
0.0004095736949238926
0.0003535615687724203
0.00016291897918563336
0.00015342779806815088
0.0004683901206590235
0.0014682987239211798
0.0031983458902686834
0.004397071432322264
0.005016795359551907
0.004485712852329016
0.0036387834697961807
0.002692905720323324
0.0021680875215679407
0.0011765080271288753
0.00028365114121697843
7.758517313050106e-05
0.00021508715872187167
0.0004337498976383358
0.00033630593679845333
0.00023325670917984098
8.742031059227884e-05
0.00017529595061205328
0.0004357601865194738
0.0005727002280764282
0.0005090698832646012
0.00016083101218100637
7.819013262633234e-05
0.00011743621143978089
0.00012098090519430116
0.00011838583304779604
0.00011581486614886671
7.930282299639657e-05
6.962243787711486e-05
0.00012131471157772467
0.00015739757509436458
0.00019093869195785373
0.00036944402381777763
0.00026574154617264867
8.664655615575612e-05
4.0018287108978257e-05
