9.737791697261855e-05
0.0004021981731057167
0.00039388364530168474
0.00037294000503607094
0.00017099856631830335
0.00011332580470480025
0.00014311217819340527
0.00016682619752828032
0.0003050634986720979
0.00033538456773385406
0.00022991302830632776
0.00017646349442657083
0.000260561122559011
0.0006203232915140688
0.0005480303661897779
0.0005783431697636843
0.00047855658340267837
0.00022871617693454027
0.00023267217329703271
0.0001632266357773915
0.0002029093011515215
0.00021604463108815253
0.0002622576430439949
0.0004171437176410109
0.0003878033603541553
0.00034978121402673423
0.00021103286417201161
0.00013663427671417594
0.0003478317230474204
0.0008867240394465625
0.0025102461222559214
0.004142381716519594
0.0045051597990095615
0.004066936206072569
0.003190731629729271
0.00243284716270864
0.0019464812939986587
0.0010823776246979833
0.000279447267530486
7.234899385366589e-05
0.00017050486349035054
0.00043204438406974077
0.00031198631040751934
0.0003210374270565808
0.00011595886462600902
6.627503171330318e-05
0.00033666740637272596
0.0005227067158557475
0.00035947750438936055
0.00018332320905756205
7.439858018187806e-05
9.405668242834508e-05
0.00013323823804967105
0.00011811337026301771
0.00011877039651153609
9.505786147201434e-05
6.291452882578596e-05
0.00013183755800127983
0.00018672204168979079
0.0002127682964783162
0.0003476821002550423
0.0003411144425626844
0.00012426193279679865
4.262161019141786e-05
