9.700390364741907e-05
0.00042064199806191027
0.0004058784688822925
0.0003799392143264413
0.00025635396013967693
0.0001190098628285341
0.00014947037561796606
0.0001812016125768423
0.0002960234705824405
0.00041072009480558336
0.00023519493697676808
0.0001704796013655141
0.00027828029124066234
0.0005412859609350562
0.0006642912048846483
0.0005163168534636497
0.0006442590965889394
0.00020038096408825368
0.00032337126322090626
0.00017747645324561745
0.00017165682220365852
0.00024090897932182997
0.00028543235384859145
0.0004410549299791455
0.00040645140688866377
0.00036158753209747374
0.0001616099034436047
0.000169271559570916
0.0005084346048533916
0.0009687610436230898
0.003153793979436159
0.004346070811152458
0.005156376864761114
0.004667348228394985
0.003739961190149188
0.0028271761257201433
0.0023962839040905237
0.0009638078045099974
0.00027319040964357555
7.752532110316679e-05
0.00019629676535259932
0.00043909079977311194
0.0003424459137022495
0.0003310310421511531
9.671920270193368e-05
0.00012233920278958976
0.00032949139131233096
0.0005789471906609833
0.0004978789365850389
0.00015391645138151944
8.05108793429099e-05
0.00012047225754940882
0.00012649667041841894
0.00014202005695551634
0.00013394140114542097
8.82968888618052e-05
7.276789256138727e-05
0.00010442431084811687
0.00016640567628201097
0.00021149663371033967
0.0003608922124840319
0.0003026061167474836
7.940588693600148e-05
3.128241223748773e-05
