0.00010336211562389508
0.00039150702650658786
0.00036952353548258543
0.0003477718564681709
0.00026276629068888724
9.387715545017272e-05
0.00014556570386048406
0.00017183633462991565
0.00035087342257611454
0.0003978293389081955
0.00018306887068320066
0.0001581923570483923
0.00021209506667219102
0.0004212279454804957
0.0006447528139688075
0.0004480521020013839
0.0004253567894920707
0.0002489702310413122
0.00017367648251820356
0.00014489804743789136
0.00021756216301582754
0.0001825779618229717
0.00026704499032348394
0.0003897360584232956
0.00048455578507855535
0.0005843872204422951
0.00034545522066764534
0.00019069662084802985
0.0005619405419565737
0.0011681296164169908
0.002929324982687831
0.004381794948130846
0.00480652367696166
0.004348210524767637
0.003490689443424344
0.0024055144749581814
0.002057622652500868
0.001167547656223178
0.00036330087459646165
6.208608829183504e-05
0.00024439446860924363
0.0003847232146654278
0.0003329140308778733
0.0001686834148131311
9.379955008625984e-05
0.0001480251958128065
0.0005009796004742384
0.0005118437111377716
0.00043032391113229096
0.0001999920204980299
7.917098264442757e-05
0.0001038337213685736
0.00011103288125013933
0.00013859316823072731
0.00011741003254428506
8.454181079287082e-05
7.418913446599618e-05
0.00011767822434194386
0.0001492590527050197
0.00024186646624002606
0.00033318536588922143
0.0003216209006495774
8.674728451296687e-05
3.752627890207805e-05
