0.00010094177559949458
0.0004140468954574317
0.00039975959225557745
0.00037371335201896727
0.0003326767182443291
0.00011098672257503495
0.00013112276792526245
0.00016425135254394263
0.0003219384525436908
0.00034540484193712473
0.00016680774569977075
0.00016498443437740207
0.00025242858100682497
0.0004648827307391912
0.0006447528721764684
0.0004639401740860194
0.0006647998816333711
0.0001945762924151495
0.00029101173277013004
0.0001799554011086002
0.00016409576346632093
0.0002187066711485386
0.00032793424907140434
0.00040339500992558897
0.0003747756127268076
0.0003255255869589746
0.00019919908663723618
0.00010312275117030367
0.0002855361672118306
0.0008780171046964824
0.001710823504254222
0.00404670275747776
0.004546795040369034
0.004037878476083279
0.003209077985957265
0.002223371993750334
0.0017036040080711246
0.0008981837308965623
0.00030809661257080734
7.190591713879257e-05
0.00025290821213275194
0.00035744186607189476
0.0003093682462349534
0.00020877381030004472
8.240553142968565e-05
0.0001767742505762726
0.0003563301870599389
0.0005037201335653663
0.00041648547630757093
0.00019869045354425907
7.103246753104031e-05
7.249859481817111e-05
0.00010171860049013048
0.0001137940853368491
8.909447933547199e-05
8.096624515019357e-05
6.418056000256911e-05
0.00010060938075184822
0.00014845308032818139
0.00019421726756263524
0.00031069974647834897
0.00030703438096679747
0.00011492659541545436
3.475738412817009e-05
