9.611158020561561e-05
0.00029038338107056916
0.00034617396886460483
0.00030239662737585604
0.00021290293079800904
0.00011202506721019745
0.00018775805074255913
0.0001965641713468358
0.0003620142815634608
0.0003866026527248323
0.00020039141236338764
0.00018485197506379336
0.00019746366888284683
0.0004789965460076928
0.0004850496770814061
0.00046932848636060953
0.0003253180184401572
0.00023580744164064527
0.00024409557227045298
0.00014912629558239132
0.0001897290931083262
0.00022486163652502
0.00035519266384653747
0.0003903307660948485
0.000389297551009804
0.0002925077569670975
0.00022838702716398984
9.755744395079091e-05
0.0005190845695324242
0.0007082901429384947
0.0028675112407654524
0.004044408909976482
0.004421856254339218
0.003982578869909048
0.0029414144810289145
0.0022039515897631645
0.0020606897305697203
0.0008107569301500916
0.00022608833387494087
8.709163375897333e-05
0.0002774724562186748
0.0003497915167827159
0.0003184044035151601
0.00024002633290365338
0.00010132748866453767
7.372536492766812e-05
0.0002956420066766441
0.0005083930445834994
0.00039590647793374956
0.00014644554175902158
7.523637032136321e-05
8.29559940029867e-05
0.00011672185064526275
0.0001323149335803464
0.00011505546717671677
8.502060518367216e-05
6.283411494223401e-05
7.589464075863361e-05
0.0001478696067351848
0.00014888693112879992
0.00032032321905717254
0.0002558309060987085
6.146803207229823e-05
3.628950798884034e-05
