0.00010930143616860732
0.00047513548634015024
0.0004511152801569551
0.00044780902680940926
0.00030285766115412116
0.00014104762522038072
0.0001773249387042597
0.00019611501193139702
0.0004374133422970772
0.00040110794361680746
0.0002487034071236849
0.00019363837782293558
0.000311616575345397
0.0006980047328397632
0.0006601921049878001
0.0006548960809595883
0.0006234340835362673
0.0002980282006319612
0.0003614008892327547
0.00017854018369689584
0.00021348985319491476
0.00026009196881204844
0.00045134342508390546
0.0005099736736156046
0.00046061413013376296
0.0003352853818796575
0.00019464593788143247
0.00015869640628807247
0.0007009145920164883
0.0013916260795667768
0.002665318548679352
0.004629647359251976
0.005362743511795998
0.004810370970517397
0.003872813656926155
0.002787022152915597
0.0021892604418098927
0.0013754686806350946
0.00025587709387764335
0.00011335572344250977
0.00030640605837106705
0.0004482466320041567
0.0003576158487703651
0.0002723539946600795
0.0001445783127564937
7.056869071675465e-05
0.00021498242858797312
0.0006055968697182834
0.00047373928828164935
0.00018914564861916006
8.751894347369671e-05
0.00010650264448486269
0.00012667715782299638
0.0001505784020991996
0.00013470435806084424
9.290472371503711e-05
6.648435373790562e-05
0.00017763259529601783
0.00016731827054172754
0.00025837679277174175
0.00041816107113845646
0.0003110756224486977
0.00011484523565741256
4.141067256568931e-05
