9.571730333846062e-05
0.0002950569905806333
0.0003933191183023155
0.00037890468956902623
0.00024728215066716075
0.00010080387437483296
0.0001302910241065547
0.0001486924447817728
0.0001908810663735494
0.0004478277114685625
0.00020430634322110564
0.0001546892017358914
0.0002703213249333203
0.0004875955346506089
0.0005699204048141837
0.0004898218321613967
0.0003799392143264413
0.00023401816724799573
0.0002486471785232425
0.00015214334416668862
0.00018149521201848984
0.00021433537767734379
0.0002768441045191139
0.0004015997692476958
0.00038874868187122047
0.00034083015634678304
0.00019952820730395615
9.447558113606647e-05
0.00026198834530077875
0.0007438213215209544
0.001721460372209549
0.00378434918820858
0.004903140943497419
0.004497751127928495
0.00347254634834826
0.0026891562156379223
0.0021135706920176744
0.0010985994013026357
0.00027558242436498404
7.304510654648766e-05
0.00023666401102673262
0.0003437568084336817
0.00033360428642481565
0.00023660037550143898
0.00010502274380996823
9.559761383570731e-05
0.0002915203804150224
0.0005215231794863939
0.0004945942782796919
0.00018540860037319362
8.342848741449416e-05
9.63500133366324e-05
0.00011238142178626731
0.00013461927301250398
0.00012843591684941202
8.371897274628282e-05
6.507819489343092e-05
9.929285442922264e-05
0.000166061581694521
0.00019869045354425907
0.0003339932591188699
0.0002568077470641583
9.837284596869722e-05
3.535166979418136e-05
