0.00010467645188327879
0.00044146666186861694
0.0004276310501154512
0.00039727616240270436
0.00025648289010860026
0.0001124896589317359
0.00015159476606640965
0.00016164824774023145
0.0003455894475337118
0.0004122276441194117
0.00020366947865113616
0.00018931580416392535
0.00031040800968185067
0.0006130964029580355
0.0006301813409663737
0.000531412020791322
0.0006977130542509258
0.0002685986692085862
0.00028055105940438807
0.00018242433725390583
0.00021692636073566973
0.00022877601440995932
0.00027560238959267735
0.0004040928033646196
0.00036101188743487
0.0002895961224567145
9.031843364937231e-05
0.00014191532682161778
0.0003751495969481766
0.0012503736652433872
0.002825185190886259
0.004576913546770811
0.005176096223294735
0.004580202978104353
0.0035992576740682125
0.0027555227279663086
0.002093219431117177
0.0009629515116102993
0.0002038284292211756
7.623498822795227e-05
0.00032043809187598526
0.0004063057422172278
0.00036849029129371047
0.0002535506209824234
0.00010458888573339209
0.0001524894469184801
0.00036467178142629564
0.0005929595790803432
0.0004720786528196186
0.00024120819580275565
8.775831520324573e-05
9.293464245274663e-05
0.00014547593309544027
0.00013133115135133266
0.00013886138913221657
8.90585797606036e-05
7.066078251227736e-05
9.30350215639919e-05
0.00015911941591184586
0.00024607035447843373
0.00036847719457000494
0.00031894296989776194
0.00010409518290543929
3.880754593410529e-05
