3.093832128797658e-05
4.4507498387247324e-05
4.05495120503474e-05
4.056540274177678e-05
3.826055399258621e-05
3.7266618164721876e-05
3.725165515788831e-05
3.6174496926832944e-05
3.7176854675635695e-05
3.7670550227630883e-05
3.619566996349022e-05
3.426512921578251e-05
3.548037420841865e-05
3.638487760326825e-05
3.7625664845108986e-05
3.995950464741327e-05
3.590521009755321e-05
3.538159216986969e-05
3.527686931192875e-05
3.6428828025236726e-05
3.8448495615739375e-05
3.9854785427451134e-05
4.162012191955e-05
3.804456355283037e-05
3.8328809750964865e-05
3.75807867385447e-05
3.680284135043621e-05
3.743117849808186e-05
3.679463407024741e-05
4.095664189662784e-05
5.158101339475252e-05
6.138294702395797e-05
4.914525561616756e-05
5.5398741096723825e-05
5.126964606461115e-05
5.366333061829209e-05
5.306490493239835e-05
3.8538259104825556e-05
4.2368144931970164e-05
3.870282307616435e-05
3.6234338040230796e-05
4.1799648897722363e-05
4.1066581616178155e-05
3.82688085664995e-05
3.537269003572874e-05
3.8741520256735384e-05
3.669795114547014e-05
4.1900631913449615e-05
3.846719482680783e-05
3.6458750400925055e-05
3.4962697100127116e-05
3.524694693624042e-05
3.693748658406548e-05
3.621938230935484e-05
3.387057950021699e-05
3.615953755797818e-05
3.5665842005982995e-05
3.5501274396665394e-05
3.663827374111861e-05
3.583040597732179e-05
3.487293724901974e-05
3.641386501840316e-05
3.572567948140204e-05
3.318239396321587e-05
