9.706374112283811e-05
0.0002177650894736871
0.00040909723611548543
0.00037502337363548577
0.00022421307221520692
0.00011217385326744989
0.00013729253259953111
0.00016372656682506204
0.000299118080874905
0.0003047604113817215
0.00021483282034751028
0.00016631590551696718
0.00023906883143354207
0.0004436986055225134
0.0005401969538070261
0.0005882451077923179
0.0004998556105419993
0.00028433933039195836
0.00024226383538916707
0.0001517144701210782
0.00018431337957736105
0.00022018904564902186
0.00039220642065629363
0.0004113540053367615
0.0003946431097574532
0.00034293963108211756
0.0002150422806153074
0.0001216288874275051
0.00034032153780572116
0.0008721225894987583
0.0018917106790468097
0.003701692447066307
0.004661504179239273
0.004097040742635727
0.0031758355908095837
0.00234425812959671
0.0019072097493335605
0.0007596195791848004
0.00027238589245826006
7.302222365979105e-05
0.0002105391613440588
0.0004144358972553164
0.000312315474729985
0.00029265735065564513
0.00010838884918484837
9.93076610029675e-05
0.00034765840973705053
0.00053049047710374
0.00044554672786034644
0.0001567299768794328
7.056869799271226e-05
8.796775364317e-05
0.00011542027641553432
0.00011141085997223854
0.0001316673879045993
8.431739843217656e-05
6.323859270196408e-05
9.868050983641297e-05
0.00014671577082481235
0.00021652896248269826
0.00032949852175079286
0.00027554258122108877
9.69440588960424e-05
3.7730391341028735e-05
