9.498474537394941e-05
0.0003934163541998714
0.0003726212598849088
0.00034980650525540113
0.0003090690297540277
0.00010099561040988192
0.0001524774415884167
0.00016001754556782544
0.00032125390134751797
0.0003065135970246047
0.000169007369549945
0.00017289852257817984
0.00027522092568688095
0.0006044642650522292
0.0005648188525810838
0.0005280973273329437
0.00047925973194651306
0.00020382189541123807
0.0002936746459454298
0.00015146160149015486
0.0001726639602566138
0.00021314373589120805
0.0003641508228611201
0.0003840997233055532
0.00038981492980383337
0.0003123902715742588
0.00020926752767991275
0.00013082959048915654
0.000382839294616133
0.0009204450761899352
0.001965361414477229
0.003650976112112403
0.004593652207404375
0.004120571538805962
0.0035172742791473866
0.0023443708196282387
0.002005799673497677
0.0012832970824092627
0.0003696740313898772
6.444984319387004e-05
0.00015276169870048761
0.00040692571201361716
0.00030234077712520957
0.0001534498733235523
9.65401268331334e-05
6.397110701072961e-05
0.00019925893866457045
0.000477240071631968
0.0005201468011364341
0.0001705180766293779
7.078384078340605e-05
0.00010359120642533526
0.00011416173219913617
0.00011091717169620097
0.00014067362644709647
7.33214255888015e-05
9.112442785408348e-05
5.871997564099729e-05
0.00017922684492077678
0.00013181698159314692
0.0003213154268451035
0.0002473396307323128
9.687302372185513e-05
3.4334356314502656e-05
