9.593467984814197e-05
0.0003748952876776457
0.000376525946194306
0.0003557607706170529
0.00020718801533803344
0.0001311063824687153
0.00014576017565559596
0.0001701009168755263
0.0002830676967278123
0.00032851455034688115
0.00021599723550025374
0.00017770181875675917
0.0003153514990117401
0.0005659764283336699
0.0005614677211269736
0.0006333977798931301
0.0004830016987398267
0.0002411483583273366
0.000244155409745872
0.00015581364277750254
0.00017750637198332697
0.00021856361126992851
0.0002715929877012968
0.0003790131595451385
0.000363499071681872
0.00030224703368730843
0.00018162050400860608
0.00010396053403383121
0.000489603029564023
0.001146708964370191
0.0023402278311550617
0.0039268843829631805
0.0045771063305437565
0.004032522439956665
0.0030770099256187677
0.0023059335071593523
0.0017528325552120805
0.0007941726944409311
0.00016873110143933445
8.452684414805844e-05
0.00029582896968349814
0.0004018241888843477
0.0003291011380497366
0.0002586970222182572
9.73479836829938e-05
0.00010075898899231106
0.00028903692145831883
0.0005198625149205327
0.0004652717034332454
0.00021377064695116132
7.365055353147909e-05
8.270166290458292e-05
0.00011865175474667922
0.00012500042794272304
0.00010851010301848873
8.103646541712806e-05
5.946800229139626e-05
9.927788778441027e-05
0.00015674119640607387
0.00022191191965248436
0.00031978479819372296
0.0002645299246069044
6.267610297072679e-05
3.452510281931609e-05
