0.00010090585419675335
0.00035128011950291693
0.00039896671660244465
0.0003722921246662736
0.00021782009571325034
0.00011340182390995324
0.00015368925232905895
0.00016736314864829183
0.0002537899708840996
0.000364710227586329
0.0002248346572741866
0.0001664103619987145
0.000267942639766261
0.0005297214956954122
0.0006126774824224412
0.0005322349024936557
0.0006015319377183914
0.00021411471243482083
0.00029970379546284676
0.000167602498549968
0.00015511049423366785
0.00021792008192278445
0.0003011101216543466
0.000424601515987888
0.0004085311375092715
0.00034869942464865744
0.0002279681502841413
9.676453191787004e-05
0.0003956469299737364
0.0011110594496130943
0.003168743336573243
0.004228498321026564
0.004610797390341759
0.004115738905966282
0.003271332010626793
0.002342715859413147
0.0018115824786946177
0.0009456385741941631
0.00028303777799010277
6.452464731410146e-05
0.00012345406867098063
0.0003787008754443377
0.00031357016996480525
0.000198136898688972
0.00011311636626487598
0.0001284846366615966
0.00047089680447243154
0.0005532244686037302
0.0004522459057625383
0.00015802780399098992
8.379377686651424e-05
7.375528366537765e-05
0.00011529390758369118
0.0001387044321745634
0.00010160425881622359
8.081663690973073e-05
7.176553481258452e-05
8.886538853403181e-05
0.0001654930820222944
0.00019010310643352568
0.0003121060144621879
0.000319496524753049
0.00010560619557509199
4.016895400127396e-05
