9.902357123792171e-05
0.0004676503886003047
0.00042879796819761395
0.00040037298458628356
0.0002347949775867164
0.00011896270007127896
0.00017225522606167942
0.00019628179143182933
0.00028228972223587334
0.0005032264743931592
0.00035453401505947113
0.0002564379828982055
0.0003542191698215902
0.0007799210143275559
0.0006609681295230985
0.0005902647972106934
0.0006376167293637991
0.0002522340801078826
0.00036750477738678455
0.00020168254559393972
0.00021321707754395902
0.00029123612330295146
0.00029879118665121496
0.000491856480948627
0.00044232222717255354
0.0003796975943259895
0.00025841279421001673
0.0001676287647569552
0.0006695423508062959
0.0010604902636259794
0.0026379285845905542
0.004380876198410988
0.004675555974245071
0.004084691870957613
0.0031634883489459753
0.002440671669319272
0.002014117781072855
0.0012355879880487919
0.00023108006280381233
0.00010750617366284132
0.00028876762371510267
0.0003666561678983271
0.0003109007375314832
0.00019423221237957478
0.00011091717169620097
0.00013623034465126693
0.0002966368629131466
0.0005486165755428374
0.0005524764419533312
0.00017715572903398424
0.00013148426660336554
0.0001134305348386988
0.0001220477934111841
0.00010838884190889075
0.00014418934006243944
0.00010753515380201861
7.283744344022125e-05
0.00015479633293580264
0.00016362301539629698
0.0002210581733379513
0.00036217973683960736
0.00026686544879339635
7.857521995902061e-05
2.9891085432609543e-05
