0.00010094946628669277
0.0003417727129999548
0.0004225893353577703
0.0004017942410428077
0.0002940487174782902
0.00011487087613204494
0.00013799119915347546
0.0001695922837825492
0.00029264242039062083
0.0003712017787620425
0.0001786657958291471
0.00018399082182440907
0.00029368590912781656
0.0005810061120428145
0.0006703203544020653
0.0005225404747761786
0.0004592912155203521
0.0002574922691565007
0.00026330698165111244
0.00016849522944539785
0.00018171673582401127
0.00021485993056558073
0.0003063864423893392
0.0004051295109093189
0.0003872975066769868
0.00033314048778265715
0.00020054556080140173
0.0001291540393140167
0.0004514265456236899
0.0013094895984977484
0.0028803017921745777
0.00459295092150569
0.0051942323334515095
0.004755362402647734
0.0033995306584984064
0.0026823715306818485
0.0022481081541627645
0.0007540842052549124
0.00024092395324259996
7.240883132908493e-05
0.00026447177515365183
0.0004282294539734721
0.0003588725521694869
0.0002913408388849348
0.00011344549420755357
9.645036334404722e-05
0.00026638671988621354
0.0005369624705053866
0.0004422855854500085
0.00021222076611593366
8.339771738974378e-05
0.00013852957636117935
0.00012304734264034778
0.00013770301302429289
0.00011821509542642161
9.575470176059753e-05
8.5200066678226e-05
0.00011260771134402603
0.0001659119880059734
0.00020611083891708404
0.00033864594297483563
0.00028154172468930483
8.730949775781482e-05
3.852329609799199e-05
