0.00010437982564326376
0.00037066798540763557
0.0004291569930501282
0.0004087209817953408
0.00025708432076498866
0.00011827026173705235
0.00015087667270563543
0.00016191751637961715
0.00032078471849672496
0.0003196909965481609
0.00021929103240836412
0.0001888763508759439
0.00028564088279381394
0.0005570992361754179
0.0006228094571270049
0.0006456612609326839
0.00032721611205488443
0.00027205675723962486
0.0003356239467393607
0.00018061815353576094
0.00018432835349813104
0.00024513990501873195
0.00036773295141756535
0.00047748596989549696
0.00045417097862809896
0.0003737283404916525
0.00021525171177927405
0.0001153903576778248
0.0005286906380206347
0.0012770319590345025
0.002661581616848707
0.004868685733526945
0.005167970899492502
0.004740594420582056
0.003986016381531954
0.0028186936397105455
0.0020247576758265495
0.0011091904016211629
0.00016820093151181936
8.098120451904833e-05
0.00024206095258705318
0.0004337199789006263
0.00034545297967270017
0.0003106249205302447
9.094297274714336e-05
0.00012788470485247672
0.00035087342257611454
0.0005933036445640028
0.0004783771000802517
0.00022575398907065392
7.596014620503411e-05
9.495018457528204e-05
0.0001072668019332923
0.00013476848835125566
9.166300151264295e-05
8.773565787123516e-05
5.8076668210560456e-05
0.00010572587052593008
0.00017280876636505127
0.00023024938127491623
0.00035535747883841395
0.00021004359587095678
8.169931243173778e-05
3.675795960589312e-05
