0.000102510821307078
0.00042708124965429306
0.0004261948342900723
0.0004027516988571733
0.0003133327991236001
0.00010593532351776958
0.00013699333067052066
0.00016717951803002506
0.0003360059636179358
0.000391353212762624
0.00018033484229817986
0.00017660873709246516
0.000308351794956252
0.000579599873162806
0.000468536774860695
0.000621706189122051
0.0004657709796447307
0.00029355872538872063
0.00026268960209563375
0.00018295504560228437
0.00021575010032393038
0.00021726016711909324
0.00034277132363058627
0.0004267792101018131
0.0004119524091947824
0.00034580734791234136
0.0002059313264908269
0.00012213755690027028
0.00041669493657536805
0.001255534472875297
0.003377393586561084
0.004394992254674435
0.004971031099557877
0.004555353429168463
0.0037461549509316683
0.002670360030606389
0.00215498567558825
0.001118671614676714
0.00029285188065841794
7.326251943595707e-05
0.00027769498410634696
0.0003660236834548414
0.0003204689419362694
0.0002592804958112538
0.00011039355013053864
7.620880205649883e-05
0.00034683974809013307
0.0005784231470897794
0.0004708898486569524
0.00021280531655065715
8.173637615982443e-05
9.165827214019373e-05
0.00010681799176381901
0.00011396910849725828
0.00013201148249208927
8.438660734100267e-05
6.674585893051699e-05
9.557318844599649e-05
0.00014374332386069
0.00023156614042818546
0.00034936796873807907
0.0002600827137939632
8.150482608471066e-05
3.569576074369252e-05
