9.919809963321313e-05
0.00037039213930256665
0.000386818777769804
0.00037314489600248635
0.0003213516029063612
9.914830297930166e-05
0.0001367913355352357
0.00016981667431537062
0.00023016735212877393
0.00042843891424126923
0.00024243496591225266
0.0001543175894767046
0.0001963416434591636
0.0004105611296836287
0.0007037420873530209
0.00048337384941987693
0.0006341159460134804
0.00019490544218569994
0.000309143855702132
0.00015843173605389893
0.00015401838754769415
0.00022094708401709795
0.0003072632534895092
0.0004058036720380187
0.0003902746830135584
0.0003194217279087752
0.0001841039484133944
9.315905481344089e-05
0.0002879448002204299
0.0007984121912159026
0.0025872059632092714
0.004202989861369133
0.004579709842801094
0.004237447399646044
0.0033601413015276194
0.0025063285138458014
0.0019604244735091925
0.0009266685810871422
0.000269438634859398
7.098758942447603e-05
0.00023408701235894114
0.00037540390621870756
0.0003176620230078697
0.0002171048108721152
8.544362935936078e-05
0.00010868700337596238
0.00043111867853440344
0.0005395421758294106
0.0004097074270248413
0.00017699676391202956
7.702976290602237e-05
0.0001096791893360205
0.00011155486572533846
0.00012505018094088882
0.00010544162796577439
8.33150334074162e-05
7.293244561878964e-05
8.551424252800643e-05
0.00015279161743819714
0.0001823984639486298
0.00031566660618409514
0.0003015439142473042
7.694464875385165e-05
3.592647044570185e-05
