0.00010055720485979691
0.0003849936183542013
0.00040312574128620327
0.00038031747681088746
0.0002288264804519713
0.00011028679728042334
0.00015672996232751757
0.0001711790100671351
0.00032442790688946843
0.000388391490560025
0.00023153437359724194
0.00017936521908268332
0.0002686504158191383
0.0005544362938962877
0.0005938721587881446
0.0005570543580688536
0.000552925281226635
0.0002148328348994255
0.0003083359624724835
0.00016105765826068819
0.0001888235710794106
0.0002178739377995953
0.0003479532606434077
0.0003942690964322537
0.00037678031367249787
0.00033240742050111294
0.00019984239770565182
0.0001208958201459609
0.00036198433372192085
0.0008857217035256326
0.0018774684285745025
0.004371092654764652
0.004850427620112896
0.0044148024171590805
0.0035158104728907347
0.0026531596668064594
0.0021464512683451176
0.0011787205003201962
0.0001344949268968776
6.790572660975158e-05
0.0002183036704082042
0.00041032169247046113
0.0003270665183663368
0.0003093233681283891
0.00012824144505430013
6.919232691871002e-05
0.00021599975298158824
0.0005546875763684511
0.0004463543009478599
0.00019837627769447863
7.83598588895984e-05
9.529628732707351e-05
0.00011397098569432274
0.0001341957104159519
0.00012330447498243302
8.724965300643817e-05
7.26332509657368e-05
9.133386629400775e-05
0.00015498146240133792
0.00021614338038489223
0.0003954809217248112
0.00022775870456825942
0.00011389431892894208
3.592647408368066e-05
