0.00010140326048713177
0.0004088705754838884
0.00042259047040715814
0.00039862157427705824
0.000155792135046795
0.00012239188072271645
0.00014332162390928715
0.00016371278616134077
0.0002570813230704516
0.0003940532333217561
0.0002310723502887413
0.00019187705765943974
0.000352419912815094
0.0005336515605449677
0.000700454693287611
0.0007001029443927109
0.0006006589392200112
0.00024358626978937536
0.0002366302942391485
0.00017704260244499892
0.00018928029749076813
0.0002398467913735658
0.0002693937567528337
0.0004374900017865002
0.00043297195225022733
0.0003383210569154471
0.0001862008066382259
0.00015287401038222015
0.00046133712748996913
0.0011182124726474285
0.0033486965112388134
0.0047429571859538555
0.005074542947113514
0.004630066454410553
0.0038178309332579374
0.002753809792920947
0.0022295040544122458
0.0012491123052313924
0.00030040970887057483
6.952145486138761e-05
0.0002590710355434567
0.00044375844299793243
0.0003415183746255934
0.000317761063342914
9.035073162522167e-05
0.00011892423935933039
0.000342166778864339
0.000578323204535991
0.00045090861385688186
0.0002295950980624184
9.695763583295047e-05
0.00012883986346423626
0.00014436885248869658
0.00012288558355066925
0.00014233423280529678
8.86260240804404e-05
7.770484808133915e-05
8.084655564744025e-05
0.00017140249838121235
0.00017701266915537417
0.0003175965102855116
0.000390424276702106
0.00012001316645182669
4.212877684039995e-05
