9.399645205121487e-05
0.00036699610063806176
0.00046218978241086006
0.0003842306323349476
0.00023537360539194196
0.0001128620351664722
0.00013862403284292668
0.0001484829990658909
0.00024156723520718515
0.00041481966036371887
0.00025513870059512556
0.00018904090393334627
0.000267478812020272
0.0005270876572467387
0.0005963902804069221
0.0005579948192462325
0.0003405010502319783
0.0002662343322299421
0.00027210163534618914
0.0001741253217915073
0.00023501548275817186
0.00024076967383734882
0.00034326876630075276
0.00043053337140008807
0.0004083319508936256
0.000382839294616133
0.0001898849877761677
0.00013650674372911453
0.0003940605965908617
0.001304991776123643
0.002133021829649806
0.004524266812950373
0.004772221203893423
0.0044778333976864815
0.0037064258940517902
0.00255574774928391
0.0021311144810169935
0.0011569088092073798
0.0002736276073846966
6.570653204107657e-05
0.00023959341342560947
0.00039459127583540976
0.000338543119141832
0.0002153844980057329
0.00010831011604750529
0.00013377681898418814
0.0003650512080639601
0.000549693766515702
0.0004795206186827272
0.00023113697534427047
7.993864710442722e-05
9.543305350234732e-05
0.00011869664012920111
0.00012001316645182669
0.00013181698159314692
8.552919462090358e-05
8.053238707361743e-05
6.331285112537444e-05
0.00015742731920909137
0.00020854426838923246
0.00034327432513237
0.00021414464572444558
8.607432391727343e-05
3.547883534338325e-05
