9.754986240295693e-05
0.00038562194094993174
0.0004055942117702216
0.0003627797123044729
0.0002174355322495103
0.00011733522842405364
0.00014149643538985401
0.0001611395855434239
0.00026216788683086634
0.0003753889468498528
0.00022244773572310805
0.00016039155889302492
0.0002566360926721245
0.0003959446621593088
0.0005706932861357927
0.0005879451055079699
0.0003165754897054285
0.00023972710187081248
0.00024280897923745215
0.00016477497410960495
0.0001619773538550362
0.00021175095753278583
0.0002682119084056467
0.00042294838931411505
0.00038065449916757643
0.00030394826899282634
0.0001116343482863158
0.00017527726595290005
0.0004538418725132942
0.0011120591079816222
0.0021698714699596167
0.004208742640912533
0.004640098195523024
0.004499535541981459
0.0032437045592814684
0.002436916111037135
0.0018463206943124533
0.0013645326253026724
0.00036448275204747915
8.604008326074108e-05
0.000284450565231964
0.0003446946502663195
0.0003472033713478595
0.00023568775213789195
9.095986024476588e-05
9.387715545017272e-05
0.00025856238789856434
0.00048756282194517553
0.0005919422837905586
0.0002457192458678037
0.00010574889893177897
0.00010757175186881796
0.00014881399692967534
0.00016051124839577824
0.00012316981155890971
7.625368016306311e-05
5.959287591394968e-05
0.00016300870629493147
0.0001714333484414965
0.00024364674754906446
0.0003462458844296634
0.0002550765930209309
0.00010964553075609729
4.217366222292185e-05
