9.976586443372071e-05
0.000441645213868469
0.0004200713010504842
0.0003892498789355159
0.00021056814875919372
0.00010201567056355998
0.000143052326166071
0.00017485834541730583
0.000316728837788105
0.00043611362343654037
0.0002611654927022755
0.00016743794549256563
0.00021190056577324867
0.0005248663946986198
0.0007064499659463763
0.0004796187567990273
0.0007016775198280811
0.0001991991011891514
0.00032862243824638426
0.00020183213928248733
0.00018868186452891678
0.0002540891582611948
0.00022639728558715433
0.0004468446713872254
0.00040117508615367115
0.00031529305852018297
0.00018143982742913067
0.00021175095753278583
0.0005372616578824818
0.0011279024183750153
0.00212501990608871
0.004072144627571106
0.00502442242577672
0.004543079994618893
0.0030449009500443935
0.0026250204537063837
0.0019828726071864367
0.0009223225060850382
0.0003233690222259611
9.619977208785713e-05
0.0003650661965366453
0.0004047414695378393
0.0003686118288896978
0.00030220215558074415
0.000116123424959369
8.4212668298278e-05
0.00022401857131626457
0.0005330427666194737
0.00047803143388591707
0.0002975494135171175
7.837524026399478e-05
0.00010166476567974314
0.00010414754069643095
0.00013067718828096986
0.00011697617446770892
8.467448060400784e-05
4.622421693056822e-05
0.00013151777966413647
0.00015425773744937032
0.00019595267076510936
0.0003342924464959651
0.0003622686199378222
8.722803613636643e-05
3.170130730723031e-05
