0.00010101332009071484
0.0003057711001019925
0.0004098345525562763
0.0003902195021510124
0.0002750787534750998
0.00010982505045831203
0.00013567678979597986
0.0001616912049939856
0.0003138547472190112
0.00032984826248139143
0.00020693367696367204
0.00016323123418260366
0.00024418532848358154
0.0005082082934677601
0.0006203821976669133
0.000549005635548383
0.0006061547319404781
0.00020329828839749098
0.0003289964224677533
0.00016374309780076146
0.00019040799816139042
0.00021566651412285864
0.0002855812490452081
0.00041350643732585013
0.0003984374925494194
0.0003613560111261904
0.00022442905174102634
0.00015505064220633358
0.00042965071042999625
0.0010096245678141713
0.0022540991194546223
0.0041014221496880054
0.005063262768089771
0.004657967947423458
0.003894727909937501
0.002811018843203783
0.0024175725411623716
0.0015822977293282747
0.0002369178255321458
7.14145353413187e-05
0.00025808450300246477
0.0004057361220475286
0.0003557897580321878
0.00021692636073566973
8.961902494775131e-05
0.00012131471157772467
0.00026916779461316764
0.0005693818675354123
0.00047737470595166087
0.0002236146538052708
8.491581684211269e-05
0.00010259912960464135
0.00013045557716395706
0.00013407603546511382
0.00013798072177451104
9.142363705905154e-05
7.097262277966365e-05
8.478117524646223e-05
0.00016037658497225493
0.00018706613627728075
0.00032685708720237017
0.0003010606160387397
9.105834033107385e-05
3.811082206084393e-05
