0.00010378100705565885
0.0004014800942968577
0.00035482816747389734
0.00033180901664309204
0.0002168824285035953
9.188741387333721e-05
0.0001090620644390583
0.0001172305055661127
0.0001430972188245505
0.0002768976555671543
0.0001871083804871887
0.00015092156536411494
0.0002170853258576244
0.0003566135128494352
0.000414061825722456
0.0003313302295282483
0.0004039485356770456
0.00014436885248869658
0.00021555094281211495
0.00010759492579381913
9.241102816304192e-05
0.00013729894999414682
0.00017897089128382504
0.0002228118246421218
0.00017003454559016973
0.0001423641515430063
8.294103463413194e-05
5.0805869250325486e-05
0.00014206494961399585
0.00040037298458628356
0.0009542401530779898
0.0016329356003552675
0.0016864753561094403
0.0011926420265808702
0.0008246828219853342
0.0006538338493555784
0.000542276247870177
0.00032957803341560066
0.00016069076082203537
5.056650115875527e-05
0.00013765160110779107
0.00015131050895433873
0.00013902795035392046
9.522360778646544e-05
6.149264663690701e-05
6.223101809155196e-05
0.00012892867380287498
0.00016003623022697866
0.00012918395805172622
6.433016824303195e-05
4.5300406782189384e-05
4.709566564997658e-05
6.123333878349513e-05
5.894679998164065e-05
5.8139201428275555e-05
4.2870255128946155e-05
3.6766370612895116e-05
5.1583818276412785e-05
6.05900349910371e-05
5.906407022848725e-05
7.216946687549353e-05
7.893161819083616e-05
4.646732486435212e-05
3.572568311938085e-05
