9.797289385460317e-05
0.00032763503259047866
0.00040070211980491877
0.0003637410991359502
0.00013878391473554075
0.0001102140304283239
0.00013639491226058453
0.00015621757484041154
0.0002604474138934165
0.00038292905082926154
0.00024360186944250017
0.00016817559662740678
0.0002623455075081438
0.0006535449647344649
0.0005702364724129438
0.0004986186395399272
0.0005561566795222461
0.00018501654267311096
0.00023441811208613217
0.0001652986102271825
0.00022175951744429767
0.0002314030862180516
0.0003971499390900135
0.00042104965541511774
0.00038093930925242603
0.0003255555056966841
0.0001966707786777988
0.0001210603877552785
0.00048824158147908747
0.0015218273038044572
0.002594614867120981
0.004050900228321552
0.004682877101004124
0.0042516253888607025
0.003591373562812805
0.0024757091887295246
0.0017931547481566668
0.00091950548812747
0.0001256224059034139
8.731417619856074e-05
0.000305942288832739
0.00038420071359723806
0.0003327066369820386
0.00025334118981845677
0.00010671326890587807
8.078671817202121e-05
0.0003474661207292229
0.0005334541783668101
0.00038886835682205856
0.00014149847265798599
7.147606083890423e-05
0.00011379612988093868
0.00011144078598590568
0.0001246957981493324
0.0001290941727347672
8.051742770476267e-05
7.007499516475946e-05
8.361424988834187e-05
0.00016507419059053063
0.00021901473519392312
0.0003400131536182016
0.00019746368343476206
0.00010191095498157665
4.6332675992744043e-05
