0.00011064831051044166
0.0004317451675888151
0.00046253702021203935
0.0004406401130836457
0.00024786562426015735
0.000123229663586244
0.00016438601596746594
0.00020686756761278957
0.0005295597366057336
0.000433585315477103
0.0002634095726534724
0.00017197098350152373
0.00023052639153320342
0.0006458997377194464
0.0006761652766726911
0.0006468765204772353
0.0004790951788891107
0.00027026148745790124
0.00039344627293758094
0.00019490746490191668
0.00027783805853687227
0.00026177888503298163
0.0003576757153496146
0.00048615652485750616
0.00045285443775355816
0.00041771220276132226
0.00020732135453727096
0.00021791469771414995
0.0006611670833081007
0.0017620183061808348
0.00316645042039454
0.004824747797101736
0.005507754161953926
0.005127098876982927
0.0038807783275842667
0.003054172033444047
0.002264060080051422
0.0011700985487550497
0.0003400439163669944
9.803743887459859e-05
0.00025128413108177483
0.00046805432066321373
0.00040545957745052874
0.0003810290654655546
0.00015140029427129775
0.00013686055899597704
0.0005205932538956404
0.0006665801629424095
0.00055497488938272
0.00026981267728842795
8.418739889748394e-05
0.00010654111247276887
0.00011648247891571373
0.00014785464736633003
0.00013836969446856529
9.093528205994517e-05
4.9880185542861e-05
0.0001385641808155924
0.0001719709689496085
0.00022180439555086195
0.0003958911111112684
0.000318277336191386
7.665761950192973e-05
4.308625284465961e-05
