0.00010647957242326811
0.00043741692206822336
0.0004552331520244479
0.0004384175408631563
0.0002593074459582567
0.00014206493506208062
0.00016045139636844397
0.00018830054614227265
0.00046796456445008516
0.00044568837620317936
0.00024103271425701678
0.00018941493181046098
0.00030390979372896254
0.0007098160567693412
0.0006372426869347692
0.000559093663468957
0.0006458898424170911
0.0002555852406658232
0.0003683874383568764
0.00019584626716095954
0.00021258996275719255
0.00023625533503945917
0.000395385519368574
0.0004647929163184017
0.00042852864135056734
0.0003715141792781651
0.00024418532848358154
0.00012511468958109617
0.00045915605733171105
0.0012621645582839847
0.003575112670660019
0.004599166568368673
0.005128472112119198
0.00464145140722394
0.0038089589215815067
0.002818603767082095
0.0023428299464285374
0.0013711451319977641
0.0004212279454804957
6.90427259542048e-05
0.00018812832422554493
0.0003924300253856927
0.00034888903610408306
0.00019052201241720468
9.65401268331334e-05
0.00010425974323879927
0.00029286681092344224
0.0005459536332637072
0.000549379619769752
0.0002886778675019741
8.192632958525792e-05
0.00010613346239551902
0.00010310779180144891
0.00012471075751818717
0.0001432617864338681
8.78048813319765e-05
5.256653093965724e-05
0.00012541390606202185
0.00016531355504412204
0.00019927391258534044
0.000329265691107139
0.0002695524017326534
8.598971908213571e-05
3.7041721952846274e-05
