9.579623292665929e-05
0.0003894380643032491
0.0004032902361359447
0.0004030359850730747
0.0002600284933578223
0.00012735876953229308
0.00013866891094949096
0.0001694412640063092
0.0002712675486691296
0.0003090839891228825
0.00019900461484212428
0.0001572498440509662
0.00022557447664439678
0.0005602483870461583
0.0006189952255226672
0.0006795210647396743
0.0005148956552147865
0.00028355972608551383
0.0002331490395590663
0.0002007101138588041
0.0002191863168263808
0.0002246922958875075
0.0003247380955144763
0.0003645481774583459
0.00035056949127465487
0.0002822598034981638
0.00018859209376387298
0.00015388928295578808
0.0004724434984382242
0.0013344769831746817
0.0022386149503290653
0.0039707268588244915
0.0044499714858829975
0.0042562335729599
0.0030811007600277662
0.002283903770148754
0.0017306162044405937
0.0011426085839048028
0.0003573465801309794
9.026612679008394e-05
0.0002864657435566187
0.00037275589420460165
0.00032307207584381104
0.0002863589907065034
8.209787483792752e-05
0.00019298768893349916
0.000342042010743171
0.0005245452048256993
0.0005051264306530356
0.0001702719455352053
6.785342702642083e-05
0.00011672091204673052
0.00011325567902531475
0.00011390928557375446
0.0001111116653191857
8.473628258798271e-05
7.574502524221316e-05
9.142363705905154e-05
0.00018175515288021415
0.0002347257686778903
0.00036633783020079136
0.0002693189599085599
9.887397027341649e-05
3.9824863051762804e-05
