9.378878166899085e-05
0.0003332003252580762
0.0003894817491527647
0.00033435228397138417
0.00025841279421001673
9.215669706463814e-05
0.00012831624189857394
0.00016172303003259003
0.00021513203682843596
0.00042568618664518
0.0002580686705186963
0.0001580277894390747
0.0001977030624402687
0.0004252074286341667
0.000573485333006829
0.0007341034943237901
0.00041322031756863
0.0002465640427544713
0.00022349494975060225
0.00014689011732116342
0.00018915430700872093
0.00022543455997947603
0.00036558983265422285
0.0004286102775949985
0.0004046900721732527
0.00033227563835680485
0.00018791139882523566
0.0001539884542580694
0.00034679941018112004
0.0007929365965537727
0.002664150670170784
0.004326813388615847
0.004801687318831682
0.004373292904347181
0.0031090553384274244
0.002513926476240158
0.0019128050189465284
0.0009178241016343236
0.00021199874754529446
7.715692481724545e-05
0.0003109540557488799
0.00040966348024085164
0.0003551772970240563
0.00028043464408256114
0.00010424478386994451
0.00010111803567269817
0.0002952904033008963
0.0005195633857510984
0.00047198895481415093
0.0002220736932940781
7.978436769917607e-05
9.664485696703196e-05
0.00012465092004276812
0.00011188960343133658
0.0001374271814711392
8.3808736235369e-05
8.096623787423596e-05
0.00012030099605908617
0.000153297049109824
0.00020472165488172323
0.00032936831121332943
0.00030619415338151157
7.522141095250845e-05
3.50075752066914e-05
