9.732835314935073e-05
0.00025114198797382414
0.0003850693174172193
0.0003644718090072274
0.00014586489123757929
0.00010144717089133337
0.00013708308688364923
0.0001759803999448195
0.00026263162726536393
0.00038072370807640254
0.00023477191280107945
0.00017985797603614628
0.00030451075872406363
0.0006097050500102341
0.0005662466865032911
0.000626522523816675
0.0003867224440909922
0.0002734667796175927
0.00021797545196022838
0.0001520587393315509
0.00020564052101690322
0.0002282280765939504
0.0003324551216792315
0.00042517748079262674
0.0003863699676003307
0.0003368207544554025
0.0001918534835567698
0.00014239407028071582
0.00032693188404664397
0.0008032144978642464
0.0017362113576382399
0.004086066968739033
0.005018081981688738
0.004446891602128744
0.003573611844331026
0.0025273363571614027
0.001985570415854454
0.0010239853290840983
0.0002467550802975893
6.829182530054823e-05
0.00034024391788989305
0.0003663602692540735
0.00032370741246268153
0.00019548326963558793
8.074931247392669e-05
0.00013255006342660636
0.00036666696541942656
0.0005423481925390661
0.0004675606032833457
0.0002276390150655061
8.400322258239612e-05
7.409937825286761e-05
0.00011676295252982527
0.00012298529327381402
9.823439904721454e-05
8.238748705480248e-05
6.902776658535004e-05
8.352448639925569e-05
0.00015479633293580264
0.0001666599855525419
0.0003394670784473419
0.00015234280726872385
9.012207010528073e-05
3.856817784253508e-05
