0.00011925016588065773
0.0005689778481610119
0.0005464922287501395
0.0005349426646716893
0.000431655440479517
0.00014626883785240352
0.00018659306806512177
0.0002056882221950218
0.00042627056245692074
0.00048486990272067487
0.00030013761715963483
0.00021395014482550323
0.00028145196847617626
0.0005750518175773323
0.0007276514661498368
0.0009113341220654547
0.000651679583825171
0.0003723093250300735
0.00033372160396538675
0.0002038368402281776
0.0002599458384793252
0.00027745653642341495
0.0004314758989494294
0.0005387155688367784
0.0005144271999597549
0.00044037739280611277
0.0002836960193235427
0.00018893356900662184
0.0006327089504338801
0.0018595390720292926
0.00345484702847898
0.005380431655794382
0.00600005965679884
0.005530658643692732
0.004858049564063549
0.0034302789717912674
0.003006358165293932
0.0018158461898565292
0.00032950672903098166
0.00011709585669450462
0.0003098320448771119
0.0005078791873529553
0.00039314705645665526
0.00027233664877712727
0.00011234040721319616
0.00020317858434282243
0.0004737393173854798
0.0007019698969088495
0.00037790046189911664
0.00018866690516006202
0.00010216528607998043
0.00010138732613995671
0.00016755763499531895
0.00015744434494990855
0.00019698493997566402
0.00012058165884809569
9.253071766579524e-05
0.00014979747356846929
0.0002290572301717475
0.0003569978289306164
0.0005158419371582568
0.0004586815775837749
0.00023989540932234377
8.530479681212455e-05
