0.00010750618093879893
0.0004529442230705172
0.0004506851837504655
0.00042644914356060326
0.0003942092589568347
0.00011954938236158341
0.0001696873951004818
0.00019445006910245866
0.0003871357475873083
0.00042472867062315345
0.00025236979126930237
0.00020679902809206396
0.0002881392720155418
0.000575874641072005
0.0007206025766208768
0.0006340112304314971
0.0006502283504232764
0.000274255929980427
0.0003572567948140204
0.0001918086054502055
0.00019635660282801837
0.000288992072455585
0.0003700679517351091
0.0005165535840205848
0.0004706821928266436
0.0004001059860456735
0.0001848370156949386
0.00011869195441249758
0.0004533780738711357
0.0010709476191550493
0.002175601664930582
0.0047743059694767
0.005211865063756704
0.004780981689691544
0.0038620075210928917
0.002757954876869917
0.0021667745895683765
0.001186876674182713
0.00034699394018389285
7.570014713564888e-05
0.00016722849977668375
0.000472512561827898
0.00036069774068892
0.0002665967622306198
0.00010008803656091914
0.000124854312161915
0.00046101820771582425
0.0005927285528741777
0.0004658999969251454
0.0002202634932473302
8.364417590200901e-05
9.39669189392589e-05
0.0001225265150424093
0.00011435808846727014
0.00012977728329133242
8.825867553241551e-05
5.059548857389018e-05
0.00013964225945528597
0.00016713874356355518
0.000247356976615265
0.0003766755689866841
0.0003612213477026671
0.00012465092004276812
4.649724724004045e-05
