0.00010847934026969597
0.00048218079609796405
0.0005119184497743845
0.0004768062208313495
0.000344809697708115
0.00012676035112235695
0.00017463295080233365
0.00020308134844526649
0.00038324325578287244
0.0004547843709588051
0.00027277483604848385
0.00018024414021056145
0.00021115255367476493
0.000641692487988621
0.0007028697873465717
0.0008324650698341429
0.000539558008313179
0.00032189019839279354
0.00031683355337008834
0.00018335592176299542
0.00020316362497396767
0.00027175756986252964
0.0003051792737096548
0.0004984308616258204
0.0004556697967927903
0.0003599108022172004
0.00020199122081976384
0.00020271481480449438
0.0005604354082606733
0.0012404053704813123
0.002735273679718375
0.00498230429366231
0.005504537373781204
0.004978619981557131
0.003966217860579491
0.002797836670652032
0.0021288732532411814
0.0010639199754223228
0.0002766795514617115
7.848280074540526e-05
0.00027593152481131256
0.0004683535371441394
0.0003755834186449647
0.00032770982943475246
0.00012303517723921686
8.150482608471066e-05
0.0003739127714652568
0.000637439195998013
0.0005136154941283166
0.00013872032286599278
7.528125570388511e-05
0.00011495651415316388
0.00012810211046598852
0.00013347760250326246
0.0001344949268968776
9.308425069320947e-05
8.280638576252386e-05
9.767713345354423e-05
0.0001912102015921846
0.00020566202874761075
0.000399990618461743
0.0002894269418902695
0.00010552583262324333
3.737133738468401e-05
