3.2030435249907896e-05
4.616371006704867e-05
5.801683073514141e-05
5.560071440413594e-05
4.995312337996438e-05
4.392646224005148e-05
4.1837047319859266e-05
4.6616929466836154e-05
4.593296762323007e-05
4.250279380357824e-05
4.890953641734086e-05
4.6467321226373315e-05
4.489463026402518e-05
4.980351513950154e-05
4.7786594222998247e-05
4.18052586610429e-05
4.752951645059511e-05
4.291025106795132e-05
4.031855860375799e-05
3.898597424267791e-05
4.0191513107856736e-05
3.7655587220797315e-05
4.0779737901175395e-05
4.227838508086279e-05
4.451413406059146e-05
4.2637439037207514e-05
4.077889389009215e-05
3.783393549383618e-05
4.5315366151044145e-05
7.786942296661437e-05
6.599078187718987e-05
9.975663124350831e-05
0.00014941055269446224
0.00016259074618574232
0.00014677748549729586
8.529749175067991e-05
5.8256198826711625e-05
4.348819129518233e-05
3.687764183268882e-05
4.2472867789911106e-05
4.120276207686402e-05
4.5240562030812725e-05
4.5617620344273746e-05
3.666819611680694e-05
3.674175968626514e-05
3.5456392652122304e-05
4.142563557252288e-05
5.2309129387140274e-05
4.857675594394095e-05
4.6794408262940124e-05
3.614457818912342e-05
4.033363438793458e-05
4.144059857935645e-05
4.684133818955161e-05
4.151042230660096e-05
3.7012287066318095e-05
3.684943658299744e-05
4.5973629312356934e-05
5.092555147712119e-05
6.766882870579138e-05
9.455037798034027e-05
7.550566078862175e-05
4.687900946009904e-05
3.153673969791271e-05
