9.163797221845016e-05
0.0004003449284937233
0.0003634654567576945
0.000372142530977726
0.00021083631145302206
9.914199472405016e-05
0.00014712159463670105
0.00015768369485158473
0.0002745102683547884
0.00035444990498945117
0.0001828304521040991
0.0001765199122019112
0.0002816015621647239
0.0005335663445293903
0.0006023547612130642
0.0005622404278255999
0.00042891025077551603
0.00025480729527771473
0.0002477758389431983
0.0001603616401553154
0.00013630515604745597
0.00022295024245977402
0.0002730519336182624
0.0003909840015694499
0.00034040288301184773
0.00028101715724915266
0.00018286274280399084
0.00017098359239753336
0.00045761189539916813
0.0009257260244339705
0.0016881134361028671
0.004070413298904896
0.004335904493927956
0.0038612759672105312
0.0029713206458836794
0.002528220647946
0.0017356728203594685
0.0010290943318977952
0.0002807433484122157
5.6954722822410986e-05
0.00030397134833037853
0.00030532144592143595
0.0003489986411295831
0.00022989712306298316
0.00010034009756054729
7.089781865943223e-05
0.00023537360539194196
0.0004737683048006147
0.00037154785241000354
0.0001874314184533432
7.006854139035568e-05
8.651272946735844e-05
0.00010735844261944294
0.00012633770529646426
0.00011821789667010307
9.630075510358438e-05
6.540731556015089e-05
9.333858179161325e-05
0.0001516546035418287
0.00017328752437606454
0.0002854164922609925
0.00033004366559907794
0.000121673772810027
4.1755036363611e-05
