3.081939212279394e-05
4.6573921281378716e-05
5.5488504585810006e-05
4.691746653406881e-05
4.785865166923031e-05
4.6871260565239936e-05
4.5135835534892976e-05
4.676653406932019e-05
5.481528569362126e-05
5.9815920394612476e-05
5.653170228470117e-05
4.4396230805432424e-05
4.244107549311593e-05
4.7384590288857e-05
4.9371526984032243e-05
5.45534749107901e-05
5.0849816034315154e-05
5.089750266051851e-05
4.813167834072374e-05
4.892645665677264e-05
5.9179077652515844e-05
6.641513027716428e-05
8.455912029603496e-05
0.00012097063154214993
0.00015111603715922683
0.0001235139206983149
8.771342982072383e-05
5.3394036513054743e-05
0.0001595836947672069
0.0006602979847230017
0.0013657674426212907
0.0016430419636890292
0.0012319993693381548
0.0008554341620765626
0.0005608393112197518
0.0002787291305139661
0.0002107037289533764
0.00020237072021700442
9.432718070456758e-05
5.309108746587299e-05
8.68307615746744e-05
9.737791697261855e-05
9.383227734360844e-05
6.721503450535238e-05
5.064009383204393e-05
6.0785045207012445e-05
8.070572948781773e-05
9.015947580337524e-05
6.978139572311193e-05
5.221683022682555e-05
3.5558314266381785e-05
4.382398765301332e-05
4.415779767441563e-05
4.13442867284175e-05
3.961541733588092e-05
3.687764183268882e-05
3.3968757634283975e-05
3.8837464671814814e-05
3.9675254811299965e-05
4.1620118281571195e-05
5.119484558235854e-05
5.61467713851016e-05
4.5240562030812725e-05
3.460364314378239e-05
