9.847283945418894e-05
0.00036328734131529927
0.00041235637036152184
0.0004083020321559161
0.00028408499201759696
0.00010611485049594194
0.00013368704821914434
0.000160107301780954
0.00020415101607795805
0.0004753400571644306
0.00026227260241284966
0.00016036162560340017
0.00025403883773833513
0.0005563411395996809
0.0006042277091182768
0.0006748290616087615
0.0005826225969940424
0.00024186646624002606
0.0002590654185041785
0.00017173535889014602
0.00018329608428757638
0.00024089400540105999
0.00033231766428798437
0.0004265538591425866
0.0004066264955326915
0.0003997409075964242
0.00020060539827682078
0.00012062653695465997
0.0004193877975922078
0.0010085026733577251
0.002160850213840604
0.004254423547536135
0.005375607870519161
0.004963386803865433
0.004008442163467407
0.0028563044033944607
0.0023982436396181583
0.0014179416466504335
0.00040168952546082437
5.119484558235854e-05
0.0002216099383076653
0.0004131941532250494
0.00030676511232741177
0.0003560151089914143
0.00015045778127387166
0.00012499274453148246
0.0003587801766116172
0.0005463961861096323
0.0005017707590013742
0.000183815966011025
9.501940076006576e-05
0.00011665732745314017
0.0001215213633258827
0.00012246667756699026
0.0001432617864338681
7.825839566066861e-05
8.313552098115906e-05
6.850414501968771e-05
0.00019426214566919953
0.0001554545888211578
0.0003009903593920171
0.00030785377020947635
9.093528205994517e-05
3.658024070318788e-05
