9.639616473577917e-05
0.00032066344283521175
0.00042883330024778843
0.0003947627847082913
0.0002231117687188089
0.0001340629387414083
0.00014547591854352504
0.00016069076082203537
0.0002487333258613944
0.0004418734461069107
0.0002779212954919785
0.0001725544425426051
0.00028658879455178976
0.0005431196768768132
0.0005271436530165374
0.0006048886571079493
0.0004899564664810896
0.00024366170691791922
0.0003214413591194898
0.00017064882558770478
0.0001903310912894085
0.0002185879129683599
0.0002771882282104343
0.00038993055932223797
0.00038469440187327564
0.0003609071718528867
0.00018653924053069204
0.00015459688438568264
0.0006008737254887819
0.0011718712048605084
0.0024890985805541277
0.0038800365291535854
0.004751485772430897
0.0043483455665409565
0.003168482566252351
0.0022965571843087673
0.0018859660485759377
0.0011274085845798254
0.0003391695790924132
8.994465315481648e-05
0.0002974490344058722
0.0003446750051807612
0.0003533371491357684
0.00029445262043736875
0.0001239627308677882
6.844430754426867e-05
0.00034877366852015257
0.0005447194562293589
0.0003428348863963038
0.00021746588754467666
0.00010048970580101013
0.00010999543883372098
0.00013876800949219614
0.00018524656479712576
0.00016103764937724918
0.0001100045774364844
0.00013687365571968257
0.00016696039529051632
0.00018466253823135048
0.0002410942397546023
0.00039811956230551004
0.0002672843402251601
8.733941649552435e-05
4.422324855113402e-05
