9.772677003638819e-05
0.0004097981145605445
0.00040201866067945957
0.0003667792188934982
0.0001308361388510093
0.00011929342144867405
0.00015107117360457778
0.00015944906044751406
0.00025886157527565956
0.000337851932272315
0.00021754320187028497
0.00017773077706806362
0.0003017946728505194
0.0006666849367320538
0.0005696212174370885
0.0005154790706001222
0.000608832691796124
0.00017478356312494725
0.0003319436509627849
0.00017313599528279155
0.000192461593542248
0.00021839696273673326
0.00035480421502143145
0.00040230006561614573
0.00038221091381274164
0.0003102509363088757
0.00019901207997463644
0.00012312493345234543
0.00036279219784773886
0.0009682289091870189
0.0021168512757867575
0.003974003251641989
0.004655981902033091
0.004189598839730024
0.0033320016227662563
0.002331716241315007
0.00182620610576123
0.0009780364343896508
0.00024057985865511
8.812791929813102e-05
0.000424601515987888
0.0003642733208835125
0.0003080068272538483
0.00023113976931199431
8.847641583997756e-05
9.27850414882414e-05
0.0002769039710983634
0.0004936666809953749
0.0005064280703663826
0.0001728562347125262
6.872855010442436e-05
9.142363705905154e-05
0.00011564468877622858
0.00010707232286222279
0.00011709585669450462
7.662770076422021e-05
7.564030966022983e-05
0.00010723332525230944
0.0001520587393315509
0.00019119252101518214
0.00035178408143110573
0.00022889571846462786
7.914106390671805e-05
3.5561115510063246e-05
