9.679445065557957e-05
0.00032526880386285484
0.0003789177571889013
0.00035547182778827846
0.00019094090384896845
0.00010321251465938985
0.0001284209720324725
0.0001628497411729768
0.00030450205667875707
0.00031503356876783073
0.00020211172522976995
0.00018093887774739414
0.00030139522277750075
0.0005913298227824271
0.0005217550205998123
0.0005237296572886407
0.00036279219784773886
0.00025577712222002447
0.0002480241528246552
0.00016678773681633174
0.00020064934506081045
0.00021074299002066255
0.0002976242685690522
0.0003888085193466395
0.000373824528651312
0.0003166005772072822
0.00017592511721886694
0.0001319765142397955
0.000573081721086055
0.0012517416616901755
0.0022181347012519836
0.004425721243023872
0.004534303676337004
0.004222093615680933
0.0036479393020272255
0.0023479731753468513
0.0018816058291122317
0.0010096330661326647
9.227358532371e-05
8.359461207874119e-05
0.00031088487594388425
0.00035906422999687493
0.00032670091604813933
0.0002231256221421063
8.663066546432674e-05
0.00012133060954511166
0.0003392266226001084
0.0005064158467575908
0.0003758228267543018
0.00015678607451263815
6.597672472707927e-05
0.00011259275197517127
0.00011100693518528715
0.00011193448153790087
0.00012447139306459576
8.065207657637075e-05
7.210962940007448e-05
6.042547101969831e-05
0.0001613639760762453
0.0001554994669277221
0.0002970407949760556
0.00034914823481813073
0.00011329589324304834
4.0423281461698934e-05
