3.1111663702176884e-05
4.1320912714581937e-05
5.001296449336223e-05
5.387277269619517e-05
4.7701545554446056e-05
4.2941017454722896e-05
4.094895120942965e-05
4.061776780872606e-05
3.9850106986705214e-05
4.016895400127396e-05
4.4088606955483556e-05
3.992958227172494e-05
3.681780071929097e-05
3.942092735087499e-05
4.0258713852381334e-05
4.012407225673087e-05
4.310121221351437e-05
3.761070911423303e-05
4.1934294131351635e-05
3.795480006374419e-05
3.74420742446091e-05
3.611875945352949e-05
3.6180288589093834e-05
3.617259790189564e-05
3.57649551006034e-05
3.930299135390669e-05
3.961167385568842e-05
4.4756186980521306e-05
4.417369200382382e-05
4.1423762013437226e-05
4.12330191466026e-05
4.428495958563872e-05
4.059719867655076e-05
4.4189586333232e-05
4.337891368777491e-05
6.68566208332777e-05
7.692690996918827e-05
6.171207496663556e-05
4.648228423320688e-05
3.9361089875455946e-05
3.8358732126653194e-05
3.796975943259895e-05
3.5157187085133046e-05
3.687764183268882e-05
4.02736768592149e-05
3.8856491300975904e-05
3.685713090817444e-05
4.068744237883948e-05
4.147196523263119e-05
3.837233452941291e-05
3.677252971101552e-05
3.756474325200543e-05
3.557420859578997e-05
3.586032835301012e-05
3.760883919312619e-05
4.093100142199546e-05
4.3569660192588344e-05
4.0644888940732926e-05
4.08964442613069e-05
4.404653009260073e-05
4.166500366409309e-05
3.940596798202023e-05
4.147051731706597e-05
3.312255648779683e-05
