9.912829409586266e-05
0.00043005464249290526
0.0003987944801338017
0.00038783822674304247
9.26204738789238e-05
0.00011187892232555896
0.00015414311201311648
0.00017792526341509074
0.0003140209591947496
0.00043983879731968045
0.00023031090677250177
0.000186093122465536
0.000324972061207518
0.000544098555110395
0.0006899336003698409
0.000491482496727258
0.0006811217754147947
0.00020603604207281023
0.000317132769851014
0.00016221906116697937
0.00019134483591187745
0.00022132736921776086
0.0004179095267318189
0.0004036044701933861
0.000393102178350091
0.00031074744765646756
9.902918100124225e-05
0.00016712378419470042
0.0004272570076864213
0.0013650291366502643
0.002741287462413311
0.004661285784095526
0.004701607394963503
0.004218592774122953
0.003578118747100234
0.002422141144052148
0.0018670306308194995
0.0010308690834790468
0.0001725245383568108
7.134664338082075e-05
0.00013214613136369735
0.00037010188680142164
0.0003162698703818023
0.00012287060962989926
8.54843165143393e-05
0.00010240542906103656
0.000355365191353485
0.0005925378645770252
0.00038533954648301005
0.00016042147763073444
8.09961638879031e-05
7.136160274967551e-05
0.0001195044897031039
0.00012153161515016109
0.00011733212159015238
8.718982280697674e-05
7.396472938125953e-05
9.736295760376379e-05
0.00016422144835814834
0.000184687422006391
0.0003127642848994583
0.00031306350138038397
8.284393697977066e-05
3.893380562658422e-05
