0.00011720057955244556
0.0005651928368024528
0.0005313672591000795
0.000506592623423785
0.0002910036710090935
0.00016369781224057078
0.0001821441255742684
0.00020811356080230325
0.0003984985232818872
0.00039172955439426005
0.0002495412190910429
0.00020590140775311738
0.00028438420849852264
0.0005776998586952686
0.000838685838971287
0.000733293010853231
0.0006515359855256975
0.0003370289341546595
0.00032773002749308944
0.0001963416434591636
0.000261943438090384
0.00030799186788499355
0.00043176012695766985
0.0005792856100015342
0.0005323096993379295
0.00045613080146722496
0.00029485655250027776
0.00011640768207143992
0.0003641237271949649
0.001033830689266324
0.002125783124938607
0.004699377808719873
0.005976123735308647
0.005461323540657759
0.004381752572953701
0.003115494968369603
0.0029535924550145864
0.0019615315832197666
0.0005827265558764338
5.830108420923352e-05
0.0003595339076127857
0.0005336900358088315
0.00043320973054505885
0.00026989029720425606
0.00011610845103859901
0.0001230202178703621
0.0003748952585738152
0.0006866123876534402
0.0006124681094661355
0.00027087487978860736
8.840161899570376e-05
0.00011962415737798437
0.00013570683950092643
0.00013889877300243825
0.00014540112169925123
0.00010223608842352405
7.599090895382687e-05
0.0002007923903875053
0.00019629676535259932
0.0002429735177429393
0.00044426225940696895
0.00033384471316821873
7.20862444723025e-05
3.877762355841696e-05
