9.437333210371435e-05
0.00028996446053497493
0.00038406174280680716
0.00035772056435234845
0.00025108212139457464
0.0001015967718558386
0.00012430682545527816
0.00016256516391877085
0.0002809433208312839
0.0003188962291460484
0.00024050970387179404
0.00017494813073426485
0.0002594300894998014
0.00048225183854810894
0.000535789760760963
0.0005393047467805445
0.0003449648793321103
0.00023261526075657457
0.0002301673375768587
0.00015386876475531608
0.00019565345428418368
0.00022448235540650785
0.00026825678651221097
0.00037740860716439784
0.0003612213477026671
0.00031930202385410666
0.00022225324937608093
0.00010758097050711513
0.00026302062906324863
0.000768536061514169
0.0017037170473486185
0.0035213883966207504
0.0045236521400511265
0.004124804865568876
0.0035066220443695784
0.002375264186412096
0.00176262017339468
0.0008524057921022177
0.00020322953059803694
6.646128167631105e-05
0.00024387853045482188
0.0003884458856191486
0.0003147156967315823
0.00018645460659172386
7.685491436859593e-05
0.00012586083903443068
0.000364039558917284
0.000524260918609798
0.0003720826643984765
0.00018416564853396267
7.048079714877531e-05
0.00012021792645100504
0.0001240328565472737
0.00012989829701837152
0.00013059975754003972
8.701216574991122e-05
7.524946704506874e-05
0.00010316201951354742
0.00015038764104247093
0.00019842394976876676
0.0003173225559294224
0.00023143897124100477
8.946381421992555e-05
3.69674016837962e-05
