9.241972293239087e-05
0.00040861626621335745
0.0004034748417325318
0.0003685697738546878
0.00029233426903374493
0.00011372974404366687
0.000145734244142659
0.00017164100427180529
0.00031367019983008504
0.0003464431792963296
0.0002251405967399478
0.00017057966033462435
0.00024565146304666996
0.00047420308692380786
0.0006266506388783455
0.0004850045370403677
0.0006334876525215805
0.000185899218195118
0.00027637812308967113
0.0001718640560284257
0.00020773873256985098
0.00020111403136979789
0.00029997306410223246
0.0003920250164810568
0.000401121040340513
0.0003637197660282254
0.00022334535606205463
0.0001114707047236152
0.0004023105720989406
0.0011327030370011926
0.0025097536854445934
0.004025442060083151
0.004487850237637758
0.004053234122693539
0.003100639209151268
0.002314509591087699
0.0016756843542680144
0.0009285659180022776
0.00014557130634784698
9.230536670656875e-05
0.000288558192551136
0.00039977458072826266
0.0003255555056966841
0.0002779511851258576
8.594047540100291e-05
0.00012508503277786076
0.00034141301875934005
0.0005358385387808084
0.00041436482570134103
0.00019749360217247158
7.184033893281594e-05
7.990404265001416e-05
0.00011214393452974036
0.00010345187911298126
0.00010550276783760637
7.992889732122421e-05
5.4251464462140575e-05
0.00011443288531154394
0.00014745071530342102
0.0001974337501451373
0.00031080443295650184
0.0003034588589798659
0.00010520225623622537
3.537269003572874e-05
