0.00010741641017375514
0.00037526246160268784
0.0004156626237090677
0.00038556207437068224
0.00023833304294385016
0.0001109251898014918
0.0001462838117731735
0.0001673781080171466
0.0002835763443727046
0.00041901375516317785
0.000250285433139652
0.00019834551494568586
0.0003723688132595271
0.0006219287170097232
0.000646545784547925
0.0005731818382628262
0.00045598120777867734
0.00024349715386051685
0.00032005005050450563
0.0001923920790432021
0.0001838945026975125
0.0002362113882554695
0.0002943769795820117
0.00040640204679220915
0.0003571495763026178
0.0002953569928649813
0.00012768882152158767
0.00015383886056952178
0.0005096083041280508
0.0011717522284016013
0.003203462576493621
0.004268276505172253
0.004760386887937784
0.00441059609875083
0.003401382127776742
0.0024053354281932116
0.0014679527375847101
0.0007874760194681585
0.0002130674838554114
6.217585178092122e-05
0.00020939274691045284
0.00031309344922192395
0.0002508588950149715
0.00020670605590566993
9.288120054407045e-05
0.00015256534970831126
0.000367695523891598
0.0005024101701565087
0.0003883755998685956
0.00016742297157179564
6.54073228361085e-05
9.421180584467947e-05
0.00011832261952804402
0.00013006661902181804
0.00013347760250326246
8.41378714540042e-05
7.133167673600838e-05
8.585832983953878e-05
0.0001525125262560323
0.0002514832594897598
0.00033782311948016286
0.0002606269554235041
0.00010219520481768996
3.66831554856617e-05
