9.72575944615528e-05
0.0003163398359902203
0.0003704787523020059
0.00035466524423100054
0.0001939778885571286
9.794641664484516e-05
0.00013579647929873317
0.00016691433847881854
0.0002705756633076817
0.0003967076481785625
0.00020131438213866204
0.0001668096228968352
0.00022521542268805206
0.00043986871605739
0.0006482984754256904
0.0004407813248690218
0.0006590101402252913
0.00016492459690198302
0.00029787857783958316
0.00016156172205228359
0.00018666255346033722
0.00022715258819516748
0.00030203312053345144
0.0003963336639571935
0.0003769897448364645
0.00033025312586687505
0.00023577752290293574
9.268031135434285e-05
0.0005088237812742591
0.0015363689744845033
0.0024862862192094326
0.003985014744102955
0.00477232551202178
0.004198090173304081
0.0032258834689855576
0.0023884838446974754
0.0019258697284385562
0.0010482209036126733
0.00014079330139793456
8.129537309287116e-05
0.0002330247953068465
0.0004236066888552159
0.0003409349010325968
0.00029641244327649474
0.00011069276661146432
0.00012803853314835578
0.00034364350722171366
0.0005333669832907617
0.0004685593885369599
0.00016230929759331048
7.99519766587764e-05
0.0001077156193787232
0.00011091717169620097
0.00011239825835218653
0.00011954938963754103
7.809382805135101e-05
7.118207577150315e-05
8.455676288576797e-05
0.0001578183437231928
0.00016354821855202317
0.00033875947701744735
0.00024754731566645205
8.462833648081869e-05
3.560343247954734e-05
