3.3219104807358235e-05
6.100893369875848e-05
6.35222895652987e-05
5.982705260976218e-05
6.009633943904191e-05
4.547993012238294e-05
4.7215347876772285e-05
4.260750938556157e-05
4.955561234964989e-05
5.074777436675504e-05
4.8179364966927096e-05
4.287025876692496e-05
5.3020026825834066e-05
6.250497972359881e-05
7.294741226360202e-05
6.400103302439675e-05
7.317181734833866e-05
5.571291330852546e-05
6.090809984016232e-05
5.12472033733502e-05
5.2616087486967444e-05
5.9093988966196775e-05
6.106877117417753e-05
9.510391828371212e-05
8.428747241850942e-05
8.76835038070567e-05
7.725229806965217e-05
9.525014320388436e-05
0.00017227580246981233
0.00022929965052753687
0.0007877752650529146
0.0013884544605389237
0.001765115070156753
0.0016580128576606512
0.001477065496146679
0.0012183984508737922
0.0010508407140150666
0.00063818518538028
0.00016513402806594968
5.035705544287339e-05
0.0001715820108074695
0.00027834015781991184
0.000270306394668296
0.00023012247402220964
8.518510003341362e-05
9.51936817727983e-05
0.0002956195385195315
0.0005412561004050076
0.0004979005316272378
0.0002657097647897899
8.912626799428836e-05
0.0001211875569424592
0.00014857556379865855
0.0001258776756003499
0.00013377681898418814
0.00010206054867012426
9.876924013951793e-05
0.00010811288666445762
0.00017307930102106184
0.00022018904564902186
0.0003518733137752861
0.0002274333091918379
8.588357013650239e-05
3.183875742251985e-05
