9.941254393197596e-05
0.0002510238264221698
0.00042879796819761395
0.0003999989712610841
0.00026358908507972956
0.00010868805838981643
0.0001463137159589678
0.00016343432071153075
0.00043687288416549563
0.000340307509759441
0.0002181989257223904
0.00017041507817339152
0.00024147747899405658
0.0004738889110740274
0.000691669003572315
0.00046853304957039654
0.0006778454408049583
0.00019140468793921173
0.00027537051937542856
0.00015871597861405462
0.00015157980669755489
0.00022725004237145185
0.00020038096408825368
0.0003694795595947653
0.0003976352163590491
0.00036186465877108276
0.0002554805250838399
0.00014989744522608817
0.00046779788681305945
0.0011011530878022313
0.0024295789189636707
0.004248569253832102
0.004895229823887348
0.004396164324134588
0.0035024697426706553
0.002735742134973407
0.002255822531878948
0.000989274587482214
0.00023175690148491412
5.8546844229567796e-05
0.00030538500868715346
0.00039784933323971927
0.00033676280872896314
0.00024630132247693837
0.00010452904098201543
0.00013113814929965883
0.00036693253787234426
0.0005118997651152313
0.0004210250044707209
0.00019549918943084776
8.739365148358047e-05
9.804365981835872e-05
0.0001242553989868611
0.00016885827062651515
0.0001570637832628563
0.00011567180627025664
6.228057463886216e-05
0.00010173142800340429
0.00020705335191451013
0.0002235886495327577
0.0003800160775426775
0.0003390902129467577
9.444564784644172e-05
4.0902014006860554e-05
