3.415950413909741e-05
4.057288606418297e-05
4.4394615542842075e-05
4.515613545663655e-05
4.1096503991866484e-05
3.825400926871225e-05
4.769408405991271e-05
4.0609564166516066e-05
5.367819539969787e-05
5.292443893267773e-05
5.215324927121401e-05
5.386997145251371e-05
5.372690793592483e-05
7.023957005003467e-05
6.636479520238936e-05
7.414425635943189e-05
8.056231308728456e-05
4.708070991910063e-05
5.2871120715280995e-05
4.798044392373413e-05
4.881724089500494e-05
5.1316939789103344e-05
6.766635488020256e-05
8.235756104113534e-05
6.136798037914559e-05
6.119822501204908e-05
5.670860264217481e-05
5.142462032381445e-05
4.937871199217625e-05
0.00016095818136818707
0.00016612422768957913
0.00035559621755965054
0.000358937046257779
0.00024493428645655513
0.0003232833696529269
0.00022910234110895544
0.0001344949268968776
0.00010427470988361165
7.016475865384564e-05
4.7335033741546795e-05
6.694826151942834e-05
5.3094830946065485e-05
5.273577698972076e-05
4.551763049676083e-05
4.371015529613942e-05
4.198728856863454e-05
4.686362444772385e-05
4.77250614494551e-05
4.236160384607501e-05
4.04382444685325e-05
3.732271579792723e-05
3.546294101397507e-05
3.659152571344748e-05
3.625771569204517e-05
3.749756797333248e-05
3.581264536478557e-05
3.5081448004348204e-05
3.716376522788778e-05
3.627361002145335e-05
3.859435673803091e-05
4.3982945499010384e-05
4.500025897868909e-05
3.6591522075468674e-05
3.2045398256741464e-05
