0.0001144786219811067
0.00044626713497564197
0.0004067162808496505
0.0003913218970410526
0.00033483104198239744
9.057088027475402e-05
0.00013313352246768773
0.00018435486708767712
0.00036661772173829377
0.00041106974822469056
0.00019669687026180327
0.00020606596081051975
0.00028800463769584894
0.0005266994703561068
0.0006364700384438038
0.0009290622547268867
0.0005383237730711699
0.0003024115867447108
0.000336400989908725
0.00023244913609232754
0.00028445900534279644
0.000302366737741977
0.0003576270828489214
0.00048096556565724313
0.00041323620826005936
0.0003200500214006752
0.00020295419381000102
0.00020897500507999212
0.0005913677159696817
0.001696356455795467
0.0025422985199838877
0.004580906126648188
0.005378295201808214
0.0049155354499816895
0.003917200490832329
0.0027025591116398573
0.0020913139451295137
0.0011273189447820187
0.0003365514858160168
6.447976193157956e-05
0.00020051562751177698
0.00041450239950791
0.00033625977812334895
0.00024552448303438723
7.612371700815856e-05
0.0001521838566986844
0.00038438025512732565
0.0005723140784539282
0.00042380313971079886
0.00011819355859188363
6.539235619129613e-05
9.38472367124632e-05
0.00011506316513987258
0.00012150085240136832
0.00011009434820152819
9.860467253020033e-05
8.181899465853348e-05
9.139371832134202e-05
0.00017648906214162707
0.00018215908494312316
0.00031204617698676884
0.00036410873872227967
9.949692321242765e-05
3.584186561056413e-05
