0.00014798931078985333
0.00047593971248716116
0.0008032732293941081
0.0009099427261389792
0.0007597841322422028
0.00045150797814130783
0.0004143430560361594
0.00026598357362672687
0.0006345338770188391
0.00046828246559016407
0.0002685858926270157
0.00019082121434621513
0.0002696331648621708
0.0005399694782681763
0.0006459779688157141
0.0008373383898288012
0.0007802374893799424
0.0006852565566077828
0.0005473749479278922
0.00031488866079598665
0.00017339464102406055
0.00015936863201204687
0.0003882101154886186
0.0005209097871556878
0.0004478618211578578
0.00047435457236133516
0.000238620035815984
0.0001413019490428269
0.00023471532040275633
0.0008977850084193051
0.002610564697533846
0.005963655188679695
0.007096245884895325
0.00701809162274003
0.00637332396581769
0.005634250584989786
0.005421387031674385
0.002903521992266178
0.0010660726111382246
0.00019354403775651008
0.00033556410926394165
0.0005171846132725477
0.0005959217669442296
0.0006769478204660118
0.0005281955818645656
0.00015928094217088073
0.00025133148301392794
0.0007477708859369159
0.0007762855966575444
0.0004885352682322264
0.0002780559007078409
0.0002224426280008629
0.00020237579883541912
0.00021471278159879148
0.0002494813525117934
0.0001620372204342857
9.20519742066972e-05
8.089144102996215e-05
0.00012034714745823294
0.00029448253917507827
0.000495207670610398
0.0004711685178335756
0.00017397919145878404
7.088383426889777e-05
