3.1970594136510044e-05
4.559454828267917e-05
3.7805195461260155e-05
4.334057666710578e-05
4.136579445912503e-05
3.720677341334522e-05
3.840361750917509e-05
4.361786341178231e-05
4.379476376925595e-05
3.7595746107399464e-05
3.545639629010111e-05
4.642244311980903e-05
3.9164548070402816e-05
4.3079468014184386e-05
4.023365181637928e-05
5.086571036372334e-05
4.646732486435212e-05
4.464213998289779e-05
5.029721432947554e-05
4.049808194395155e-05
3.9869744796305895e-05
3.955557258450426e-05
4.812793849851005e-05
6.049101648386568e-05
5.9823614719789475e-05
6.229255086509511e-05
5.005503771826625e-05
5.9243589930702e-05
7.1735616074875e-05
0.0001037645124597475
0.00010665343143045902
0.00016555291949771345
0.00017984019359573722
5.673023406416178e-05
7.108380668796599e-05
9.599621262168512e-05
0.0001739130384521559
0.00011071239714510739
5.526877430384047e-05
4.000438639195636e-05
5.273577698972076e-05
6.374670920195058e-05
4.5979119022376835e-05
3.977985761594027e-05
3.790316259255633e-05
4.267951226211153e-05
5.726880772272125e-05
6.84293481754139e-05
6.76962808938697e-05
4.6675595513079315e-05
3.8110829336801544e-05
4.773429100168869e-05
4.4492535380413756e-05
4.839722896576859e-05
4.550985249807127e-05
4.082721716258675e-05
4.1320912714581937e-05
3.841079160338268e-05
3.691866368171759e-05
4.068743874086067e-05
5.6460943596903235e-05
5.466568109113723e-05
4.1829567635431886e-05
3.506741995806806e-05
