0.00010564890544628724
0.00032193504739552736
0.00040339500992558897
0.00036687642568722367
0.0002584588946774602
0.0001208316971315071
0.00015993470151443034
0.00015953477122820914
0.00040053570410236716
0.0003678544599097222
0.00022337994596455246
0.00017272088734898716
0.00025223035481758416
0.0006023397436365485
0.0005366033292375505
0.0005666141514666378
0.000507026445120573
0.00023751295520924032
0.00027524333563633263
0.00017285365902353078
0.0001741851301630959
0.00022422702750191092
0.0003199155908077955
0.0004187594458926469
0.00045644494821317494
0.00033703018561936915
0.0002347901463508606
0.00013549727736972272
0.0004951637820340693
0.0012133471900597215
0.0027072918601334095
0.004410549532622099
0.004994996823370457
0.004702129866927862
0.0037398834247142076
0.0027346578426659107
0.0023451736196875572
0.0007736356928944588
0.0001849922409746796
0.00012970756506547332
0.00039862823905423284
0.0003029945073649287
0.0005019810050725937
0.00027313653845340014
9.578649769537151e-05
0.00013889517867937684
0.00037995100137777627
0.0006432764348573983
0.0004057017504237592
0.00018338677182327956
8.775924652582034e-05
0.00011239732702961192
0.00013209189637564123
0.00015095989510882646
8.984156011138111e-05
9.877484262688085e-05
6.529886013595387e-05
0.00012740270176436752
0.00013171040336601436
0.0002628644579090178
0.000372623122530058
0.0003256764030084014
6.672945892205462e-05
3.621002906584181e-05
