0.00010996376659022644
0.00039712173747830093
0.0004408944514580071
0.00043105697841383517
0.00031777602271176875
0.0001522633247077465
0.00016844029596541077
0.00018486693443264812
0.0003530654648784548
0.0003582442586775869
0.00027069533825851977
0.00019239237008150667
0.00038891323492862284
0.0005528953624889255
0.000690621614921838
0.0006846181931905448
0.00040260207606479526
0.00029247452039271593
0.0002892731281463057
0.0001763927430147305
0.0002190816157963127
0.00024319793737959117
0.00031909259269014
0.0004727070336230099
0.00043588923290371895
0.0003567007661331445
0.00018117063154932112
0.00013974483590573072
0.0007019468466751277
0.0013519658241420984
0.0029494643677026033
0.004655595403164625
0.005277900956571102
0.004878724925220013
0.003966852091252804
0.002877802588045597
0.0025045829825103283
0.0016226910520344973
0.0004997705691494048
8.477448136545718e-05
0.00027559782029129565
0.0003621788346208632
0.0003462159656919539
0.00020593692897818983
6.33278104942292e-05
0.00012797494127880782
0.0003630165883805603
0.0005891446489840746
0.0005337907932698727
0.00026915440685115755
7.959817594382912e-05
0.00010498744086362422
0.00011396910849725828
0.00012468082422856241
0.00014269327220972627
9.057088027475402e-05
8.585832983953878e-05
0.00011299417383270338
0.00016337275155819952
0.0002584931789897382
0.0003663444076664746
0.00027474964736029506
9.215669706463814e-05
3.783511419896968e-05
