0.00010228496103081852
0.00040268158772960305
0.00037995100137777627
0.00036240325425751507
0.0002637685975059867
9.710862650536001e-05
0.00014761310012545437
0.00017341772036161274
0.0004092305607628077
0.0003504049382172525
0.00020808565022889525
0.0001648946781642735
0.00024147747899405658
0.0004893430741503835
0.0006389780319295824
0.0005363789387047291
0.0005745282396674156
0.00022484139481093735
0.00028249918250367045
0.00015804276335984468
0.00016607654106337577
0.00020765977387782186
0.00029867966077290475
0.0003874377580359578
0.0003743267443496734
0.00030366366263478994
0.00017467141151428223
0.0001600270188646391
0.0004587143484968692
0.0013605532003566623
0.0025010521057993174
0.004183629993349314
0.004816279746592045
0.004412720445543528
0.0035468214191496372
0.0024966539349406958
0.002053448697552085
0.0012370542390272021
0.0003895415866281837
5.4067255405243486e-05
0.00014300744805950671
0.0003655947220977396
0.00031386243063025177
0.00024320167722180486
6.833489896962419e-05
0.00012137830344727263
0.0003474922850728035
0.0005292100831866264
0.00045634020352736115
0.00021389033645391464
7.779461884638295e-05
8.151978545356542e-05
0.0001340461167274043
9.891884837998077e-05
0.00011004837142536417
8.658195292809978e-05
7.652161730220541e-05
0.00014348619151860476
0.0001611395855434239
0.00020506361033767462
0.00030992177198641
0.00028520324849523604
8.453604823444039e-05
3.0280994906206615e-05
