9.312733163824305e-05
0.0003546537191141397
0.0003877911949530244
0.0003555036091711372
0.00022005831124261022
0.00010346955241402611
0.00014739928883500397
0.00016723691078368574
0.00033776421332731843
0.0003663761599455029
0.00021449432824738324
0.0001691284851403907
0.0002502443385310471
0.00044751353561878204
0.0006925666239112616
0.0005516306846402586
0.0006999720353633165
0.00016468520334456116
0.00024763165856711566
0.00014188354543875903
0.00020400328503455967
0.00023420481011271477
0.0003563620266504586
0.0004392094851937145
0.00041919603245332837
0.00031776109244674444
0.0001825929357437417
0.00012222731311339885
0.00037848573992960155
0.0009913428220897913
0.0023027805145829916
0.00414254842326045
0.0047776889987289906
0.0043631019070744514
0.003371558850631118
0.0025761090219020844
0.002071371767669916
0.001208330038934946
0.0002997336850967258
6.409079651348293e-05
0.00025990320136770606
0.0003971755795646459
0.00035281936288811266
0.0001970887533389032
8.753671136219054e-05
0.00012245919788256288
0.00035791975096799433
0.00053165148710832
0.00044603244168683887
0.0002208618971053511
8.178906864486635e-05
7.945523975649849e-05
0.00013567678979597986
9.619603952160105e-05
0.0001268090127268806
8.352847362402827e-05
5.254129064269364e-05
0.00011847222776850685
0.000163697826792486
0.00018498663848731667
0.0003091737744398415
0.0003617749025579542
0.00012349894677754492
3.81492827727925e-05
