9.945742931449786e-05
0.00026351463748142123
0.0003940605674870312
0.0003623704833444208
0.0002495262597221881
9.864955791272223e-05
0.00013015638978686184
0.00015482623712159693
0.00021326197020243853
0.00046090318937785923
0.00022165810514707118
0.0001733100216370076
0.00029817779432050884
0.0005092406063340604
0.0006036253180354834
0.0005987514741718769
0.00024948042118921876
0.0002739268238656223
0.0002684811770450324
0.0001684702147031203
0.00017976541130337864
0.0002042217383859679
0.00027931274962611496
0.00037915899883955717
0.000368133099982515
0.0003360577975399792
0.0002470278413966298
0.00014351302525028586
0.00045976039837114513
0.001104952534660697
0.0030248567927628756
0.004385784734040499
0.004736344795674086
0.004280065651983023
0.003531232476234436
0.0025719499681144953
0.0020901618991047144
0.0012115614954382181
0.00033317040652036667
6.14128730376251e-05
0.00014368067786563188
0.0004261649155523628
0.0003285529965069145
0.00015118243754841387
8.233887638198212e-05
0.00012263124517630786
0.00032838305924087763
0.0005346883554011583
0.00039502966683357954
0.00020287572988308966
7.294460374396294e-05
9.981648327084258e-05
0.00011975883535342291
0.0001283927558688447
0.00013119170034769922
8.72587988851592e-05
7.099150388967246e-05
0.00012113987031625584
0.0001587805018061772
0.00020756389130838215
0.00032647838816046715
0.00028784008463844657
0.00011214393452974036
3.9555568946525455e-05
