0.00010244204895570874
0.0003298192750662565
0.0004440930497366935
0.0004240723792463541
0.00028548124828375876
0.00013290911738295108
0.0001425736118108034
0.0001575191563460976
0.000217974535189569
0.0003805929736699909
0.00023206455807667226
0.0001820166944526136
0.0003386861353646964
0.0006062716129235923
0.0005890884785912931
0.0006063192849978805
0.0004808605299331248
0.00024381134426221251
0.0002911762858275324
0.00017171665967907757
0.00019741879077628255
0.00023507437435910106
0.0003095926658716053
0.00044455137685872614
0.0004277208063285798
0.0003628071572165936
0.00020546825544442981
0.00015442768926732242
0.0004486540565267205
0.0013694956433027983
0.002896849997341633
0.004686862230300903
0.005150212906301022
0.004643725231289864
0.003921446856111288
0.0028175865299999714
0.0022475465666502714
0.0012361564440652728
0.00031474747811444104
7.306710176635534e-05
0.0002711740671657026
0.00040674617048352957
0.00033990261727012694
0.00028043464408256114
0.00012406744644977152
0.00010537370690144598
0.00031009491067379713
0.0005633003311231732
0.00042050983756780624
0.0002869573945645243
9.049608343048021e-05
0.00010897927859332412
0.0001270924840355292
0.000160815121489577
0.00012896046973764896
8.783311204751953e-05
6.89978405716829e-05
8.51102959131822e-05
0.00016464032523799688
0.00021742103854194283
0.00036540243308991194
0.00029914884362369776
0.00010265695163980126
3.38256977556739e-05
