9.712359315017238e-05
0.00026281169266439974
0.00038944571861065924
0.00036608698428608477
0.00012832465290557593
0.00011371479195076972
0.00013112882152199745
0.0001419602194800973
0.00033351662568747997
0.0003435230755712837
0.00020663681789301336
0.00017637685232330114
0.0002908246824517846
0.0004967635031789541
0.0005507111200131476
0.0005571641377173364
0.00045127683551982045
0.00026798283215612173
0.00022344355238601565
0.0001537734060548246
0.00019053697178605944
0.00020012665481772274
0.0002617489662952721
0.0003877911949530244
0.0003739091334864497
0.00031483155908063054
0.00018401644774712622
0.00014685167116113007
0.0004008828545920551
0.0013007634552195668
0.002714927541092038
0.004295698832720518
0.004763857927173376
0.00425635976716876
0.0033519684802740812
0.002485163975507021
0.001992529723793268
0.0012110228417441249
0.00031701309490017593
4.609330790117383e-05
0.00021886531612835824
0.00039607571670785546
0.00034078999306075275
0.00025671545881778
0.00010106484114658087
0.0001401948684360832
0.00033261688076891005
0.0005440503009594977
0.0003334724169690162
0.0001706095936242491
7.725604518782347e-05
9.104033961193636e-05
0.0001146785871242173
0.00012253150634933263
0.0001083280731108971
8.488215826218948e-05
6.410669448086992e-05
0.00010925000242423266
0.00015304221597034484
0.00018015538807958364
0.0003572680288925767
0.00031382645829580724
0.00010642902634572238
4.012407225673087e-05
