9.724326810101047e-05
0.0004008059040643275
0.00039043923607096076
0.0003689858422148973
0.00026393320877105
0.00010221016418654472
0.00013877572200726718
0.00015794264618307352
0.0003638646740000695
0.0003534568822942674
0.00019068487745244056
0.00017455914348829538
0.00025389468646608293
0.000405818602303043
0.0006634235614910722
0.0006010973593220115
0.0004628062015399337
0.00024337087234016508
0.000217291948501952
0.00014944045688025653
0.00018085751798935235
0.0002211910323239863
0.00028191570891067386
0.00043196958722546697
0.00040493597043678164
0.0003208025882486254
0.0002304964727954939
0.00010904710507020354
0.0002690197725314647
0.0007848579552955925
0.0026083574630320072
0.004222102928906679
0.004702629521489143
0.00424167001619935
0.0030293394811451435
0.0023554163053631783
0.0018206783570349216
0.00099572807084769
0.0002497656096238643
7.19749805284664e-05
0.000237812171690166
0.00039211480179801583
0.00032171065686270595
0.0002593852113932371
0.00010575579653959721
7.475763413822278e-05
0.0003344984434079379
0.0005124309682287276
0.0003191187570337206
0.00014191532682161778
6.94466580171138e-05
9.170787961920723e-05
0.00011442792310845107
0.00012533886183518916
8.92852185643278e-05
8.284752402687445e-05
6.269199366215616e-05
0.00010524433309910819
0.00014779479533899575
0.0002073675423162058
0.00032334134448319674
0.00027851969934999943
9.73180794971995e-05
3.882250530296005e-05
