9.998105088016018e-05
0.0003193136362824589
0.00039999900036491454
0.00039021478733047843
0.00026490562595427036
0.00010969041613861918
0.00014215991541277617
0.00015880407590884715
0.00037864752812311053
0.00036569268559105694
0.00021810916950926185
0.00016595686611253768
0.00023899402003735304
0.00045645993668586016
0.0006825430900789797
0.0004619803512468934
0.0005561727448366582
0.00025892286794260144
0.00021691045549232513
0.00015235869796015322
0.00019058184989262372
0.00022086191165726632
0.00031249498715624213
0.0004267184413038194
0.0004196882655378431
0.0003616797912400216
0.0002195737324655056
0.00014562104479409754
0.0005668983212672174
0.0012328054290264845
0.002526531694456935
0.004344488028436899
0.005113990977406502
0.004654228687286377
0.004009550902992487
0.0027553655672818422
0.002228053053840995
0.0013635600917041302
0.0003554017166607082
6.0380592913134024e-05
0.0002877732622437179
0.00039687560638412833
0.0003440588479861617
0.00027915119426324964
9.41969410632737e-05
0.00011100692790932953
0.00029301829636096954
0.0005465371650643647
0.0005148208583705127
0.00025805371114984155
7.953664317028597e-05
0.000110686756670475
0.00012222284567542374
0.00015035584510769695
0.00013217137893661857
8.653529948787764e-05
6.869863136671484e-05
9.208190022036433e-05
0.0001578183437231928
0.0001570104795973748
0.00029086210997775197
0.00030513276578858495
7.90325939306058e-05
4.000438639195636e-05
