9.714223415357992e-05
0.0003897918504662812
0.0003660264774225652
0.00036178238224238157
0.00021640182239934802
0.00010642901906976476
0.00013887835666537285
0.00016205217980314046
0.0002006353170145303
0.0003555805596988648
0.00021948912763036788
0.00017668654618319124
0.00030363647965714335
0.0005459985113702714
0.00059216667432338
0.0005087917670607567
0.0004890438867732882
0.00021178087627049536
0.0002728197432588786
0.00016041928029153496
0.00020045293786097318
0.00023524109565187246
0.0003671391459647566
0.0004065600805915892
0.0003731476899702102
0.00029508472653105855
0.00016246826271526515
0.00015300106315407902
0.0004941305378451943
0.0011427730787545443
0.002169437473639846
0.004440248012542725
0.0048864055424928665
0.004338888917118311
0.0033425770234316587
0.002512730425223708
0.0019742485601454973
0.001039406517520547
0.000265998940449208
6.91455788910389e-05
0.00022001983597874641
0.0003763744898606092
0.0003309911990072578
0.00022511256975121796
9.508708899375051e-05
0.00011956434173043817
0.0003258547221776098
0.0005110508063808084
0.0004474985762499273
0.00021987450600136071
7.950011058710515e-05
7.969460421008989e-05
0.00012460604193620384
0.00011576265387702733
0.00011197122512385249
8.395149779971689e-05
6.916865095263347e-05
0.00013342712190933526
0.00015055893163662404
0.00023445913393516093
0.0003499401791486889
0.00023115286603569984
8.162356971297413e-05
3.419129643589258e-05
