0.00010986993584083393
0.00043045857455581427
0.0004047438851557672
0.0004030060663353652
0.0002740016207098961
0.00013249953917693347
0.00019430700922384858
0.0002018919913098216
0.0003060170856770128
0.00038793738349340856
0.00022533457376994193
0.000194958716747351
0.0002905030851252377
0.0006157879251986742
0.0006392543436959386
0.0006757360533811152
0.0006190058193169534
0.0002305862435605377
0.0002575999533291906
0.00016461877385154366
0.00023420275829266757
0.0002669252862688154
0.00038446998223662376
0.0005241711623966694
0.0004481096693780273
0.00035667268093675375
0.00018203975923825055
0.00015459998394362628
0.0004899639752693474
0.0011593642411753535
0.002337339334189892
0.003995726350694895
0.004830162972211838
0.004509798716753721
0.0037392284721136093
0.002525213174521923
0.0021173451095819473
0.001344216288998723
0.00040432254900224507
6.081444735173136e-05
0.00016212697664741427
0.0004511040751822293
0.0003304625570308417
0.00024440442211925983
9.318885713582858e-05
0.00017531185585539788
0.0003405010502319783
0.0005350474384613335
0.00047418809845112264
0.00026393320877105
7.911113789305091e-05
6.150262925075367e-05
0.00010588733857730404
0.000115709233796224
0.00012048559437971562
8.570872887503356e-05
7.685211312491447e-05
9.930782107403502e-05
0.00017411033331882209
0.00019270624034106731
0.0003258098440710455
0.00029810299747623503
0.00010267394100083038
4.08421728934627e-05
