3.3342166716465726e-05
4.094126052223146e-05
3.942092735087499e-05
3.883746830979362e-05
4.197959788143635e-05
3.971832848037593e-05
4.1799648897722363e-05
4.509095742832869e-05
5.466404036269523e-05
5.983130540698767e-05
4.800825263373554e-05
4.0438240830553696e-05
4.682637518271804e-05
6.370182381942868e-05
8.47283226903528e-05
8.494573557982221e-05
7.955995533848181e-05
5.348380364011973e-05
6.073119948268868e-05
6.455176480812952e-05
8.217804861487821e-05
8.883546252036467e-05
9.230630530510098e-05
0.0001082024464267306
9.969576785806566e-05
9.297952055931091e-05
7.894657755969092e-05
5.019248783355579e-05
9.550785034662113e-05
0.0001393271522829309
0.0004300946893636137
0.0007289358763955534
0.0004979558289051056
0.00027364163543097675
0.0003542946360539645
0.00044661591527983546
0.00046616833424195647
0.00021139191812835634
0.00010648886382114142
5.083579526399262e-05
7.403953350149095e-05
9.398188558407128e-05
6.480890442617238e-05
6.356932135531679e-05
4.416394585859962e-05
5.485549263539724e-05
6.0724687500623986e-05
6.522779585793614e-05
5.658062582369894e-05
4.6527165977749974e-05
3.9690214180154726e-05
4.349018490756862e-05
5.714912185794674e-05
5.382789095165208e-05
6.03506741754245e-05
4.3099720642203465e-05
3.864922473439947e-05
4.086434637429193e-05
4.5095632231095806e-05
4.506103869061917e-05
5.2137354941805825e-05
5.0117687351303175e-05
4.154532143729739e-05
3.635402754298411e-05
