9.923428297042847e-05
0.0004120571247767657
0.00040169042767956853
0.000386561470804736
0.00019545148825272918
0.0001187714296975173
0.0001439050683984533
0.00016541098011657596
0.00030745554249733686
0.0003680790541693568
0.00018904560420196503
0.00016449073154944927
0.00022039812756702304
0.0005552182556129992
0.0005712393904104829
0.0006476317648775876
0.00040958027238957584
0.0002638284640852362
0.00025720096891745925
0.00016697417595423758
0.0001707292685750872
0.00021622414351440966
0.0003091784310527146
0.0003970525285694748
0.00037488594534806907
0.0002891566255129874
0.00016453560965601355
0.00014929086319170892
0.0004035895108245313
0.0009825610322877765
0.0020413906313478947
0.0038026757538318634
0.004676728043705225
0.004312858916819096
0.003561243414878845
0.0024905349127948284
0.002039744984358549
0.0012486036866903305
0.0003406955220270902
6.112861592555419e-05
0.000190237769857049
0.00044254667591303587
0.000336850673193112
0.0003147540264762938
0.0001281965378439054
0.00011598612036323175
0.00031984635279513896
0.0005257569719105959
0.000433181383414194
0.00020551243505906314
7.546078268205747e-05
8.406306733377278e-05
0.00011574941163416952
0.00010889750410569832
0.000133193374495022
8.195364353014156e-05
7.97694010543637e-05
9.644895908422768e-05
0.0001531816815258935
0.00026861863443627954
0.0003579992044251412
0.00022544637613464147
8.445298590231687e-05
3.647370613180101e-05
