9.928812505677342e-05
0.0003269618027843535
0.0003946431097574532
0.0003711479075718671
0.00022421932953875512
0.00010644880239851773
0.00014641377492807806
0.0001618642418179661
0.00032088314765132964
0.0003587079991120845
0.00021432415815070271
0.00015807266754563898
0.00022876105504110456
0.00046881730668246746
0.0005621943273581564
0.000581476604565978
0.00047122055548243225
0.0002335797471459955
0.00021530500089284033
0.0001462548243580386
0.00017610662325751036
0.00020564052101690322
0.0002971511275973171
0.0004010920529253781
0.0003933508996851742
0.00033577726571820676
0.0001715605176286772
0.0001505943073425442
0.000477231660624966
0.0011956463567912579
0.002635018667206168
0.0043497332371771336
0.004883871413767338
0.004417909774929285
0.003414885140955448
0.002653950359672308
0.0020554836373776197
0.0009916429407894611
0.00023143900034483522
8.341976354131475e-05
0.0003050035156775266
0.0003772010386455804
0.0003367309982422739
0.00022139301290735602
8.19096967461519e-05
0.00011195224215043709
0.00033196236472576857
0.0005471560871228576
0.00048141219303943217
0.00022569415159523487
8.228276419686154e-05
9.130395483225584e-05
0.00011911652109120041
0.00012716939090751112
0.00010874135477934033
8.663626795168966e-05
6.742885307176039e-05
6.841438153060153e-05
0.00015751914179418236
0.00016245611186604947
0.0002957092656288296
0.0002627070643939078
9.176595631288365e-05
3.7280155083863065e-05
