0.00010439520701766014
0.0004600354877766222
0.0004346172499936074
0.0004078831698279828
0.0002454121131449938
0.00010805971396621317
0.00015891176008153707
0.0001736792182782665
0.0003831235517282039
0.000374586001271382
0.00018370470206718892
0.0001894149463623762
0.0002459656388964504
0.0005576948169618845
0.0004948280402459204
0.0006073515978641808
0.0006075610290281475
0.00018841259588953108
0.0002738826151471585
0.00019445661746431142
0.00023178308038040996
0.00026450169389136136
0.0002970557543449104
0.000426687445724383
0.0004386782820802182
0.0003161004569847137
0.00020343293726909906
0.00016234211216215044
0.0004816270375158638
0.0014314060099422932
0.0026058205403387547
0.00392014579847455
0.004704225342720747
0.004204174038022757
0.003256610594689846
0.002314554527401924
0.0018775732023641467
0.00113731250166893
0.0003129438264295459
5.450111348181963e-05
0.0002906267764046788
0.0003969140525441617
0.00032299724989570677
0.00021881231805309653
9.516376303508878e-05
9.063072502613068e-05
0.0003296377253718674
0.0005311365239322186
0.0004212265776004642
0.0001951151352841407
6.41225851722993e-05
9.764720743987709e-05
0.00012092575343558565
0.00010849357204278931
0.000106379586213734
8.510520274285227e-05
6.841438880655915e-05
7.81387061579153e-05
0.00015970903041306883
0.00021508967620320618
0.00037866344791837037
0.00021184072829782963
9.305433195549995e-05
3.603985169320367e-05
