0.00014274446584749967
0.0006117078592069447
0.000883342931047082
0.000932398485019803
0.0006872107624076307
0.00046266854042187333
0.00035132720950059593
0.0002219503658125177
0.0005074649234302342
0.00046895197010599077
0.0002835015475284308
0.00021178087627049536
0.0002612702373880893
0.000519413675647229
0.0005858761142008007
0.0007450185948982835
0.0008051345939747989
0.000643737381324172
0.0005899787065573037
0.0003434548561926931
0.00018209926201961935
0.00015364437422249466
0.0003512349212542176
0.0003965281357523054
0.00038934711483307183
0.0004206879821140319
0.0002880655520129949
0.00013923720689490438
0.00032452322193421423
0.0008043140987865627
0.0024112891405820847
0.004984002094715834
0.006727947853505611
0.0067162783816456795
0.00622347928583622
0.005627722479403019
0.005087364464998245
0.003645126475021243
0.0009467868367210031
0.0002737826434895396
0.00038505345582962036
0.00048437624354846776
0.0005754557787440717
0.0006348318420350552
0.0002922234998550266
0.0001496723562013358
0.00028287319582886994
0.0006348190363496542
0.0007359669543802738
0.0004966587875969708
0.0002657434088177979
0.0001971943856915459
0.00019162907847203314
0.00016992138989735395
0.0003005116304848343
0.00018188980175182223
8.387459092773497e-05
8.851249003782868e-05
0.00010874134750338271
0.00020160774874966592
0.00045783631503582
0.0004390013054944575
0.00018170135444961488
5.204198168939911e-05
