0.00010359119914937764
0.0002892314223572612
0.00040715147042647004
0.0003809698100667447
0.0002500162518117577
0.00012441154103726149
0.00014698694576509297
0.000173167820321396
0.0002600883599370718
0.00045738747576251626
0.00022622678079642355
0.00016996428894344717
0.0003137301537208259
0.0006025838083587587
0.0005686627700924873
0.0005717941676266491
0.0004174485511612147
0.00023900525411590934
0.00022783067834097892
0.00015973328845575452
0.00018893618835136294
0.00022904529760126024
0.00033080665161833167
0.00043051838292740285
0.00038081963430158794
0.00034660493838600814
0.00022994291794020683
0.00013575161574408412
0.00035908198333345354
0.000870955700520426
0.002096340758726001
0.0041626556776463985
0.005186791531741619
0.004679423291236162
0.003640503156930208
0.0028196938801556826
0.0022376172710210085
0.0012260379735380411
0.0002945493906736374
6.979165482334793e-05
0.00036569268559105694
0.0004354248521849513
0.0003671868471428752
0.00031109355040825903
9.522360778646544e-05
0.00012870521459262818
0.00032537596416659653
0.0005502023850567639
0.0005022689583711326
0.0002679725585039705
9.652516746427864e-05
8.27914263936691e-05
0.0001206163433380425
0.00013121507072355598
0.00013003060303162783
9.232126467395574e-05
6.563265924341977e-05
8.888167940312997e-05
0.00014460166858043522
0.00022579608776140958
0.00036701199132949114
0.00023310801771003753
7.526536501245573e-05
3.5256296541774645e-05
