9.749759919941425e-05
0.00023336437880061567
0.00037429682561196387
0.0003481309104245156
0.0002057138626696542
8.946622983785346e-05
0.0001326800265815109
0.000165642675710842
0.0003165642556268722
0.000407808372983709
0.00026278122095391154
0.00017601031868252903
0.0002167776838177815
0.0003984879585914314
0.0005555104580707848
0.0005684166098944843
0.0004923642263747752
0.00022014288697391748
0.00022191756579559296
0.00016127421986311674
0.00018778422963805497
0.00022514062584377825
0.00028224484412930906
0.00039862512494437397
0.00037417831481434405
0.0003584387304726988
0.00017217171262018383
0.00012977678852621466
0.0005307238316163421
0.0010569100268185139
0.0024727019481360912
0.0040520671755075455
0.004755524918437004
0.004309552256017923
0.0035839821211993694
0.0024140868335962296
0.0019460587063804269
0.0010524115059524775
0.0002316035534022376
6.95906492182985e-05
0.00023073959164321423
0.0003754843201022595
0.0003137666208203882
0.0002517104730941355
0.00010550146544119343
0.00012356984370853752
0.0003265147970523685
0.0005036013317294419
0.00038651583599857986
0.00017131271306425333
6.994035356910899e-05
8.698036253917962e-05
0.00011335573071846738
0.00011208409705432132
0.0001213147261296399
8.110088674584404e-05
7.33663109713234e-05
5.993177546770312e-05
0.00015164089563768357
0.00018711076700128615
0.00031348151969723403
0.0002599919680505991
8.662810432724655e-05
3.584186561056413e-05
