0.00010289538477081805
0.0003719031810760498
0.0004206082667224109
0.00038933035102672875
0.0002489317557774484
0.00010737434058682993
0.00013729253259953111
0.00015389869804494083
0.00026952842017635703
0.00035665734321810305
0.0002187969075748697
0.00017001813102979213
0.00024784725974313915
0.0006113423150964081
0.0006556293228641152
0.0006086082430556417
0.0004618765669874847
0.00024352707259822637
0.00027068034978583455
0.0001534278126200661
0.0001899695780593902
0.00021740322699770331
0.0003532306000124663
0.0004157000221312046
0.00037000037264078856
0.00028788403142243624
0.00013328406203072518
0.00016165759006980807
0.0005336449248716235
0.001017616712488234
0.002277866005897522
0.004382955376058817
0.004732609260827303
0.0042647081427276134
0.003309752559289336
0.002514578402042389
0.002108639571815729
0.000927266082726419
0.0002550120698288083
7.698207627981901e-05
0.00026087751029990613
0.0003465703339315951
0.00032592954812571406
0.00023757279268465936
0.00010642902634572238
0.00010137236677110195
0.0003552344278432429
0.000570586125832051
0.0004136495408602059
0.00016238130046986043
8.117569814203307e-05
9.884404425974935e-05
0.00012156905722804368
0.00012680790678132325
0.00011653990804916248
9.24961204873398e-05
6.490146915894002e-05
8.779719064477831e-05
0.00015588843962177634
0.00019493536092340946
0.00031678867526352406
0.00032043905230239034
0.00012065645569236949
4.4881508074468e-05
