4.136579082114622e-05
4.337173595558852e-05
5.233184128883295e-05
5.185310510569252e-05
4.857675594394095e-05
3.9121718145906925e-05
3.9121718145906925e-05
4.0468163206242025e-05
4.438781616045162e-05
5.070115003036335e-05
4.286184412194416e-05
4.2661456973291934e-05
5.4693457059329376e-05
7.175296195782721e-05
8.304575749207288e-05
8.959846309153363e-05
9.413489897269756e-05
8.362076187040657e-05
7.769736839691177e-05
6.053020115359686e-05
5.44422073289752e-05
4.468235056265257e-05
5.110157871968113e-05
4.644675209419802e-05
5.0818027375498787e-05
4.105817060917616e-05
4.252055805409327e-05
4.7066678234841675e-05
5.32893136551138e-05
5.863021578988992e-05
8.614257239969447e-05
0.00012062653695465997
0.0001405139482812956
0.00010029521945398301
8.826697012409568e-05
6.8549023126252e-05
6.281915557337925e-05
5.0509344873717055e-05
4.291794539312832e-05
4.0602808439871296e-05
4.0528004319639876e-05
4.126106796320528e-05
3.933116386178881e-05
4.163508128840476e-05
4.208389509585686e-05
3.930124148610048e-05
4.1739804146345705e-05
4.91302962473128e-05
5.740344931837171e-05
4.6527165977749974e-05
4.3774431105703115e-05
4.422324855113402e-05
4.3804353481391445e-05
4.424855433171615e-05
4.532535240286961e-05
4.2825649870792404e-05
3.8769212551414967e-05
4.744816760648973e-05
4.2637439037207514e-05
4.769408769789152e-05
5.3528681746684015e-05
5.22720038134139e-05
4.1874449379974976e-05
3.527686931192875e-05
