0.00010183615086134523
0.0003967824741266668
0.0004037241742480546
0.0003877463168464601
0.0003193169832229614
0.00011300955520709977
0.00015181920025497675
0.00016709385090507567
0.0002807936689350754
0.00041178785613738
0.00022541944053955376
0.00016918744950089604
0.0003065257624257356
0.0005156436818651855
0.0005883367848582566
0.0004314908292144537
0.0004487771075218916
0.00026141488342545927
0.0002349397400394082
0.0001654033112572506
0.00018899278074968606
0.00020425250113476068
0.00035687064519152045
0.00040279285167343915
0.00037543661892414093
0.00031595086329616606
0.00019533929298631847
0.0001348539808532223
0.00039217466837726533
0.0009374251239933074
0.0019250876503065228
0.003761384868994355
0.004644636996090412
0.004197390284389257
0.003396455431357026
0.002458044560626149
0.001837508985772729
0.001020590658299625
0.00028345666942186654
6.308844604063779e-05
0.00016803636390250176
0.00036591439857147634
0.000303148350212723
0.00016814109403640032
8.868586883181706e-05
9.601650526747108e-05
0.0002799708745442331
0.0005109311314299703
0.0004342244938015938
0.0002097214455716312
7.795989949954674e-05
9.088143997360021e-05
0.0001060391150531359
0.000117110823339317
0.00011639272270258516
8.34048114484176e-05
7.05088532413356e-05
0.00011144050949951634
0.0001404216600349173
0.00022359969443641603
0.000308395829051733
0.0002580686705186963
9.561258048051968e-05
3.7760313716717064e-05
