0.00010856836888706312
0.0004683132574427873
0.00043732544872909784
0.0004124012775719166
0.0003742369881365448
0.00012234698806423694
0.00015223809168674052
0.00019205395074095577
0.0003429820644669235
0.00037651098682545125
0.00027084496105089784
0.00018408898904453963
0.00031485463841818273
0.0006226409459486604
0.0005288837128318846
0.0006442741141654551
0.0006411473732441664
0.0002999102871399373
0.0002759054477792233
0.00016661512199789286
0.00020216127450112253
0.00025389468646608293
0.0002973848895635456
0.00047210860066115856
0.0004334789118729532
0.00032703473698347807
0.0002086606837110594
0.00012997684825677425
0.00038096922799013555
0.0010503620142117143
0.002053762786090374
0.004253061022609472
0.005311592016369104
0.004743958357721567
0.0038200581911951303
0.0027753657195717096
0.0025347883347421885
0.0011023220140486956
0.00015588845417369157
7.644817378604785e-05
0.0002838585351128131
0.0004758786235470325
0.0003671906015370041
0.00035496786586008966
0.00014610428479500115
0.00012462354789022356
0.00036044151056557894
0.000564717105589807
0.0004370159876998514
0.0002205823257099837
8.042765693971887e-05
9.398187830811366e-05
0.00013461460184771568
0.0001135951024480164
0.0001536294148536399
9.161805064650252e-05
6.908404611749575e-05
0.00010936384205706418
0.0001589712337590754
0.00023705008788965642
0.00036276227911002934
0.000309581431793049
0.00010346683848183602
3.852329609799199e-05
