9.683933603810146e-05
0.00041371776023879647
0.0003941608883906156
0.00037046134821139276
0.00021080844453535974
0.00011334077134961262
0.0001367240329273045
0.00016013733693398535
0.00031364712049253285
0.0003681406087707728
0.00018079580331686884
0.00017680601740721613
0.0002958476834464818
0.0005439292872324586
0.0005600763252004981
0.0005619914154522121
0.00047442573122680187
0.00026647583581507206
0.0002645606582518667
0.00015148446254897863
0.00017207942437380552
0.00021300763182807714
0.00029953918419778347
0.0004121871024835855
0.00039778483915142715
0.00033215308212675154
0.00019918414182029665
0.00014667276991531253
0.0004128351283725351
0.0009516974678263068
0.0021299717482179403
0.003948316443711519
0.004816384520381689
0.0044103567488491535
0.0037251056637614965
0.0024403787683695555
0.001870791777037084
0.0009875742252916098
0.00011242817708989605
7.742150773992762e-05
0.00039804467814974487
0.00038116981158964336
0.0003454735560808331
0.00020228656649123877
8.100364357233047e-05
0.00012098091247025877
0.0003432837256696075
0.0005241113831289113
0.0004332113021519035
0.00020739746105391532
7.791430107317865e-05
8.96882193046622e-05
0.00012444147432688624
0.00011519587860675529
0.00014080826076678932
8.511030318913981e-05
6.667657726211473e-05
0.00011131745850434527
0.00015132037515286356
0.00019880699983332306
0.00037251185858622193
0.00024641258642077446
8.407148561673239e-05
3.599496994866058e-05
