9.66598090599291e-05
0.00024304834369104356
0.0003857769479509443
0.0003587186220102012
0.00015998855815269053
0.00010584836854832247
0.00014118225954007357
0.00016589702863711864
0.00028800463769584894
0.0004033351724501699
0.00024879316333681345
0.00017322765779681504
0.00022424299095291644
0.0004190437030047178
0.0006776659283787012
0.00045777647756040096
0.0006960075115785003
0.0002543772861827165
0.0002530620258767158
0.00015955785056576133
0.0002108383778249845
0.0002261429763166234
0.00030743834213353693
0.00040320053813047707
0.0003783614083658904
0.0003236106422264129
0.00018917555280495435
0.0001338366710115224
0.0003762716078199446
0.0010004538344219327
0.0019487402169033885
0.0035986294969916344
0.004549564328044653
0.004215780179947615
0.003500084625557065
0.002415268449112773
0.002090251771733165
0.0012811427004635334
0.00036892600473947823
5.6221571867354214e-05
0.0001445783127564937
0.00039271320565603673
0.0002950061752926558
0.000284982641460374
0.00010852349078049883
0.00010239546827506274
0.0003308989107608795
0.0005036090151406825
0.00041000478086061776
0.00019810708181466907
7.863674545660615e-05
0.00010170150198973715
0.00010934632155112922
0.00011703601194312796
0.00011618326971074566
7.987412391230464e-05
6.838446279289201e-05
8.165442704921588e-05
0.00014058385568205267
0.00017613000818528235
0.0002943479048553854
0.0003270665183663368
0.00010589043813524768
3.9869744796305895e-05
