9.799596591619775e-05
0.00035664194729179144
0.0003712632751557976
0.0003559253236744553
0.00023624666209798306
0.00012838823022320867
0.00014285783981904387
0.00015787818119861186
0.0003307296719867736
0.0002918420359492302
0.0002015030331676826
0.0001727938069961965
0.00026185368187725544
0.0004671417409554124
0.0005719470209442079
0.0007200677646324039
0.0004181161930318922
0.0002759614435490221
0.00027988108922727406
0.00017805991228669882
0.0001999760715989396
0.0002181123709306121
0.00029868734418414533
0.0004115335177630186
0.00040450209053233266
0.00034424118348397315
0.00023558303655590862
9.956214489648119e-05
0.00027353785117156804
0.0012157470919191837
0.002620524959638715
0.004111077636480331
0.004540146328508854
0.004113875795155764
0.003083988092839718
0.0023420799989253283
0.001814300543628633
0.0009155529551208019
0.0002447238948661834
9.955731366062537e-05
0.000281943182926625
0.00037170868017710745
0.00032678229035809636
0.0002798362111207098
0.00011387935228412971
0.00012064710608683527
0.0004567292344290763
0.0005277766613289714
0.0004517922643572092
0.0002172264939872548
7.570014713564888e-05
7.906625978648663e-05
0.00011542027641553432
0.00011248802184127271
0.00012693986354861408
8.341977081727237e-05
7.979932706803083e-05
0.00011324030492687598
0.00015152803098317236
0.0002648831869009882
0.000354184303432703
0.00027470663189888
0.00010382963228039443
3.805952292168513e-05
