9.948809747584164e-05
0.0003925336932297796
0.00039370061131194234
0.000383647158741951
0.00034090495319105685
0.0001042148724081926
0.00013190675235819072
0.00017404841491952538
0.0004576118662953377
0.00038496367051266134
0.0002271625562570989
0.00017258705338463187
0.0002625993511173874
0.0006765934522263706
0.0005473150522448123
0.0006190993008203804
0.0003774984215851873
0.0002486856246832758
0.00026791272102855146
0.00015448214253410697
0.00017442450916860253
0.00022400362649932504
0.0002622875617817044
0.00041889408021233976
0.0004168445011600852
0.00038514318293891847
0.0002703213249333203
0.00011670688400045037
0.0002895306097343564
0.0007531416486017406
0.00174466404132545
0.003828721819445491
0.00500668166205287
0.004678074736148119
0.004070812836289406
0.002724217949435115
0.002345043933019042
0.0014585144817829132
0.00038463453529402614
5.658062218572013e-05
0.00015325540152844042
0.0004295460239518434
0.0003388852928765118
0.00022514229931402951
7.441354682669044e-05
0.0001119195221690461
0.00033017832902260125
0.0005543763982132077
0.0005244704079814255
0.0002652497205417603
8.229487139033154e-05
8.569375495426357e-05
0.00014418934006243944
0.00011162031296407804
0.00015401837299577892
9.139371832134202e-05
8.235756831709296e-05
0.0001139017622335814
0.00015788110613357276
0.0001970225857803598
0.0003670596925076097
0.00032353823189623654
7.487731636501849e-05
3.738629675353877e-05
