0.00010016057058237493
0.0004299106658436358
0.00043044358608312905
0.00040390368667431176
0.0002459682582411915
0.00010877928434638306
0.0001346223580185324
0.00017417017079424113
0.0003326467704027891
0.00042945623863488436
0.00027457010583020747
0.00020590140775311738
0.0002586521441116929
0.0005029123276472092
0.0007196451188065112
0.0006371699273586273
0.0004920103820040822
0.0002563923771958798
0.0002222990442533046
0.0001657427492318675
0.00018434716912452132
0.0002252397098345682
0.0002814586623571813
0.0004397490411065519
0.00044105062261223793
0.00039753050077706575
0.00028547632973641157
0.00010176134674111381
0.00048299608170054853
0.0011465935967862606
0.0024086814373731613
0.00471967039629817
0.005020890850573778
0.004669856745749712
0.003360284026712179
0.0026575743686407804
0.0019821892492473125
0.0012948143994435668
0.0001832914276747033
6.01389619987458e-05
0.00030787219293415546
0.0004071052244398743
0.00033825699938461185
0.0002831789315678179
0.00010651878983480856
0.00011413367610657588
0.00036252292920835316
0.0005711163394153118
0.00046769020264036953
0.00022263491700869054
8.279779285658151e-05
0.00011513603385537863
0.00011458249355200678
0.0001160037427325733
0.00015065225306898355
8.448621520074084e-05
6.499222217826173e-05
0.00011511699995025992
0.00015928864013403654
0.00020122977730352432
0.00038502164534293115
0.0003368827747181058
7.671185448998585e-05
3.595569796743803e-05
