9.423620940651745e-05
0.0003276546485722065
0.0003338585956953466
0.0003964383795391768
0.0002432278561173007
0.0001144179332186468
0.00012040213186992332
0.00018177012680098414
0.00026469427393749356
0.0003400054993107915
0.00022209613234736025
0.00017755125008989125
0.0002703512436710298
0.00036310634459368885
0.00065052998252213
0.0004015099839307368
0.0004619985993485898
0.0002514160587452352
0.00023431044246535748
0.00012028479250147939
0.00023301057808566839
0.0001734520774334669
0.00036403394187800586
0.0003851132933050394
0.00044333955156616867
0.00028092024149373174
0.00015814263315405697
0.00016370350203942508
0.0006499740411527455
0.0011191205121576786
0.002320523839443922
0.004181336145848036
0.00397005258128047
0.004473743960261345
0.002992744091898203
0.0025337408296763897
0.00209514400921762
0.001161877647973597
0.0005878879455849528
8.190875814761966e-05
0.00032172308419831097
0.0003652101440820843
0.0003418017004150897
0.00019843985501211137
9.96818343992345e-05
0.00010595028288662434
0.00024632466374896467
0.0005162570741958916
0.00047077718772925436
0.00023371298448182642
6.978396413614973e-05
0.00010450288391439244
9.905349725158885e-05
0.00013560199295170605
0.00012137455632910132
8.69203795446083e-05
6.073889016988687e-05
0.00013752815721090883
0.00012152416456956416
0.00019542904919944704
0.0002667308144737035
0.0002493009378667921
6.25498651061207e-05
3.6219378671376035e-05
