9.703382238512859e-05
0.00027915890677832067
0.00040165960672311485
0.00038261490408331156
0.00023474883346352726
0.00012242741649970412
0.00014038935478311032
0.00015216328029055148
0.00031962330103851855
0.00037295540096238256
0.00022623447875957936
0.00016092639998532832
0.0002677443844731897
0.0005678202724084258
0.000590852985624224
0.0005980059504508972
0.0005826072883792222
0.00025030417600646615
0.0002658032753970474
0.00016033170686569065
0.00016770725778769702
0.00021243913215585053
0.00025598914362490177
0.00040809260099194944
0.00039941552677191794
0.000384544808184728
0.0002751834981609136
0.00010677311365725473
0.00026498042279854417
0.000797020853497088
0.0018201996572315693
0.0038559800013899803
0.004934767261147499
0.00458901422098279
0.003890404012054205
0.0027589413803070784
0.0024198018945753574
0.001553304260596633
0.0004113091272301972
7.288359483936802e-05
0.00026146104210056365
0.0004123353282921016
0.0003469041839707643
0.00023896372294984758
0.00010273387306369841
0.00013582734391093254
0.0003450443909969181
0.0005523538566194475
0.00043960692710243165
0.0002002042456297204
7.923082739580423e-05
9.848500485531986e-05
0.00012116511061321944
0.00011827774142147973
0.00013434531865641475
8.641186286695302e-05
8.180402801372111e-05
0.00011747825919883326
0.00015405080921482295
0.00020745981601066887
0.0003831141802947968
0.0002267656964249909
7.5615054811351e-05
3.4890697861555964e-05
