0.0001075540276360698
0.00030582176987081766
0.0003119713510386646
0.00032875704346224666
0.00018610080587677658
0.00010340302105760202
0.00015123572666198015
0.00018345499120187014
0.00032425354584120214
0.0003702874237205833
0.00020189123461022973
0.00015753410116303712
0.000240160952671431
0.0004302940214984119
0.0006079200538806617
0.0004179216339252889
0.0006725943530909717
0.0001865873928181827
0.00030140922171995044
0.0001871259737526998
0.00017864335677586496
0.00023044933914206922
0.0003408479387871921
0.00025464274222031236
0.0004809652455151081
0.0007369693485088646
0.0004359939484857023
0.00019969149434473366
0.000721021497156471
0.001190108130685985
0.002211341867223382
0.0038947127759456635
0.004747853148728609
0.004561921115964651
0.003859675256535411
0.0024576669093221426
0.0018212668364867568
0.0010090485448017716
0.0002521390561014414
0.00010440187179483473
0.0002971988287754357
0.0003858482523355633
0.0003334845823701471
0.00027232602587901056
0.00010921167995547876
9.00921513675712e-05
0.0002716378658078611
0.0005074004293419421
0.0004495331959333271
0.0002583828754723072
8.035192877287045e-05
9.924967162078246e-05
0.00010088896669913083
0.00012495479313656688
0.00010562115494394675
8.718981553101912e-05
7.267812179634348e-05
7.314189861062914e-05
0.0001511309965280816
0.00020596124522853643
0.00031433513504453003
0.00032186025055125356
0.0001137147773988545
4.310121221351437e-05
