0.00011405836266931146
0.0005202377797104418
0.0004969729343429208
0.0004796038556378335
0.0003696291823871434
0.00013014582509640604
0.00019117559713777155
0.00020801358914468437
0.0005641905590891838
0.0004626386216841638
0.00024241715436801314
0.00019644635904114693
0.00026758352760225534
0.0006421924335882068
0.0006346096051856875
0.0007790299714542925
0.0002306124079041183
0.0003468087816145271
0.00033065894967876375
0.00019080624042544514
0.00020563211000990123
0.00027805904392153025
0.0005095313536003232
0.0005376655608415604
0.0005006478168070316
0.0003710094606503844
0.0001550506567582488
0.00012867529585491866
0.000576977152377367
0.001435043872334063
0.003793729469180107
0.00509219616651535
0.005823764484375715
0.005326582584530115
0.004409578628838062
0.0031143880914896727
0.002724801655858755
0.0017131870845332742
0.0005216727731749415
6.679864600300789e-05
0.00014237911091186106
0.0004729203647002578
0.00040864243055693805
0.0002449025050736964
0.00010455895244376734
0.00011054315837100148
0.0003114926512353122
0.0006148318643681705
0.0006320364191196859
0.00020638300338760018
6.852565275039524e-05
0.0001187714296975173
0.00012978703307453543
0.00012955795682501048
0.00013413587294053286
9.331961337011307e-05
7.43757191230543e-05
0.00010484130325494334
0.0001961226953426376
0.00025524114607833326
0.00038270463119260967
0.00027958964346908033
7.507180271204561e-05
4.399883982841857e-05
