0.00010075898899231106
0.00020742737979162484
0.0004026364767923951
0.00038725367630831897
0.00016166320710908622
0.00011551004718057811
0.0001464034867240116
0.00015973328845575452
0.0002997856354340911
0.0003863768943119794
0.0001812885602703318
0.00016288994811475277
0.0002396074269199744
0.0004739038704428822
0.0006188861443661153
0.0005358404014259577
0.00036387957516126335
0.0002495085936971009
0.00024159623717423528
0.00015457191329915076
0.00018355039355810732
0.00021142183686606586
0.00030318956123664975
0.0004176224465481937
0.00041455557220615447
0.0003644229145720601
0.0002217296278104186
0.00015482625167351216
0.0003690756275318563
0.0013044747756794095
0.0026754492428153753
0.004727697931230068
0.004960169550031424
0.004660473670810461
0.0038109137676656246
0.0026638524141162634
0.0020307835657149553
0.0013167038559913635
0.00036035364610143006
5.9707366744987667e-05
0.0002943801518995315
0.00040243647526949644
0.00034270514152012765
0.00019680542754940689
9.835034870775416e-05
9.142363705905154e-05
0.000257215928286314
0.0005646863719448447
0.0004475157184060663
0.00020602151926141232
8.422070095548406e-05
0.00012619183689821512
0.00012940836313646287
0.00013282525469549
0.00012835388770326972
9.151982521871105e-05
7.246867608046159e-05
0.00012801702541764826
0.00015621757484041154
0.00022772660304326564
0.00035795720759779215
0.0002992642403114587
0.00010931000724667683
3.52918250428047e-05
