0.00010007080709328875
0.0002936033415608108
0.00042580292210914195
0.000385606981581077
0.0002438711526338011
0.00010810459207277745
0.00014140667917672545
0.00018057326087728143
0.0002764102828223258
0.0004858274187427014
0.00025366965564899147
0.0001973687030840665
0.00028753484366461635
0.0006409080233424902
0.0007344111218117177
0.0006185414385981858
0.0002345507818972692
0.0002555104438215494
0.00023321056505665183
0.00015132549742702395
0.00024043025041464716
0.00029460221412591636
0.0003553113783709705
0.0004468234837986529
0.0004214224172756076
0.0002859550586435944
0.00017632504750508815
0.00015765037096571177
0.0006700060912407935
0.0011761649511754513
0.002338625956326723
0.004121304489672184
0.005181579850614071
0.004471255466341972
0.0035337205044925213
0.0026634186506271362
0.0021379755344241858
0.0006879207794554532
0.0001933345920406282
8.768182306084782e-05
0.0002852582256309688
0.0003925785713363439
0.00036064148298464715
0.0001795709104044363
7.921360520413145e-05
0.0002005605201702565
0.00036075757816433907
0.0005645863129757345
0.0004354404518380761
0.00019248468743171543
7.158600783441216e-05
0.00010697951802285388
0.0001037660549627617
0.00012485429760999978
0.00010415502038085833
8.51667282404378e-05
5.9123911341885105e-05
0.00012536472058854997
0.00015969628293532878
0.000257176929153502
0.0004044937086291611
0.0002919242833741009
0.00011859191727126017
4.108154462301172e-05
