9.802122076507658e-05
0.0004112969327252358
0.00039963991730473936
0.00037398264976218343
0.00028532673604786396
0.0001096638006856665
0.000139860188937746
0.0001784189516911283
0.0003121957997791469
0.00035100418608635664
0.0002211889368481934
0.00017186625336762518
0.00030276377219706774
0.0006843028240837157
0.0005037051741965115
0.0005827302811667323
0.0004297517298255116
0.000253533769864589
0.0002478590758983046
0.00016375580162275583
0.00020679902809206396
0.00021387534798122942
0.0003334825159981847
0.0003913608961738646
0.00037683185655623674
0.00032522264518775046
0.00019530740974005312
0.00016396712453570217
0.0003801164566539228
0.001029537059366703
0.002068618778139353
0.003835484152659774
0.004895360674709082
0.004520106129348278
0.003858972107991576
0.00260460888966918
0.002262342255562544
0.0014020835515111685
0.0003871030348818749
6.460476288339123e-05
0.00021462207951117307
0.00038423098158091307
0.0003326217702124268
0.00024865486193448305
0.0001007033497444354
0.00015193887520581484
0.0003278744115959853
0.0005222113686613739
0.00045171743840910494
0.0002015778300119564
7.403953350149095e-05
9.54779316089116e-05
0.00012168873217888176
0.00012276589404791594
0.00012955795682501048
8.160954166669399e-05
6.964114436414093e-05
8.65465117385611e-05
0.00015117423026822507
0.00026208555209450424
0.0003357296227477491
0.00026869066641665995
8.766854443820193e-05
3.660835500340909e-05
