9.582700295140967e-05
0.0003850085486192256
0.0003825250896625221
0.00033666740637272596
0.00023453347967006266
0.00011000222730217502
0.00014430901501327753
0.0001841039484133944
0.00031472413684241474
0.00042487826431170106
0.00022956891916692257
0.000147779835970141
0.00020825021783821285
0.0004357545985840261
0.0005108619807288051
0.000691175286192447
0.0005551843205466866
0.00019248183525633067
0.0002554057282395661
0.00015237272600643337
0.00014767512038815767
0.00021623910288326442
0.0002649056550581008
0.00044788754894398153
0.000458524446003139
0.0003781117557082325
0.00027361264801584184
0.00013548378774430603
0.0003016177797690034
0.000858458923175931
0.0022611834574490786
0.004901833366602659
0.005409260746091604
0.004769026301801205
0.0035037731286138296
0.0025328262709081173
0.0021444205194711685
0.0008215289562940598
0.00023697063443250954
7.847625238355249e-05
0.00030179263558238745
0.0004291794612072408
0.00034264413989149034
0.00022961379727348685
9.50739995460026e-05
9.550784307066351e-05
0.00024806009605526924
0.00046512208064086735
0.000387553678592667
0.0001958996435860172
7.194319186965004e-05
0.00011938481475226581
0.00013226580631453544
0.0001285538455704227
9.80754557531327e-05
8.448196604149416e-05
6.827973265899345e-05
8.908980817068368e-05
0.00015334515774156898
0.00016290492203552276
0.000283426750684157
0.00039423920679837465
0.00011853205796796829
4.3176012695766985e-05
