0.0001020493364194408
0.0002903983404394239
0.00039719080086797476
0.00037907774094492197
0.00023720625904388726
0.00011690909741446376
0.00015089164662640542
0.0001650517515372485
0.000428827857831493
0.00042490821215324104
0.0002550167264416814
0.00016580494411755353
0.0002621148305479437
0.0005361974472180009
0.0006024126196280122
0.000651653332170099
0.0004142376419622451
0.00026226043701171875
0.0002618312428239733
0.00016389231313951313
0.00019444165809545666
0.0002343862142879516
0.00029123612330295146
0.00044634664664044976
0.000431311345892027
0.00038325818604789674
0.0002444097481202334
0.00011956434900639579
0.000338496349286288
0.0008578502456657588
0.002039565471932292
0.0041542924009263515
0.005283944774419069
0.004878470674157143
0.004142997786402702
0.0028588175773620605
0.002404796425253153
0.0014291321858763695
0.0003373892977833748
6.166719686007127e-05
0.0001852858258644119
0.0004308325587771833
0.00033620739122852683
0.0003212020092178136
0.00012593751307576895
0.00012578496534842998
0.0003667023265734315
0.0005689858226105571
0.0005108850309625268
0.00016181280079763383
8.333000005222857e-05
0.00010279361595166847
0.00013564687105827034
0.00012115015124436468
0.00014435389311984181
8.961341518443078e-05
7.924578676465899e-05
8.07119213277474e-05
0.00016637575754430145
0.000203794872504659
0.00030169353703968227
0.0003961840702686459
0.00012345406867098063
4.099178113392554e-05
