3.419971471885219e-05
5.0686248869169503e-05
5.0147609726991504e-05
4.9324778956361115e-05
4.085713590029627e-05
3.957053922931664e-05
3.698019281728193e-05
3.628027843660675e-05
4.0501825424144045e-05
3.99894270231016e-05
3.598001421778463e-05
3.508237932692282e-05
3.885242767864838e-05
4.9740203394321725e-05
5.393261744757183e-05
6.086952271289192e-05
5.493958087754436e-05
5.577025513048284e-05
5.079090624349192e-05
3.723669578903355e-05
3.9869744796305895e-05
4.097682176507078e-05
4.7245270252460614e-05
4.4193322537466884e-05
5.174838224775158e-05
4.775392517331056e-05
4.844211071031168e-05
4.5779139327351004e-05
5.6254808441735804e-05
5.72931494389195e-05
8.12430153018795e-05
0.00015241760411299765
0.0001912102015921846
0.0002590261574368924
0.00024550186935812235
0.00016431121912319213
0.00019405268540140241
0.00011274036660324782
5.378587593440898e-05
3.640077920863405e-05
3.912172178388573e-05
4.211381383356638e-05
4.12161934946198e-05
4.5285443775355816e-05
3.969022145611234e-05
3.629660204751417e-05
4.5853939809603617e-05
4.423820791998878e-05
3.846463005174883e-05
3.613414446590468e-05
3.683276008814573e-05
3.563592326827347e-05
4.1724844777490944e-05
3.891227243002504e-05
4.141637691645883e-05
3.6578436265699565e-05
3.6216915759723634e-05
3.824927262030542e-05
3.744168134289794e-05
3.87626641895622e-05
4.331065429141745e-05
4.971375528839417e-05
3.897211354342289e-05
3.39902653649915e-05
