0.00010435771400807425
0.0004884402733296156
0.00044583796989172697
0.00044962295214645565
0.00022785736655350775
0.00013592220784630626
0.00017719221068546176
0.00018429843476042151
0.00036663305945694447
0.00030247613904066384
0.00023568776668980718
0.00019312513177283108
0.0002713236608542502
0.000642046332359314
0.0006495454581454396
0.0006351394113153219
0.00039408961310982704
0.000292073906166479
0.0003151879063807428
0.00019363377941772342
0.00022814192925579846
0.0002625762717798352
0.00043968638055957854
0.00046978972386568785
0.00043947374797426164
0.0003645025717560202
0.00010810553067130968
0.0001485278771724552
0.0004340640443842858
0.001273658243007958
0.0029598844703286886
0.004615401849150658
0.0051316628232598305
0.0045415135100483894
0.003435676684603095
0.002677062526345253
0.0020846864208579063
0.001309702405706048
0.00045957168913446367
7.115215703379363e-05
0.00015903013991191983
0.0004185653233435005
0.00035911088343709707
0.0001901900686789304
0.0001032891814247705
0.0001243666629306972
0.00031681862310506403
0.0005749471019953489
0.0005533740622922778
0.0002630655071698129
9.392204083269462e-05
8.059223182499409e-05
0.00015490104851778597
0.00016534175665583462
0.0001360059395665303
0.00012263125972822309
0.00010925655078608543
9.752752521308139e-05
0.00018803856801241636
0.00016809621592983603
0.0003192122676409781
0.0002947108878288418
9.890356159303337e-05
3.285326965851709e-05
