9.893380774883553e-05
0.00031670875614508986
0.00040221342351287603
0.0003536962321959436
0.00023546336160507053
0.00010659358667908236
0.00012545878416858613
0.00016031676204875112
0.0002408491272944957
0.00041489963768981397
0.00025003487826325
0.00016315926040988415
0.00020096443768125027
0.0005601252778433263
0.0005832379101775587
0.0005666245124302804
0.0005300674238242209
0.000271972588961944
0.00024666692479513586
0.00015539473679382354
0.00018704273679759353
0.00020473447511903942
0.000292779877781868
0.00040137534961104393
0.0003912171523552388
0.000329789356328547
0.0001750079682096839
0.0001414665166521445
0.0004330916272010654
0.001047085621394217
0.0023655102122575045
0.004160964861512184
0.004890094976872206
0.004218011163175106
0.0034785380121320486
0.0025183451361954212
0.0017465695273131132
0.001000184565782547
0.0002618686412461102
6.723250407958403e-05
0.00015663648082409054
0.00038104463601484895
0.0002985966857522726
0.0002550523495301604
9.51540787355043e-05
0.00011907806765520945
0.0003444895555730909
0.0005400662194006145
0.0003825419407803565
0.0001708452036837116
7.496334001189098e-05
0.00011505188012961298
0.00012695763143710792
0.0001358750305371359
0.00010726307664299384
9.267788118449971e-05
6.541012407978997e-05
9.851431241258979e-05
0.00014681117318104953
0.00018114755221176893
0.0003618777554947883
0.0002402292302576825
9.533173579256982e-05
3.554241266101599e-05
