9.909837535815313e-05
0.00026407610857859254
0.0004086265107616782
0.00038776127621531487
0.00023842803784646094
0.00012701223022304475
0.00016140888328664005
0.00017630952061153948
0.00029403375810943544
0.0004252373182680458
0.00023363818763755262
0.0001633686915738508
0.00029744900530204177
0.0005788769340142608
0.00066674331901595
0.0006903113098815084
0.00041444430826231837
0.00022408088261727244
0.0002353969612158835
0.0001516546035418287
0.00018180004553869367
0.0002279232576256618
0.00027802877593785524
0.0004202854470349848
0.00039307225961238146
0.00034410652006044984
0.00020621558360289782
0.0001441444328520447
0.000375748029910028
0.0009366621961817145
0.0028754407539963722
0.004690338857471943
0.005130202043801546
0.00472252769395709
0.003733030753210187
0.0028101715724915266
0.0022287950851023197
0.0011709292884916067
0.0002938417892437428
7.19836971256882e-05
0.00024410926562268287
0.00039815137279219925
0.0003688400029204786
0.00024070609651971608
8.901498949853703e-05
0.00013981712982058525
0.00041608151514083147
0.0005674551939591765
0.00042127937194891274
0.0001894111919682473
8.515135414199904e-05
0.00012175980373285711
0.0001232539798365906
0.00013368144573178142
0.00012288839207030833
8.890372555470094e-05
6.712684262311086e-05
0.00013150375161785632
0.00016130789299495518
0.00019571506709326059
0.0003870244836434722
0.0002761110372375697
8.564887684769928e-05
3.816424577962607e-05
