9.306929132435471e-05
0.0002818508946802467
0.00039094785461202264
0.00037034726119600236
0.00028169131837785244
0.0001238430559169501
0.0001348240621155128
0.00016483412764500827
0.0002913651696871966
0.00030989188235253096
0.00021664304949808866
0.00017204578034579754
0.00024384126299992204
0.0004456584283616394
0.0005771309952251613
0.0005532723153010011
0.0005361359217204154
0.0002208197402069345
0.0002826892596203834
0.0001598931849002838
0.00019707281899172813
0.00023137913376558572
0.0002945124579127878
0.00042357674101367593
0.0003942990442737937
0.0003250019799452275
0.00018353544874116778
0.00011713419371517375
0.00039139576256275177
0.001075630309060216
0.0024082970339804888
0.0040787868201732635
0.0047086551785469055
0.00420269975438714
0.003366517135873437
0.002498822985216975
0.0019370859954506159
0.0010574822081252933
0.0002432811597827822
6.947937799850479e-05
0.000266700895735994
0.00040221313247457147
0.0003371498896740377
0.00027074862737208605
9.969680104404688e-05
0.00011078253737650812
0.0002919093531090766
0.00051835150225088
0.00047288654604926705
0.0002445294230710715
8.150482608471066e-05
7.469778938684613e-05
0.00011658720177365467
0.00010370621021138504
0.00012854063243139535
7.604424172313884e-05
8.325519593199715e-05
6.41057631582953e-05
0.00016081043577287346
0.00015333019837271422
0.0003066753561142832
0.00027911728830076754
0.00011230849486310035
4.1051622247323394e-05
