9.758833039086312e-05
0.00038402114296332
0.00036542551242746413
0.0003615182649809867
0.0002392713795416057
0.00011641890159808099
0.00014083817950449884
0.00016677970415912569
0.0003091587859671563
0.00040589342825114727
0.0002560789289418608
0.00018370001635048538
0.0002316933241672814
0.0005419090739451349
0.0005687089287675917
0.00056650914484635
0.0004886877140961587
0.00021641256171278656
0.0001907623081933707
0.00016726870671845973
0.00018778155208565295
0.00023232914099935442
0.0003158311592414975
0.00035688281059265137
0.00032184532028622925
0.0002962329308502376
0.0001812016125768423
0.00014068858581595123
0.0005705318180844188
0.0014518187381327152
0.0028599724173545837
0.004252500832080841
0.004651351366192102
0.0039000490214675665
0.0030827163718640804
0.002475681947544217
0.0020194046664983034
0.0008378854836337268
0.00030211001285351813
8.721465565031394e-05
0.00038864585803821683
0.0004557418287731707
0.00043425013427622616
0.00031573299202136695
0.00012876972323283553
0.00013663801655638963
0.0003218368801753968
0.0004887241520918906
0.0003807775501627475
0.0001460004859836772
7.796760473866016e-05
0.0001304387697018683
0.00013245749869383872
0.00012374673679005355
9.344985301140696e-05
7.992274913704023e-05
7.222447311505675e-05
0.00012406465248204768
0.00015582751075271517
0.0001939096109708771
0.00034642728860490024
0.00025857266155071557
7.202266715466976e-05
3.5319881135364994e-05
