9.27196815609932e-05
0.0004011238052044064
0.0003843054291792214
0.0003619693743530661
0.0002724756486713886
9.41763719310984e-05
0.00013304376625455916
0.0001638175017433241
0.00035830403794534504
0.0003904691548086703
0.00023838065681047738
0.00017042577383108437
0.0003268916916567832
0.0005425575654953718
0.0005839455407112837
0.0006257530185393989
0.0005653573898598552
0.00018782910774461925
0.0002930313639808446
0.00016179081285372376
0.0002047678135568276
0.00023631018120795488
0.0003639759379439056
0.00042243971256539226
0.0003929675149265677
0.0003147091483697295
0.00019343930762261152
0.00011253291449975222
0.00033652156707830727
0.0008229922968894243
0.001766970264725387
0.0036146671045571566
0.00447453698143363
0.004206399898976088
0.00302879954688251
0.002156992210075259
0.0017105027800425887
0.0009601651690900326
0.00029279201407916844
7.12868059054017e-05
0.00031533153378404677
0.000394029775634408
0.0003293144691269845
0.0002127299376297742
9.378739923704416e-05
9.18126170290634e-05
0.0002578891289886087
0.0004978706128895283
0.00042824813863262534
0.0001746867928886786
7.036850729491562e-05
0.0001027038597385399
0.00010547154670348391
0.00011934726353501901
8.455677016172558e-05
7.878201722633094e-05
6.896792183397338e-05
8.044262358453125e-05
0.0001501585793448612
0.00020943647541571409
0.0003173389704898
0.00016536125622224063
6.667896377621219e-05
3.577056122594513e-05
