0.00011013922630809247
0.00033346013515256345
0.000494764419272542
0.00047945420374162495
0.00031801543082110584
0.00013700829003937542
0.00017025051056407392
0.00018446300236973912
0.0002830976154655218
0.0005006382707506418
0.00032775470754131675
0.000213232051464729
0.00034965050872415304
0.0006781573756597936
0.0007350967498496175
0.0007959053618833423
0.0005420854431577027
0.00032943495898507535
0.00032803896465338767
0.00021231945720501244
0.00023275551211554557
0.0002883786801248789
0.0003750582691282034
0.0005080699920654297
0.00044448685366660357
0.000367818953236565
0.0002086690947180614
0.00012439658166840672
0.0005803845124319196
0.0017501302063465118
0.0032535300124436617
0.0047923726961016655
0.005371057894080877
0.004666794091463089
0.0038750548847019672
0.0029511686880141497
0.0023876663763076067
0.0014407264534384012
0.00026459142100065947
9.080451854970306e-05
0.00037238188087940216
0.0004727070627268404
0.0003878211136907339
0.0003153375000692904
0.00011022452963516116
0.00013313793169800192
0.0005078146350570023
0.000636883603874594
0.0005049618775956333
0.0002177596907131374
7.900593482190743e-05
0.00012970756506547332
0.00012299029913265258
0.00012463596067391336
0.00012951527605764568
9.299656812800094e-05
6.307347939582542e-05
0.00010499281052034348
0.00018420867854729295
0.00019179364608135074
0.00034338844125159085
0.0004372955299913883
0.00010153400944545865
3.959526293328963e-05
