0.00010059442138299346
0.0003506001958157867
0.00043609869317151606
0.0003820332931354642
0.0002092170325340703
0.00011152306979056448
0.00013541457883547992
0.00017321269842796028
0.0003069745434913784
0.00041442090878263116
0.00024408061290159822
0.000166061581694521
0.0002291949203936383
0.00043162546353414655
0.0004319770960137248
0.0006383487489074469
0.0004408561217132956
0.0002726904640439898
0.0002331080031581223
0.00016240468539763242
0.0001955468615051359
0.00021622414351440966
0.0002935549709945917
0.0004130744782742113
0.0004063721280544996
0.0003723669215105474
0.00022873113630339503
0.00010393061529612169
0.00027748744469136
0.0008459267555736005
0.0018875220557674766
0.004073446150869131
0.005143824964761734
0.00477543706074357
0.003963366616517305
0.0027103221509605646
0.002259030006825924
0.0012758936500176787
0.00023167837935034186
7.270804781001061e-05
0.0002493915962986648
0.00041685946052893996
0.0003399325651116669
0.0002841149107553065
0.00010672823555069044
9.727319411467761e-05
0.00030698953196406364
0.0005465071881189942
0.0005172444507479668
0.00024396093795076013
8.633706602267921e-05
8.692052506376058e-05
0.00013409099483396858
0.00011675176938297227
0.0001589553285157308
8.998449629871175e-05
6.789957114960998e-05
9.834208321990445e-05
0.00014472885231953114
0.00023355308803729713
0.0003700321540236473
0.00025792093947529793
8.308596443384886e-05
3.6464356526266783e-05
