9.869443601928651e-05
0.0004010462434962392
0.0003807955945376307
0.00035368846147321165
0.00012465278268791735
0.00011106209421996027
0.00014000038208905607
0.0001572947221575305
0.00027608111849986017
0.00037905428325757384
0.00022774373064748943
0.00016308444901369512
0.0002785359392873943
0.0005274369614198804
0.0005084326840005815
0.0005020296666771173
0.00043237904901616275
0.00028650861349888146
0.00027730787405744195
0.0001576687500346452
0.00015095148410182446
0.00021001555433031172
0.000223105977056548
0.00039231462869793177
0.000378316268324852
0.0002831789315678179
0.00016852446424309164
0.00014921606634743512
0.0004583150439430028
0.0010489108972251415
0.0022651550825685263
0.003939548972994089
0.00456346245482564
0.0042808582074940205
0.003589548636227846
0.0024349268060177565
0.0021102391183376312
0.0008973542135208845
0.00022638832160737365
7.77829991420731e-05
0.0003363971773069352
0.000375849922420457
0.0003118516760878265
0.00023621140280738473
9.312913607573137e-05
8.687563968123868e-05
0.00026336469454690814
0.0004988730070181191
0.0005212688120082021
0.00017294085409957916
7.100689254002646e-05
0.00011299669131403789
0.00011619635915849358
0.0001098848952096887
0.000124037527712062
7.884185470174998e-05
8.144497405737638e-05
0.00010714102245401591
0.00015193565923254937
0.0002496552770026028
0.0003391630307305604
0.00021371546608861536
7.606013969052583e-05
3.547883534338325e-05
