3.32123163389042e-05
4.281695873942226e-05
4.3378622649470344e-05
4.546379568637349e-05
3.884868783643469e-05
4.7394874854944646e-05
4.221854032948613e-05
4.528110730461776e-05
4.759431249112822e-05
3.86102547054179e-05
4.8974139644997194e-05
3.798471880145371e-05
4.1949253500206396e-05
4.23774981754832e-05
3.9750058931531385e-05
4.398388045956381e-05
4.455238376976922e-05
3.547135565895587e-05
3.756582736968994e-05
3.7191814044490457e-05
3.5875291359843686e-05
3.695244595292024e-05
3.866460610879585e-05
4.4514978071674705e-05
4.144059857935645e-05
4.208389509585686e-05
4.758201976073906e-05
4.285436443751678e-05
4.618307502823882e-05
5.503188003785908e-05
9.737791697261855e-05
6.527267396450043e-05
9.386569581693038e-05
5.539874473470263e-05
6.652936281170696e-05
6.985059735598043e-05
7.915603055153042e-05
9.084017074201256e-05
5.161373701412231e-05
4.275642641005106e-05
4.482541044126265e-05
4.2139065044466406e-05
4.571929821395315e-05
3.957053195335902e-05
3.856817784253508e-05
4.0378399717155844e-05
4.6601966460002586e-05
4.257759064785205e-05
4.696102405432612e-05
3.821081554633565e-05
3.854154419968836e-05
3.663920870167203e-05
3.732645927811973e-05
3.825400926871225e-05
3.9256363379536197e-05
3.789495531236753e-05
3.52170281985309e-05
3.584536898415536e-05
3.57855242327787e-05
3.8642985600745305e-05
4.211035047774203e-05
4.397935845190659e-05
3.787999594351277e-05
3.176114478264935e-05
