0.0001142533656093292
0.00027526580379344523
0.00044986236025579274
0.00043251129682175815
0.0002607534115668386
0.00013592220784630626
0.0001759317674441263
0.00019003111810889095
0.0003504011838231236
0.00040037298458628356
0.00024014600785449147
0.0001812167902244255
0.0002825969713740051
0.0006954614073038101
0.0006261251401156187
0.0006950650131329894
0.0005033162306062877
0.00026762840570881963
0.00032118704984895885
0.00017677115101832896
0.00022486542002297938
0.000245554227149114
0.00040007379720918834
0.00047738966532051563
0.00043903093319386244
0.0003079862508457154
0.00016107303963508457
0.00014942492998670787
0.0005924742436036468
0.0013290314236655831
0.002713812980800867
0.004660211969166994
0.005064100492745638
0.004582836292684078
0.003631976433098316
0.002668938832357526
0.0022049988619983196
0.0013669113395735621
0.0004259853740222752
7.852767885196954e-05
0.00018583938071969897
0.00038666915497742593
0.0003273070033174008
0.00018407028983347118
9.737791697261855e-05
0.00010434951400384307
0.0002808984136208892
0.0005804966203868389
0.00046232162276282907
0.0002140436408808455
7.049670239211991e-05
9.455037798034027e-05
0.00011571948562050238
0.00011209905642317608
0.00011433828331064433
8.628198702353984e-05
7.152990292524919e-05
0.00015388373867608607
0.0001686946488916874
0.00020922264957334846
0.0003296696813777089
0.00029049234581179917
8.9981549535878e-05
3.1596584449289367e-05
