9.874987154034898e-05
0.0004616362857632339
0.0004424471117090434
0.00039361085509881377
0.00027298429631628096
0.00011727058881660923
0.00013790592493023723
0.00015497773711103946
0.0004679963749367744
0.00037513463757932186
0.0002109055349137634
0.00018831594206858426
0.0003535615687724203
0.0005695399013347924
0.0006049353396520019
0.0005849454319104552
0.00034510798286646605
0.0002610906958580017
0.00027848975150845945
0.00017859847866930068
0.00018232365255244076
0.00023977197997737676
0.0002559293061494827
0.0004326876951381564
0.0003944486379623413
0.00033453182550147176
0.00016834908456075937
0.00014304443902801722
0.0005811557057313621
0.0010477888863533735
0.0028480670880526304
0.004376592114567757
0.004823561757802963
0.0044479831121861935
0.003659362206235528
0.002620395040139556
0.0019851617980748415
0.00097541359718889
0.00021406516316346824
7.460802589775994e-05
0.00028297791141085327
0.0004370411916170269
0.00034993747249245644
0.00024347857106477022
6.720631790813059e-05
0.00014326647215057164
0.00038252605008892715
0.0005553264054469764
0.00047203380381688476
0.0002192162355640903
8.558903937228024e-05
9.692909952718765e-05
0.0001295130787184462
0.00013426857185550034
0.0001291537773795426
8.968158363131806e-05
7.291748624993488e-05
9.785663860384375e-05
0.00015370275650639087
0.00020838277123402804
0.00038893191958777606
0.0003306794969830662
8.757878822507337e-05
3.780519182328135e-05
