9.480470907874405e-05
0.0003655299951788038
0.0003779621620196849
0.000353788462234661
0.0002352026494918391
0.00011254038690822199
0.00012878459529019892
0.00015696558693889529
0.0002757220936473459
0.0003858014533761889
0.0002436317881802097
0.00015973328845575452
0.00026049191365018487
0.0005035166977904737
0.0005882460391148925
0.0005396702908910811
0.0005388473509810865
0.00021257379557937384
0.00026457649073563516
0.00015184911899268627
0.00016902375500649214
0.00023329407849814743
0.0002354035241296515
0.00041721854358911514
0.0003931470855604857
0.0003121088375337422
0.0001784709602361545
0.00013951407163403928
0.00040810502832755446
0.001353791099973023
0.0028491157572716475
0.003969456069171429
0.004664560779929161
0.004260138142853975
0.0034604992251843214
0.0025163416285067797
0.002044921275228262
0.0010551793966442347
0.00026653631357476115
7.151120371418074e-05
0.0002547025796957314
0.000421332661062479
0.000342819927027449
0.0003031147352885455
0.00011356518371030688
7.668753823963925e-05
0.0002799409267026931
0.0005294522270560265
0.0004917218466289341
0.00022947914840187877
8.499062096234411e-05
9.624091762816533e-05
0.0001229454210260883
0.0001144179332186468
0.00013842953194398433
8.448195876553655e-05
7.655288936803117e-05
0.00010459677287144586
0.00015121269098017365
0.00019897619495168328
0.0003785998560488224
0.00023495190544053912
7.547574205091223e-05
3.6196997825754806e-05
