0.00012756935029756278
0.0005283900536596775
0.0005384883261285722
0.0004902874934487045
0.00014541609562002122
0.00012040212459396571
0.00018601890769787133
0.00021528963407035917
0.00061245501274243
0.0005210397648625076
0.000335077871568501
0.0002927620953414589
0.0004084815736860037
0.0007041908684186637
0.0009137426386587322
0.0007092775194905698
0.0010056451428681612
0.00038805356598459184
0.00039296067552641034
0.00020209581998642534
0.00027469074120745063
0.0002762802760116756
0.0004041131178382784
0.0004968682187609375
0.00047459706547670066
0.0003539954195730388
0.0002329499984625727
0.00018106696370523423
0.0006422385922633111
0.001855177222751081
0.003394732717424631
0.00513971084728837
0.006358647719025612
0.005832666531205177
0.004937055986374617
0.0034571329597383738
0.0030732762534171343
0.00131321232765913
0.00036174137494526803
0.00011319210898363963
0.000334831012878567
0.0005033162306062877
0.0004105611005797982
0.00027504400350153446
0.0001170706091215834
0.00019333457748871297
0.0005196381243877113
0.0006948405643925071
0.0006749281892552972
0.00022408859513234347
9.125062206294388e-05
0.00016385117487516254
0.00013232564378995448
0.00016811118985060602
0.0001492898300057277
0.00010903311340371147
6.795341323595494e-05
0.00013701949501410127
0.0002014600031543523
0.00023978695389814675
0.0003989966062363237
0.0003386919270269573
9.998035238822922e-05
3.91799294447992e-05
