3.164146619383246e-05
4.224846270517446e-05
6.279192893998697e-05
5.791614967165515e-05
4.766416168422438e-05
4.836730659008026e-05
4.453742076293565e-05
4.35280344390776e-05
4.501769217313267e-05
4.498623457038775e-05
3.963037670473568e-05
3.705717244883999e-05
3.8518472138093784e-05
3.981831468991004e-05
3.54311523551587e-05
4.347172216512263e-05
5.363340460462496e-05
5.5638112826272845e-05
4.6946064685471356e-05
3.9929585909703746e-05
4.596839426085353e-05
4.779119626618922e-05
4.8940302804112434e-05
5.140923894941807e-05
5.012477413401939e-05
4.471772990655154e-05
4.2687199311330914e-05
4.414087379700504e-05
4.808399171452038e-05
4.266412724973634e-05
6.266954733291641e-05
6.774115900043398e-05
7.843791536288336e-05
9.555272845318541e-05
9.706374839879572e-05
0.00017639929137658328
0.00017487331933807582
6.62301536067389e-05
8.380872895941138e-05
5.6401098845526576e-05
4.992320100427605e-05
6.868366472190246e-05
4.5180720917414874e-05
4.609330790117383e-05
4.865156006417237e-05
4.1934294131351635e-05
4.218862159177661e-05
4.3699626985471696e-05
4.651220660889521e-05
4.2502790165599436e-05
3.657843262772076e-05
3.5516233765520155e-05
3.572568311938085e-05
3.5695764381671324e-05
3.924140037270263e-05
3.592016946640797e-05
3.55012780346442e-05
3.606977770687081e-05
3.810440466622822e-05
3.5620960261439905e-05
3.805952292168513e-05
4.5225602661957964e-05
4.0542967326473445e-05
3.47233290085569e-05
