9.854975360212848e-05
0.00039849564200267196
0.0004067974805366248
0.0003818818076979369
0.00022306111350189894
0.00010593532351776958
0.00013887835666537285
0.0001584466954227537
0.00027766302810050547
0.00035616508102975786
0.0002234655839856714
0.00018115673447027802
0.00028164644027128816
0.0005012067849747837
0.0005347822443582118
0.0005654862034134567
0.00030767772113904357
0.0002407294523436576
0.00022841883765067905
0.0001567262370372191
0.00021449741325341165
0.00022692090715281665
0.0002850275195669383
0.0004075358738191426
0.0003705787530634552
0.0002696780429687351
0.00018440315034240484
0.00015415078087244183
0.0006719210650771856
0.0011713776038959622
0.002221470233052969
0.004114833660423756
0.004599957726895809
0.003912749700248241
0.0030226800590753555
0.0023920349776744843
0.001963700633496046
0.001188073423691094
0.0003423112793825567
6.172703433549032e-05
0.00026977420202456415
0.00037782403524033725
0.0003263071412220597
0.00019034901924896985
9.256063640350476e-05
0.00010886759264394641
0.00025910098338499665
0.000515469117090106
0.00040984328370541334
0.00019485362281557173
6.8112371081952e-05
0.00010072907025460154
0.00011960922711296007
0.00011009433364961296
0.00012496508134063333
8.283624629257247e-05
5.25562500115484e-05
9.09897789824754e-05
0.00015849157352931798
0.00020873657194897532
0.000364897889085114
0.00026409776182845235
0.00010354164260206744
3.6216915759723634e-05
