9.767712617758662e-05
0.00028549207490868866
0.00039065693272277713
0.00034865265479311347
0.00023188779596239328
0.00010068232222693041
0.00013169730664230883
0.00016148838039953262
0.0003081554314121604
0.0003415183746255934
0.00023749799584038556
0.00019692510250024498
0.00029721579630859196
0.0005812843446619809
0.0005086094024591148
0.0006072319229133427
0.000193005456821993
0.00022847679792903364
0.00017325757653452456
0.0001591647887835279
0.0001896208559628576
0.0002252301637781784
0.0003192233562003821
0.000410142180044204
0.00039509194903075695
0.0003281735989730805
0.00020138331456109881
0.00011084236757596955
0.0003675346961244941
0.0009218960767611861
0.002589282812550664
0.004212104249745607
0.004598657134920359
0.004050420597195625
0.003185405395925045
0.002334452234208584
0.001950505655258894
0.0010889002587646246
0.0003423411981202662
8.395834447583184e-05
0.00022367449128068984
0.00040501076728105545
0.00032175553496927023
0.00023084932763595134
0.00013695284724235535
0.00017244090849999338
0.0004479623166844249
0.0005979264387860894
0.0004955367767252028
0.00030556830461136997
8.619944128440693e-05
9.980344475479797e-05
0.00011481703404569998
0.00012718017387669533
0.00012113519915146753
8.696540317032486e-05
6.313859921647236e-05
0.00010319535795133561
0.00015219974739011377
0.00022003907361067832
0.00033921984140761197
0.0002642607141751796
5.124771996634081e-05
3.167138493154198e-05
