9.767712617758662e-05
0.0004075358738191426
0.0003770471957977861
0.00034200833761133254
0.00017990006017498672
0.00010004088835557923
0.00016363798931706697
0.00017686306091491133
0.0002704559883568436
0.0003422590671107173
0.00021262842346914113
0.00016161083476617932
0.0002693937567528337
0.0004140169476158917
0.0006839792476966977
0.0004412600537762046
0.00048073483048938215
0.00028380073490552604
0.00023921187676023692
0.0001631742052268237
0.00018387954332865775
0.00023476021306123585
0.00026557882665656507
0.00043475223355926573
0.00041112961480394006
0.0003480860323179513
0.00022018868185114115
8.344968955498189e-05
0.0002622875617817044
0.000791545317042619
0.0024953631218522787
0.004121699370443821
0.004581183195114136
0.004031155724078417
0.003141616238281131
0.0023996199015527964
0.0018954658880829811
0.0010438542813062668
0.0002981179568450898
8.680500468472019e-05
0.00035040490911342204
0.00036784831900149584
0.0003204988606739789
0.00024043025041464716
0.00010105819819727913
6.869863136671484e-05
0.00019225743017159402
0.000523652764968574
0.00044147795415483415
0.0001750079682096839
7.480251224478707e-05
8.002373215276748e-05
0.00011631791858235374
9.796137601369992e-05
0.0001417507737642154
8.302853530040011e-05
6.455381662817672e-05
9.743450209498405e-05
0.00014654094411525875
0.00021656825265381485
0.0003317940572742373
0.00027831020997837186
9.268031135434285e-05
3.7057168810861185e-05
