9.841019345913082e-05
0.000298043160000816
0.0003872229135595262
0.0003679944493342191
0.00015512453683186322
0.00010497411130927503
0.00013597040378954262
0.00016804759798105806
0.0003129194665234536
0.0003871030348818749
0.00022455715225078166
0.0001619474496692419
0.00025818997528404
0.0005458039231598377
0.0006129113025963306
0.0005490112816914916
0.0003219350764993578
0.0002685410145204514
0.0002571860095486045
0.00015603804786223918
0.00018343071860726923
0.00022297132818493992
0.0002554206585045904
0.00040770365740172565
0.00039208491216413677
0.00034201203379780054
0.00023435629555024207
0.00015448153135366738
0.00044227021862752736
0.0010780711891129613
0.0030451712664216757
0.004526968579739332
0.004943116568028927
0.0043161301873624325
0.0033419092651456594
0.002546353731304407
0.0019680738914757967
0.0009451896767131984
0.00022928467660676688
7.172065670602024e-05
0.0002331893629161641
0.00037498504389077425
0.0003116572042927146
0.00022631909814663231
9.445793693885207e-05
0.0001574134803377092
0.00031317383400164545
0.0005071461200714111
0.0004524056566879153
0.0002267413801746443
8.107096800813451e-05
9.767293522600085e-05
0.00011630916560534388
0.00012460604193620384
0.00011260771134402603
8.154782699421048e-05
6.693045725114644e-05
9.597313328413293e-05
0.00014745072985533625
0.00019620700913947076
0.00034236672217957675
0.00016627104196231812
8.092135976767167e-05
3.936108623747714e-05
