9.720375965116546e-05
0.00036273355362936854
0.0003566434606909752
0.00038539752131327987
0.00021314792684279382
0.00010872545681195334
0.00013900644262321293
0.00016037659952417016
0.00028023289632983506
0.00035678810672834516
0.00021054405078757554
0.00016855998546816409
0.00025723091675899923
0.00046516695874743164
0.0005601071752607822
0.0005458116065710783
0.00044898479245603085
0.00028459366876631975
0.00024935323745012283
0.00016694427176844329
0.00018787398585118353
0.00021713673777412623
0.00028792984085157514
0.00040858631837181747
0.00039120219298638403
0.0003606229438446462
0.00024621994816698134
8.967325993580744e-05
0.0004841882619075477
0.0011084291618317366
0.0031200130470097065
0.00412739347666502
0.004614028614014387
0.004229618702083826
0.0030797780491411686
0.0021933612879365683
0.0016875972505658865
0.0009145355434156954
0.0002553309313952923
7.2139548137784e-05
0.00025497269234620035
0.00036941736470907927
0.00031543473596684635
0.00019412748224567622
0.00010421486513223499
0.00011968569015152752
0.000475998327601701
0.00052717822836712
0.00045376704656518996
0.00019624466949608177
7.25297795725055e-05
0.00012284069089218974
0.00010068417759612203
0.00011368486593710259
0.00011923520651180297
8.186713239410892e-05
6.797648529754952e-05
0.00013287077308632433
0.00014544601435773075
0.00020392662554513663
0.00031301865237765014
0.0002283265203004703
5.2550640248227865e-05
3.5828536056214944e-05
