9.733303159009665e-05
0.00032775310683064163
0.0003945982316508889
0.0003796700038947165
0.00012635361053980887
0.00011093213106505573
0.00016815605340525508
0.00019343840540386736
0.00046756715164519846
0.0003615205641835928
0.00019898965547326952
0.00015862622240092605
0.00025847883080132306
0.0005547414184547961
0.0005057482630945742
0.0006160585908219218
0.0005680503090843558
0.00022413824626710266
0.00024657821631990373
0.00016854035493452102
0.00018836768867913634
0.00022508077381644398
0.00029702583560720086
0.0004568949807435274
0.0003975293948315084
0.00026849613641388714
0.0001971195888472721
0.00016085449897218496
0.0005245372303761542
0.0014856603229418397
0.002877584658563137
0.004354254342615604
0.004903364926576614
0.004346580244600773
0.0035556626971811056
0.0024516526609659195
0.002298023086041212
0.0013396682916209102
0.00032048390130512416
8.549926860723644e-05
0.00016155847697518766
0.00042982553713954985
0.00036378728691488504
0.00019015828729607165
9.302441321779042e-05
0.00011658719449769706
0.00030173841514624655
0.000534643477294594
0.00042917445534840226
0.00019024647190235555
6.837644468760118e-05
9.155828593065962e-05
0.00011718562745954841
0.00013175714411772788
0.0001269847562070936
9.42964106798172e-05
6.733810005243868e-05
0.00012290054291952401
0.00017285365902353078
0.00019921406055800617
0.00031192650203593075
0.0002452629851177335
8.585127216065302e-05
3.156853199470788e-05
