0.00011313132563373074
0.0004885502276010811
0.00045029999455437064
0.0004387018270790577
0.0002702465280890465
0.00011332581198075786
0.00017084502906072885
0.00019870699907187372
0.00035701115848496556
0.00045379961375147104
0.0002495122025720775
0.00021574541460722685
0.00032628857297822833
0.0005678408779203892
0.0007170420140028
0.0005844769766554236
0.0005009016604162753
0.0003771842166315764
0.00031252490589395165
0.0001802630431484431
0.00022562684898730367
0.0002527427568566054
0.0004032210272271186
0.00047004406224004924
0.00045678907190449536
0.00037731885095126927
0.00020063754345756024
0.00022698077373206615
0.0005297514144331217
0.0013097621267661452
0.00259850500151515
0.004530474077910185
0.005517792422324419
0.004932303912937641
0.004357395693659782
0.002924030413851142
0.0024865553714334965
0.0014861166710034013
0.0004342735046520829
6.014122482156381e-05
0.00015587348025292158
0.00046729136374779046
0.00033509067725390196
0.000183131531230174
8.569745114073157e-05
0.00021332180767785758
0.00040490602259524167
0.0005826367996633053
0.0004269489727448672
0.00011490882025100291
7.908121915534139e-05
9.170788689516485e-05
0.00012818157847505063
0.00010174638737225905
0.00011090980842709541
8.715110743651167e-05
7.874442962929606e-05
0.00014444271801039577
0.00016962220252025872
0.00018815824296325445
0.00031547213438898325
0.00037890468956902623
0.000120701348350849
3.946580909541808e-05
