0.0001078801869880408
0.00041180281550623477
0.0004133582697249949
0.0003766446898225695
0.00022675633954349905
0.00012451627117116004
0.00014128698967397213
0.00016335373220499605
0.00018718581122811884
0.00036777142668142915
0.0001904233795357868
0.00015913018432911485
0.00029301829636096954
0.0004890887648798525
0.0005839233635924757
0.0005663448246195912
0.000546701776329428
0.00022748939227312803
0.0002654990239534527
0.0001595578360138461
0.0002372090530116111
0.00021624285727739334
0.0003185689856763929
0.0004103217215742916
0.00039622894837521017
0.0003372696228325367
0.00018598522001411766
0.00015574290591757745
0.00048579578287899494
0.001366058480925858
0.0025453201960772276
0.004224337637424469
0.004774764645844698
0.004319860599935055
0.0037242078687995672
0.002461975207552314
0.0020505934953689575
0.0008845634874887764
0.00028219702653586864
0.00012632650032173842
0.00020376205793581903
0.00043023316538892686
0.0003625079698394984
0.00023006262199487537
0.00010168654989684
0.0001100045774364844
0.00026674577384255826
0.000558954372536391
0.0005346285761334002
0.00026723946211859584
7.858751632738858e-05
0.0001002187782432884
0.00010277233377564698
0.0001496564655099064
0.00010351172386435792
7.589464075863361e-05
7.963476673467085e-05
8.416779019171372e-05
0.00015655820607207716
0.00026976311346516013
0.0003739078529179096
0.0003020974399987608
0.00010820931493071839
4.138075019000098e-05
