9.735537605592981e-05
0.0004190221952740103
0.0004024225927423686
0.0003737432707566768
0.00018643155635800213
0.00011712578270817176
0.00015018973499536514
0.00017015656339935958
0.00039148645009845495
0.00038408261025324464
0.0002338335762033239
0.00019182356481906027
0.00031119343475438654
0.0005555583047680557
0.0006882579764351249
0.0006189952255226672
0.00018399923283141106
0.0002542686997912824
0.0002660875325091183
0.0001634584623388946
0.00021077478595543653
0.00023154921655077487
0.0003820651036221534
0.00043391631334088743
0.0004132998292334378
0.0003493576659820974
0.00019891672127414495
0.00013711300562135875
0.0003818818076979369
0.0010012915590777993
0.002182857133448124
0.004034698475152254
0.004980336409062147
0.004584751091897488
0.0032981056720018387
0.002453732071444392
0.002010198077186942
0.0012396123493090272
0.0003549529064912349
7.58524693083018e-05
0.0002752978471107781
0.0003785755834542215
0.0003376136883161962
0.0002659379388205707
9.848499030340463e-05
0.00011070772598031908
0.0003389900375623256
0.0005655070417560637
0.0005035107024013996
0.0002577096165623516
8.898507076082751e-05
0.00010291845683241263
0.00011498624371597543
0.00011563232692424208
9.79800897766836e-05
8.505700679961592e-05
6.521937757497653e-05
0.00012751396570820361
0.00015838310355320573
0.0002406743005849421
0.00037267079460434616
0.00023983184655662626
0.00010427983215777203
3.38256977556739e-05
