3.6907560570398346e-05
5.0682570872595534e-05
5.20419780514203e-05
5.587748091784306e-05
5.098539622849785e-05
4.707129119196907e-05
4.589451418723911e-05
5.110926940687932e-05
7.160938548622653e-05
7.67595338402316e-05
6.705297710141167e-05
5.580951619776897e-05
6.500761082861573e-05
8.1321042671334e-05
0.00010560619557509199
0.00013738356938119978
0.00012841541320085526
8.463156700599939e-05
8.642682223580778e-05
6.40077269054018e-05
5.824124309583567e-05
6.477898568846285e-05
7.04966951161623e-05
9.027167106978595e-05
6.90427259542048e-05
6.340261461446062e-05
4.862163768848404e-05
4.98633598908782e-05
7.237891986733302e-05
0.0001956458145286888
0.00022691130288876593
0.00037136737955734134
0.0004344249900896102
0.00038495808257721364
0.00021203521464485675
0.00017846384434960783
0.00013130833394825459
7.127183926058933e-05
5.0880673370556906e-05
5.025552673032507e-05
3.961065158364363e-05
4.041824286105111e-05
4.2143732571275905e-05
3.807448229053989e-05
4.1261071601184085e-05
3.7790236092405394e-05
4.013903162558563e-05
4.1201226849807426e-05
4.1784685890888795e-05
3.8527789001818746e-05
3.536500298650935e-05
3.676483902381733e-05
3.738630039151758e-05
3.744988134712912e-05
3.946861397707835e-05
3.665323674795218e-05
3.576868766685948e-05
4.082588566234335e-05
3.9549115172121674e-05
4.0851526136975735e-05
4.1789364331634715e-05
3.770047260331921e-05
3.50524605892133e-05
3.244933031965047e-05
