0.00010163604747503996
0.00019017043814528733
0.00037347839679569006
0.0003481660387478769
0.0002420402888674289
0.0001026056706905365
0.00012983473425265402
0.00017059087986126542
0.00029576822998933494
0.0003449013165663928
0.00025156274205073714
0.00020316083100624382
0.0002930500777438283
0.0005439040833152831
0.0005499779945239425
0.0005860927049070597
0.0004323867615312338
0.00025839987210929394
0.00023728699306957424
0.00013077256153337657
0.0002638022997416556
0.00023932316980790347
0.00032057365751825273
0.00041852009599097073
0.0003809841873589903
0.0004234420775901526
0.00019217078806832433
0.0002023911802098155
0.0005171227967366576
0.0011641377350315452
0.0024524221662431955
0.004473336972296238
0.004743179772049189
0.004360161256045103
0.0031737980898469687
0.002526468364521861
0.001892315805889666
0.0009954420384019613
0.0002282598870806396
8.418274956056848e-05
0.0002937345125246793
0.00040192887536250055
0.00031969096744433045
0.00024478373234160244
0.00010256920359097421
9.496927668806165e-05
0.0002509774058125913
0.0004822667979169637
0.0005105870077386498
0.0002565128088463098
9.398188558407128e-05
0.00010926830873358995
0.00012636181781999767
0.00012498504656832665
9.845694148680195e-05
8.804255776340142e-05
9.655509347794577e-05
0.00012361863628029823
0.0002249012322863564
0.00022419811284635216
0.0003535316209308803
0.00035766075598075986
9.761728870216757e-05
5.0910595746245235e-05
