9.465416223974898e-05
0.00032220763387158513
0.0003764319117181003
0.00035969537566415966
0.0002625568304210901
0.00011255576828261837
0.00014211377128958702
0.00016764740576036274
0.0003004368336405605
0.00040017851279117167
0.0002458459639456123
0.00016386237984988838
0.00026330698165111244
0.0005322748329490423
0.00048131681978702545
0.0005630385712720454
0.00048368805437348783
0.00023344368673861027
0.00030603204504586756
0.00017044662672560662
0.00018350881873629987
0.00020847505948040634
0.0003482711617834866
0.0004031556600239128
0.00039425413706339896
0.0003432089288253337
0.0002054376236628741
0.00014150097558740526
0.0004649674810934812
0.0014794928720220923
0.0028964525554329157
0.004253016784787178
0.004541993606835604
0.004192411433905363
0.0032690945081412792
0.002322588348761201
0.0018885991303250194
0.001115724560804665
0.0002027603768510744
0.00010481329081812873
0.00027552759274840355
0.0003845597675535828
0.0003168185940012336
0.00032393974834121764
9.795301593840122e-05
0.0001107098360080272
0.00031083973590284586
0.0005230425740592182
0.00040961860213428736
0.0002014581550611183
7.36505608074367e-05
7.074821769492701e-05
0.0001100053996196948
0.00011385561083443463
0.00010804092744365335
8.125049498630688e-05
6.437504634959623e-05
7.79741385485977e-05
0.00014801922952756286
0.00015871597861405462
0.00032347667729482055
0.0002557078842073679
6.544192001456395e-05
3.522450424497947e-05
