0.00011279471800662577
0.0002558395790401846
0.0003465899790171534
0.00036735605681315064
0.00015294684271793813
7.960586663102731e-05
0.00016016715380828828
0.00021345644199755043
0.00024966089404188097
0.00043640166404657066
0.00022790960792917758
0.00018742373504210263
0.00021807389566674829
0.0005660876631736755
0.00043994077714160085
0.0005187984788790345
0.0003620049392338842
0.0002403404942015186
0.0002334259479539469
0.00015634848386980593
0.0001717465784167871
0.00022859648743178695
0.0002438412484480068
0.00044238209375180304
0.0003736168728210032
0.00030867845634929836
0.00026707572396844625
0.00016677593521308154
0.000503411574754864
0.0013593544717878103
0.0026038477662950754
0.004581029061228037
0.0048500304110348225
0.004185066092759371
0.0034667826257646084
0.0025346234906464815
0.002013444434851408
0.00111367495264858
0.00022873113630339503
7.716000254731625e-05
0.00021925069449935108
0.00036690072738565505
0.0003087630611844361
0.00020961441623512655
8.143283048411831e-05
0.00012117166625102982
0.00038090936141088605
0.000524028146173805
0.00047908019041642547
0.00022600831289310008
9.145355579676107e-05
0.00010271881183143705
0.0001288210623897612
0.00013436854351311922
0.00012467738997656852
9.321889956481755e-05
7.520645158365369e-05
9.468501957599074e-05
0.00015485617041122168
0.00016812614921946079
0.0002985518076457083
0.0003416530089452863
0.00011292187991784886
4.292168523534201e-05
