0.00011171007645316422
0.00039607868529856205
0.00040573609294369817
0.00041139888344332576
0.00033701525535434484
0.0001309766375925392
0.00016654162027407438
0.0001952046441147104
0.0003204988606739789
0.0004342735046520829
0.0002541639842092991
0.00017982466670218855
0.0002965030143968761
0.0007867018575780094
0.000711330387275666
0.0007247093017213047
0.0005321507924236357
0.0002700520562939346
0.00029319594614207745
0.0001678269327385351
0.00016398208390455693
0.0002443554112687707
0.00035183486761525273
0.0004312776727601886
0.00039145653136074543
0.00033097120467573404
0.00016446025983896106
0.00025493258726783097
0.0005883816629648209
0.001299813506193459
0.0030150548554956913
0.004548756405711174
0.00495252525433898
0.004539914429187775
0.003721964079886675
0.00275621865876019
0.0023164094891399145
0.0014945992734283209
0.0002486856246832758
8.659733430249617e-05
0.00037987148971296847
0.00040893041295930743
0.00035128757008351386
0.00027394178323447704
0.00011655727575998753
0.00013231724733486772
0.0002557049156166613
0.0005677810404449701
0.0006136798765510321
0.00029989826725795865
7.584037666674703e-05
0.00010084946552524343
0.0001225930463988334
0.00014577795809600502
0.00011938481475226581
9.10795497475192e-05
7.405449287034571e-05
9.179764310829341e-05
0.00018847243336495012
0.00023869452707003802
0.00036307197296991944
0.00031080900225788355
8.434170740656555e-05
3.91824942198582e-05
