0.00010322611342417076
0.0004139350785408169
0.0003911872336175293
0.00037241700920276344
0.0002368101559113711
0.00011817301856353879
0.00014561336138285697
0.00017097184900194407
0.0003999634354840964
0.00036581422318704426
0.00023324920039158314
0.0001725694164633751
0.0002815663465298712
0.0006927610374987125
0.0005860029486939311
0.0005162271554581821
0.0004593604535330087
0.0002547772310208529
0.00022398863802663982
0.00015936554700601846
0.00022552956943400204
0.00023158859403338283
0.0002873763151001185
0.0004178019589744508
0.00039428361924365163
0.0002853884070646018
0.00019032751151826233
0.0001809323439374566
0.0004651969065889716
0.0010823924094438553
0.0021880485583096743
0.0039310515858232975
0.004772890824824572
0.004134396556764841
0.003234502859413624
0.002527883043512702
0.0019935546442866325
0.0010251535568386316
0.0002933754585683346
7.911113789305091e-05
0.00025922065833583474
0.0004261649155523628
0.0003469640214461833
0.00023967132437974215
9.027381747728214e-05
0.00016030178812798113
0.00039906767779029906
0.0005405661650002003
0.0003633158339653164
0.00022077214089222252
7.774973346386105e-05
9.764217247720808e-05
0.00011589382484089583
0.00014059600653126836
0.00011967748287133873
8.35693790577352e-05
7.281277066795155e-05
8.108592737698928e-05
0.00016015776782296598
0.0002466987061779946
0.00035768028465099633
0.00014722631021868438
8.490085747325793e-05
4.109650035388768e-05
