9.945742203854024e-05
0.0003377809189260006
0.00041955235064961016
0.0003899992152582854
0.0002229272067779675
9.623464575270191e-05
0.00013744868920184672
0.0001643598370719701
0.0003344420692883432
0.00038648402551189065
0.0002456177899148315
0.00019157299539074302
0.000307991896988824
0.0006041098386049271
0.0006107476074248552
0.0005983004230074584
0.0005636219866573811
0.0002364956308156252
0.0002984321035910398
0.00017969058535527438
0.00017924178973771632
0.00023627124028280377
0.00025568995624780655
0.00042682315688580275
0.0004079579666722566
0.00036159539013169706
0.00025428368826396763
0.0001450365234632045
0.0004690131463576108
0.0011488704476505518
0.0032146174926310778
0.004622017499059439
0.005139471497386694
0.004493193235248327
0.0035736265126615763
0.0026883785612881184
0.002188553800806403
0.000785477866884321
0.00024399085668846965
7.562534301541746e-05
0.00021520683367270976
0.00042155705159530044
0.0003360577975399792
0.0003236555203329772
0.00013039573968853801
7.266316242748871e-05
0.0003613875596784055
0.0005463346606120467
0.00047355875722132623
0.0001488616835558787
7.723640010226518e-05
9.921992750605568e-05
0.00011222247849218547
0.00012872017396148294
0.00011875553173013031
8.432581671513617e-05
6.841438880655915e-05
9.236615005647764e-05
0.00015107115905266255
0.0001742300228215754
0.000313467433443293
0.00035664343158714473
0.00011696121509885415
3.7820154830114916e-05
