6.0600446886383e-05
0.00015560419706162065
0.00020811778085771948
0.0002115641545969993
0.00014399817155208439
7.222982094390318e-05
0.00014229681983124465
0.00018831438501365483
0.0004781695024576038
0.00047718017594888806
0.0002156855771318078
0.0001741851301630959
0.0003136469458695501
0.0005923910648562014
0.0008175018010661006
0.0006471532979048789
0.0005584178143180907
0.00033399698440916836
0.00026993794017471373
0.00018319602531846613
0.00018606235971674323
0.00019891672127414495
0.0002625568304210901
0.0003034289402421564
0.0004907494294457138
0.00038426052196882665
0.0003162650391459465
0.00032501693931408226
0.0008417677017860115
0.0021240925416350365
0.003861440345644951
0.007357652299106121
0.007095751352608204
0.005474583711475134
0.0031726693268865347
0.0023987158201634884
0.0016971186269074678
0.000826615490950644
0.00017397663032170385
8.114671072689816e-05
0.0003761837142519653
0.0004090500879101455
0.00038376590237021446
0.0002283720823470503
9.814090299187228e-05
0.00011745491065084934
0.0002079659461742267
0.00046486768405884504
0.000561512541025877
0.00022315792739391327
8.912010525818914e-05
0.00012658485502470285
0.00012738681107293814
0.00014755825395695865
0.00013531868171412498
8.96882193046622e-05
8.27914263936691e-05
0.00010297314292984083
0.00019472590065561235
0.00018568978703115135
0.0003218752390239388
0.00027487482293508947
0.00010279539128532633
3.755086436285637e-05
