9.968038648366928e-05
0.00036065687891095877
0.0004055343451909721
0.0003912770189344883
0.00022086588433012366
0.00011916267249034718
0.00014392125012818724
0.0001638175017433241
0.0002871369360946119
0.0003593647270463407
0.00022341942531056702
0.0001772511168383062
0.00030274633900262415
0.0005696165026165545
0.0005654041888192296
0.0006027109920978546
0.0006138266762718558
0.0002720118791330606
0.0002757520123850554
0.0001694875245448202
0.0001722253073239699
0.0002154761168640107
0.0002131572546204552
0.00038940695230849087
0.0003702249377965927
0.0003176235477440059
0.0002008067531278357
0.00017460402159485966
0.00048059120308607817
0.001106233918108046
0.0024563351180404425
0.004195673391222954
0.004847517237067223
0.004541798960417509
0.0038153324276208878
0.002637177938595414
0.0023138662800192833
0.0015485018957406282
0.0002586844493634999
7.78983740019612e-05
0.00024063275486696512
0.00038456066977232695
0.0003376370295882225
0.00024346723512280732
9.815586236072704e-05
8.931700722314417e-05
0.00028121258947066963
0.000517977518029511
0.00039861383265815675
0.0001867699611466378
7.34604473109357e-05
0.00011043843551306054
0.00012007300392724574
0.00011411871673772112
0.00012572806735988706
8.600793080404401e-05
7.249859481817111e-05
8.113080548355356e-05
0.00016715370293240994
0.00021015947277192026
0.00033962857560254633
0.000286788766970858
8.47390983835794e-05
3.8006226532161236e-05
