0.00010299310815753415
0.00043958588503301144
0.00039669268880970776
0.00042308017145842314
0.0002267805830342695
9.025671170093119e-05
0.00014863608521409333
0.00021814815409015864
0.0006132815615274012
0.00027489924104884267
0.00023354128643404692
0.00022565299877896905
0.00029922500834800303
0.0006235408945940435
0.00044438682380132377
0.0005869902670383453
0.0005862937541678548
0.0002455475623719394
0.00019073052681051195
0.0002848030999302864
0.0002328602276975289
0.00019496527966111898
0.0002478057867847383
0.0006256483029574156
0.00045170544763095677
0.00027639156905934215
0.0006382375140674412
0.00020690375822596252
0.000923257612157613
0.0018878511618822813
0.0014361037174239755
0.004889430478215218
0.005255717318505049
0.004260416608303785
0.003603931050747633
0.002636130666360259
0.0018734439508989453
0.001487313536927104
0.0002243346971226856
9.74960348685272e-05
0.00023845609393902123
0.0005192276439629495
0.00041051622247323394
0.00021878241386730224
0.00011920528777409345
9.851491631707177e-05
0.00036962973535992205
0.0005386124830693007
0.0003315172507427633
0.00018558037118054926
7.970956357894465e-05
9.41314865485765e-05
0.00011547080066520721
0.00011435808846727014
0.00012246996629983187
9.639616473577917e-05
6.579629553016275e-05
9.505530033493415e-05
0.00019311017240397632
0.00015708526188973337
0.0003016635891981423
0.0002773822343442589
6.52876406093128e-05
3.770047260331921e-05
