9.570234396960586e-05
0.00042146662599407136
0.0004281995352357626
0.00040321549749933183
0.0003255704650655389
0.00011071751941926777
0.0001432982535334304
0.00018724564870353788
0.00029451248701661825
0.0004009359981864691
0.00028363618184812367
0.00016756456170696765
0.00033905176678672433
0.0005815148469991982
0.000565985799767077
0.0005455665523186326
0.000503046961966902
0.00022943428484722972
0.00032920585363171995
0.00016447262896690518
0.00019629960297606885
0.00023734838759992272
0.000340456172125414
0.00045046076411381364
0.0004205266304779798
0.00030983201577328146
0.00017398687487002462
0.0001415862061548978
0.0004750816442538053
0.001495102304033935
0.0027830128092318773
0.004116038326174021
0.004648485220968723
0.004218334332108498
0.002663678489625454
0.0023897611536085606
0.0020073852501809597
0.0012540043098852038
0.00022755740792490542
7.852138514863327e-05
0.000315891025820747
0.00037537049502134323
0.00033034285297617316
0.00019833013357128948
6.648448470514268e-05
0.00011691632971633226
0.00030417696689255536
0.000522271147929132
0.0004603646229952574
0.00025881672627292573
7.383732736343518e-05
0.00011093213106505573
0.0001191903356811963
0.00012666956172324717
0.00011804742098320276
8.729453838896006e-05
6.543724157381803e-05
8.316543971886858e-05
0.00016220177349168807
0.00017156705143861473
0.00033175930730067194
0.000268575589871034
6.565063813468441e-05
3.7164783861953765e-05
