9.815586236072704e-05
0.00023055631027091295
0.0004013442958239466
0.00036373749026097357
0.00021780998213216662
0.00010719201236497611
0.0001325201301369816
0.00015911991067696363
0.00026822686777450144
0.00040800284477882087
0.0002575151447672397
0.00016299469280056655
0.000200919559574686
0.000549641961697489
0.000582538079470396
0.0006390005582943559
0.00036888770409859717
0.0002445743011776358
0.00023022718960419297
0.0001589254243299365
0.0001914196473080665
0.00023139409313444048
0.00032346899388357997
0.000379076722310856
0.0003537869197316468
0.0002911743940785527
0.00016035416047088802
0.00016570252773817629
0.0004579559899866581
0.0011198385618627071
0.0025121753569692373
0.004376699682325125
0.004943877924233675
0.004463365767151117
0.00357114989310503
0.0026558516547083855
0.0021647182293236256
0.0012114628916606307
0.00018914096290245652
7.97161046648398e-05
0.0003000600263476372
0.00042329810094088316
0.00034940254408866167
0.0002771882282104343
0.00010324150207452476
0.00011254786659264937
0.00031287179444916546
0.0005474946228787303
0.0004753700050059706
0.0002386649139225483
8.252214320236817e-05
0.00010724871390266344
0.00012007299665128812
0.00013156267232261598
0.00013120361836627126
8.579849236411974e-05
8.374889148399234e-05
0.00011344027006998658
0.00016426495858468115
0.00024008617037907243
0.0003469041548669338
0.00031877841684035957
0.00010847861267393455
4.015399099444039e-05
