0.00010050337004940957
0.00038133346242830157
0.0004042787477374077
0.0003841156139969826
0.00023903892724774778
0.00011450769670773298
0.00014015000488143414
0.00015980809985194355
0.0002904731372836977
0.0004178917151875794
0.00025144117535091937
0.00018537558207754046
0.00030714788590557873
0.0005180149455554783
0.0006059813895262778
0.0006131562404334545
0.0004790951788891107
0.00026385305682197213
0.00020041089737787843
0.0001840590703068301
0.00018666220421437174
0.00020335812587291002
0.0003295836504548788
0.00041316598071716726
0.00043296359945088625
0.00033795495983213186
0.00013735333050135523
0.00011940109834540635
0.0005344191449694335
0.0012774924980476499
0.002361336024478078
0.004151165951043367
0.00484618591144681
0.004490873776376247
0.003796975826844573
0.0026352182030677795
0.0022434922866523266
0.0011996828252449632
0.0003217256162315607
6.497346475953236e-05
0.00022922440257389098
0.0005302551435306668
0.000395668059354648
0.00022148891002871096
0.00012084707850590348
0.00018964962509926409
0.0003057346912100911
0.000631513714324683
0.00044221378630027175
0.00018079769506584853
8.525318844476715e-05
0.00011023297702195123
0.00010611039033392444
0.00010836396540980786
0.00011955031368415803
8.668116061016917e-05
6.283412221819162e-05
7.537101919297129e-05
0.00017755125008989125
0.0002212508989032358
0.0002895006909966469
0.0003306121507193893
8.219300798373297e-05
3.747606388060376e-05
