9.950230742106214e-05
0.00027249346021562815
0.00045889895409345627
0.000357930053723976
0.00022754925885237753
0.00010946599650196731
0.00013070991553831846
0.00015736953355371952
0.0002987462794408202
0.00044088606955483556
0.000278923602309078
0.00017997485701926053
0.0001898936607176438
0.0005293586291372776
0.0006265020347200334
0.0005823918618261814
0.00029581593116745353
0.00025983399245887995
0.0002748842816799879
0.0001705946197034791
0.00019955253810621798
0.00024180659966077656
0.0003051643434446305
0.00042460899567231536
0.00042205076897516847
0.0003573465801309794
0.00021166118676774204
0.00012863040319643915
0.00035947098513133824
0.0009680045186541975
0.0020119184628129005
0.0038371894042938948
0.004800564609467983
0.004317591432482004
0.0034629858564585447
0.0026519829407334328
0.0021217772737145424
0.0011962340213358402
0.0003055557608604431
8.430991874774918e-05
0.0003065612690988928
0.00038230352220125496
0.00033345649717375636
0.00022088435071054846
8.297469321405515e-05
0.00013857727753929794
0.000385403138352558
0.0005409568548202515
0.0004158430965617299
0.00016628600133117288
7.052381261019036e-05
8.60079235280864e-05
0.00011938481475226581
0.00011833758617285639
0.00013572168245445937
8.570872159907594e-05
7.988909055711702e-05
9.830163617152721e-05
0.00016048848920036107
0.00023097236407920718
0.00035728802322410047
0.00030858616810292006
6.421795842470601e-05
3.412771548028104e-05
