9.634563321014866e-05
0.0002845044364221394
0.0003988769312854856
0.0003772590134758502
0.00021317449864000082
0.00012180747580714524
0.00013845945068169385
0.00016782691818661988
0.0002803149400278926
0.00037036341382190585
0.00019414244161453098
0.00016697417595423758
0.00024292865418829024
0.0004702235746663064
0.0006371678900904953
0.0005168105708435178
0.00043425578041933477
0.00033524990431033075
0.00028272360214032233
0.0001722253073239699
0.00016063092334661633
0.00020879808289464563
0.00028697337256744504
0.00039287403342314065
0.00038162749842740595
0.00032833818113431334
0.00021101789025124162
0.00012568318925332278
0.0002792827144730836
0.00085105822654441
0.0017458160873502493
0.004178438801318407
0.004605486523360014
0.00435103802010417
0.003720811801031232
0.0023247143253684044
0.0014478607336059213
0.0007982925162650645
0.00021865896997042
8.246603101724759e-05
0.00029560457915067673
0.0003936407738365233
0.000338496349286288
0.00026430722209624946
0.00010066922550322488
0.0001061298098647967
0.0003046108176931739
0.0005372316809371114
0.00042223031050525606
0.00021661313076037914
6.8549023126252e-05
0.00010255424422211945
0.00010624949936755002
0.0001212249553645961
0.00010621039109537378
8.555899694329128e-05
7.018391625024378e-05
0.00012911943485960364
0.00014670268865302205
0.00020038096408825368
0.000318598875310272
0.0003030698571819812
9.730311285238713e-05
3.580852717277594e-05
