9.740373934619129e-05
0.00041575237992219627
0.0003954061248805374
0.00035436946200206876
8.909446478355676e-05
0.00011717066809069365
0.00013590122398454696
0.0001751944364514202
0.0003900652227457613
0.0004028414550703019
0.0002543883747421205
0.00017262549954466522
0.00033421951229684055
0.0005094799562357366
0.0006832911167293787
0.0004567741125356406
0.0005331436987034976
0.00022799924772698432
0.0002594920224510133
0.00015674586757086217
0.00021266636031214148
0.0002413865295238793
0.00031937682069838047
0.0004168893792666495
0.00037644727854058146
0.000307470909319818
0.00014650821685791016
0.00013421472976915538
0.0005828014109283686
0.0010572756873443723
0.002293594880029559
0.0037387346383184195
0.004516029264777899
0.004038586281239986
0.0031881879549473524
0.0023145396262407303
0.0019226940348744392
0.001184901804663241
0.0003423411981202662
8.855864143697545e-05
0.00025679238024167717
0.00038476919871754944
0.0003370002668816596
0.0002905628934968263
8.770490239840001e-05
0.00011549387272680178
0.00038043069071136415
0.0005230939714238048
0.0004877573228441179
0.0002395625488134101
7.184615969890729e-05
9.991881961468607e-05
0.00010699752601794899
0.00011094709043391049
0.00013660435797646642
8.558903937228024e-05
7.18063092790544e-05
0.00010010450932895765
0.0001580810931045562
0.00021646641835104674
0.00032275367993861437
0.00020202664018142968
9.137875895248726e-05
4.069256829097867e-05
