9.703382238512859e-05
0.0004093926399946213
0.00037927867379039526
0.00036482681753113866
0.000284144829493016
0.0001105944684240967
0.0001497097546234727
0.0001659119880059734
0.00032551397453062236
0.00036417951923795044
0.0001861834607552737
0.00016680960834491998
0.00027842825511470437
0.0006705447449348867
0.0005698755267076194
0.0006064429180696607
0.00019743843586184084
0.0002904731372836977
0.0002752732834778726
0.00017207569908350706
0.00015123572666198015
0.00021148240193724632
0.00035059190122410655
0.0003930124221369624
0.000386818777769804
0.0003269223961979151
9.97921742964536e-05
0.0001523577666375786
0.00041534844785928726
0.0010524415411055088
0.002518261317163706
0.004161756485700607
0.004469255916774273
0.004040772095322609
0.0030627029482275248
0.0023422199301421642
0.0018947503995150328
0.0007812823751010001
0.0002308405819348991
7.774974073981866e-05
0.0002157603739760816
0.000385666819056496
0.0003070194215979427
0.0002888274611905217
8.060574327828363e-05
0.0001105713818105869
0.00041252095252275467
0.0005053658387623727
0.00042677827877923846
0.00019719440024346113
6.824568117735907e-05
9.369647887069732e-05
0.00010053925507236272
0.00011332581198075786
0.00011476202053017914
7.787530194036663e-05
6.246945122256875e-05
0.00012227219121996313
0.000146238919114694
0.00015934431576170027
0.00029027866548858583
0.00023582563153468072
8.262857591034845e-05
3.24792526953388e-05
