0.00010811626998474821
0.00033959781285375357
0.00039365291013382375
0.0003807457396760583
0.00023381771461572498
0.00011227858340134844
0.00014169093628879637
0.0001753944088704884
0.00032196921529248357
0.00033312549930997193
0.00021945562912151217
0.00017363160441163927
0.00028891160036437213
0.0005618174327537417
0.00047076214104890823
0.0006959775928407907
0.0004916320904158056
0.0002380066434852779
0.00024194028810597956
0.00014144119631964713
0.00018925426411442459
0.0002315661549801007
0.00037066140794195235
0.0004517623456194997
0.00042556869448162615
0.00038596600643359125
0.00019415370479691774
0.0001973533071577549
0.0007191140321083367
0.0014325374504551291
0.0029490988235920668
0.004712406080216169
0.005167687311768532
0.0046712676994502544
0.0036592641845345497
0.0025400689337402582
0.0019411405082792044
0.0010317960986867547
0.0002448286395519972
8.415283082285896e-05
0.00026704499032348394
0.000414241396356374
0.0003387671313248575
0.00013797324209008366
7.381886098301038e-05
0.0001255270472029224
0.00035597023088485
0.0005416749627329409
0.00045623554615303874
0.0002028345043072477
7.513164018746465e-05
9.232127194991335e-05
0.00011905569408554584
0.0001102888272725977
0.00012942332250531763
8.840481314109638e-05
5.8066387282451615e-05
0.000127768304082565
0.0001549814478494227
0.00021118247241247445
0.0003288767475169152
0.0002302724460605532
8.691267430549487e-05
3.527686567394994e-05
