0.00010446443047840148
0.0003780369588639587
0.00042450428009033203
0.0004037839826196432
0.00022659479873254895
0.00011057139636250213
0.00014422890671994537
0.0001865499943960458
0.00036869695759378374
0.00042615929851308465
0.0002446640864945948
0.00019522894581314176
0.0003290712193120271
0.0006586810341104865
0.0007077963673509657
0.0005197727587074041
0.0007356528658419847
0.00027537476853467524
0.0002889192837756127
0.00018081169400829822
0.00021492350788321346
0.00022566890402231365
0.00032452322193421423
0.0004301013541407883
0.0003992060956079513
0.0003353696083649993
0.00020738250168506056
0.00014182557060848922
0.00041144376154989004
0.0010909648844972253
0.0024499918799847364
0.004328492563217878
0.005245272535830736
0.004890738055109978
0.004262486472725868
0.002881063846871257
0.0021905149333178997
0.0011462706606835127
0.0003003948659170419
7.06223290762864e-05
0.00037001626333221793
0.000397944706492126
0.0003531828406266868
0.00025223035481758416
9.570700785843655e-05
0.00013096330803819
0.0003866111801471561
0.000599437509663403
0.0004546497075352818
0.0002225524658570066
8.47206320031546e-05
0.00014331414422485977
0.0001283723395317793
0.00014080264372751117
0.00012794315989594907
8.467644511256367e-05
7.131671736715361e-05
8.018829976208508e-05
0.00017192610539495945
0.00023512572806794196
0.0003666792472358793
0.00031612374004907906
6.657050107605755e-05
3.3746222470654175e-05
