3.197310070390813e-05
3.907683276338503e-05
3.677252971101552e-05
4.13412089983467e-05
3.6294182791607454e-05
4.070753129781224e-05
3.5280616430100054e-05
3.743398337974213e-05
3.772625859710388e-05
3.9850106986705214e-05
3.731897959369235e-05
3.5561115510063246e-05
3.728157753357664e-05
4.22335033363197e-05
4.2861847759922966e-05
3.919531445717439e-05
3.91799294447992e-05
3.721145185409114e-05
4.0279290260514244e-05
3.6937482946086675e-05
3.764062421396375e-05
3.7625664845108986e-05
3.608473707572557e-05
3.615953755797818e-05
3.9076836401363835e-05
3.9660295442445204e-05
3.917223875760101e-05
4.7871195420157164e-05
3.9849081076681614e-05
7.37702357582748e-05
7.640329567948356e-05
6.465929618570954e-05
6.919232691871002e-05
5.88396615057718e-05
5.122476432006806e-05
5.747825707658194e-05
6.449473585234955e-05
5.318459079717286e-05
4.4791751861339435e-05
3.940596798202023e-05
4.081225415575318e-05
4.047977927257307e-05
3.920300514437258e-05
3.6187979276292026e-05
3.558036041795276e-05
3.5955701605416834e-05
3.645874676294625e-05
3.544143328326754e-05
3.4962697100127116e-05
3.53367104253266e-05
3.463356915744953e-05
3.4304437576793134e-05
3.563592326827347e-05
3.4857974242186174e-05
3.524694693624042e-05
3.527686931192875e-05
3.258397555327974e-05
3.469341027084738e-05
3.470836963970214e-05
3.397530599613674e-05
3.533423659973778e-05
3.574187940103002e-05
3.508237932692282e-05
3.32572017214261e-05
