0.00010105819819727913
0.00031955409212969244
0.0004400482284836471
0.0004178019589744508
0.00022568070562556386
0.0001159630628535524
0.00014859145449008793
0.0001714473619358614
0.0003632150765042752
0.00039477585232816637
0.00023329518444370478
0.00017467141151428223
0.0003270365996286273
0.0005801832885481417
0.0006427930202335119
0.0005439190426841378
0.0004319834115449339
0.0002574537938926369
0.00019775633700191975
0.00016341122682206333
0.0002023978449869901
0.00023420668730977923
0.00032257838756777346
0.00045816542115062475
0.0004336301935836673
0.00037806687760166824
0.0002268311509396881
0.00014628379722125828
0.00040821227594278753
0.0013628524029627442
0.0028399680741131306
0.0045484635047614574
0.005195917095988989
0.004493699409067631
0.0034943155478686094
0.00283556105569005
0.0020602997392416
0.0010946778347715735
0.0002474934735801071
6.598237087018788e-05
0.00026235581026412547
0.00039036443922668695
0.0003299539093859494
0.00025317660765722394
0.00010201567056355998
0.00011836750491056591
0.0003169233095832169
0.0005407473654486239
0.0004943698877468705
0.0002329051203560084
8.461660763714463e-05
0.00010994069452863187
0.00011946263839490712
0.00013585499254986644
0.000115703594929073
8.880834502633661e-05
6.420206045731902e-05
0.00012052181409671903
0.00014869243022985756
0.00019664084538817406
0.0003286972059868276
0.0003247027925681323
9.094071720028296e-05
3.720324093592353e-05
