9.758736996445805e-05
0.0003833628725260496
0.0004025133966933936
0.0003727344155777246
0.00022973348677624017
0.00010691759962355718
0.00014275917783379555
0.0001643560826778412
0.0003022619930561632
0.0003893620742019266
0.00021103284962009639
0.00015877581608947366
0.00024215070880018175
0.0004731558437924832
0.0006602369248867035
0.0004750109510496259
0.0006718462682329118
0.00020162270811852068
0.0002662835468072444
0.00015019690908957273
0.00018416567763779312
0.0002121735888067633
0.00029629276832565665
0.0004170389729551971
0.00039782971725799143
0.0003066286153625697
0.00015869640628807247
0.00013973713794257492
0.0006481881719082594
0.0012128452071920037
0.002710588974878192
0.004002727102488279
0.0048361471854150295
0.004206343088299036
0.0032834152225404978
0.0023583571892231703
0.001844597514718771
0.0009014451643452048
0.00021754066983703524
7.436866144416854e-05
0.0002133517264155671
0.0003786162706092
0.00032442272640764713
0.00017572606157045811
8.62173837958835e-05
0.00012899226567242295
0.00048357396735809743
0.000528734119143337
0.00041460045031271875
0.00023983183200471103
8.03379007265903e-05
7.429385732393712e-05
0.00011137129331473261
0.00013447996752802283
0.00011962418648181483
7.927571277832612e-05
6.779217073926702e-05
0.00010789478983497247
0.00015410463674925268
0.00024948042118921876
0.00033349954173900187
0.0002690945693757385
9.404172305949032e-05
3.7655587220797315e-05
