0.00010479832417331636
0.0002926573797594756
0.00041613486246205866
0.00038491550367325544
0.00014242398901842535
9.728835721034557e-05
0.00014897296205163002
0.00017658348951954395
0.00036123633617535233
0.0003102957853116095
0.00024461917928420007
0.0001841937191784382
0.00029942570836283267
0.0005851376918144524
0.0006337242084555328
0.0005895448266528547
0.0005691857659257948
0.00030187208903953433
0.00030071017681621015
0.00016264310397673398
0.00019034901924896985
0.00021422412828542292
0.000339639896992594
0.00041541390237398446
0.00040887415525503457
0.0003197386977262795
0.00016222981503233314
0.0001596706424606964
0.0005342648946680129
0.0013283740263432264
0.003067679237574339
0.004788323305547237
0.005213513039052486
0.004705302882939577
0.0037994778249412775
0.0027516286354511976
0.002152048982679844
0.0009921675082296133
0.00032763773924671113
8.285126386908814e-05
0.0002735079324338585
0.0004162909754086286
0.0003409199707675725
0.00027804094133898616
0.00010530697909416631
0.0001120541783166118
0.00041454273741692305
0.0005711086560040712
0.00048533425433561206
0.00014941803237888962
7.642572745680809e-05
8.380536019103602e-05
0.0001226162858074531
0.0001282115263165906
0.00012937842984683812
8.819216600386426e-05
7.477259350707754e-05
9.802121348911896e-05
0.00016018211317714304
0.00019770307699218392
0.00033448971225880086
0.00029950926546007395
9.374252113047987e-05
3.7401256122393534e-05
