0.00010214162466581911
0.0004042776708956808
0.00043677081703208387
0.0003989068209193647
0.00025928046670742333
0.00010671326890587807
0.00013796576240565628
0.00016781839076429605
0.00031985409441404045
0.0003693963517434895
0.00024482302251271904
0.00019570735457818955
0.00032115713111124933
0.0005650432431139052
0.0006761642871424556
0.0005561211728490889
0.0004826679069083184
0.00022628060833085328
0.00026590051129460335
0.00017726699297782034
0.00020174613746348768
0.0002264000941067934
0.00032652795198373497
0.00042902235873043537
0.00042036024387925863
0.00038144795689731836
0.0002342814696021378
0.00014372555597219616
0.00046321991248987615
0.0011968262260779738
0.003506113775074482
0.005111096426844597
0.005144208669662476
0.0046674227342009544
0.0036684353835880756
0.002802476519718766
0.0022321073338389397
0.00118943490087986
0.0002807338605634868
7.121200178517029e-05
0.000264337140833959
0.00043170031858608127
0.00036140086012892425
0.00030429664184339345
0.00011329589324304834
0.00010590540478006005
0.0002981478755827993
0.0005712668062187731
0.0005601212615147233
0.00026306547806598246
9.214173769578338e-05
9.170788689516485e-05
0.00013207131996750832
0.0001113959078793414
0.00014731606643181294
8.644178160466254e-05
8.497565431753173e-05
0.00010793324327096343
0.0001540738740004599
0.00025108587578870356
0.0003691260935738683
0.00025369273498654366
7.915975584182888e-05
3.385562013136223e-05
