0.00010082536755362526
0.00024219558690674603
0.0003814030496869236
0.00034776609390974045
0.00021830465993843973
0.00010606423893477768
0.00015884407912380993
0.0001661401183810085
0.000318705482641235
0.00034450393286533654
0.00021700584329664707
0.00018657244800124317
0.00028315745294094086
0.00052245071856305
0.0006691085291095078
0.0004932328592985868
0.000728546641767025
0.00017653392569627613
0.0003170579730067402
0.00016018211317714304
0.00016021203191485256
0.00023631611838936806
0.00024164204660337418
0.00041519885417073965
0.00039925097371451557
0.00033906486351042986
0.00021450368512887508
0.00014729805116076022
0.00044435448944568634
0.0008489338215440512
0.002756285946816206
0.003753769677132368
0.0046300082467496395
0.0041327644139528275
0.003810425056144595
0.002557767555117607
0.0019145249389111996
0.0009562548366375268
0.00023733315174467862
8.926932059694082e-05
0.00030047327163629234
0.0003873900859616697
0.00032792487763799727
0.0002144466561730951
8.175073162419721e-05
0.0001292288361582905
0.0003447498311288655
0.0005371718434616923
0.0004594370548147708
0.00021254384773783386
7.686707249376923e-05
9.302440594183281e-05
0.0001245312305400148
0.00011190456280019134
0.00013184691488277167
9.038201096700504e-05
6.307348667178303e-05
0.00011456753418315202
0.00016173800395336002
0.00022657487716060132
0.00041363362106494606
0.0003229537105653435
7.769736839691177e-05
3.8753314584027976e-05
