0.00011325100786052644
0.0005309332627803087
0.0004915572935715318
0.000494160398375243
0.0004230830236338079
0.00012246667756699026
0.00017083398415707052
0.0002071580820484087
0.00038574618520215154
0.0004547071876004338
0.0002397364442003891
0.00020017153292428702
0.00026723946211859584
0.0005052161868661642
0.0008571470971219242
0.0005607196362689137
0.0008332551806233823
0.000305832625599578
0.0003076170396525413
0.00019150941807311028
0.0002422554389340803
0.0002841149107553065
0.000318598875310272
0.0005100035923533142
0.00045574549585580826
0.00037281695404089987
0.00021546654170379043
0.0001914140157168731
0.0005515750381164253
0.0012953103287145495
0.0027027647010982037
0.004761928226798773
0.0056793359108269215
0.0052144089713692665
0.004551149904727936
0.002979827579110861
0.0018454398959875107
0.0010064576053991914
0.0002725607482716441
7.736076804576442e-05
0.0002833220351021737
0.0004634464858099818
0.00037046693614684045
0.0003178358601871878
0.00011926513980142772
7.800406456226483e-05
0.0004311561060603708
0.0006916689453646541
0.0005362293450161815
0.0003033541433978826
8.907483424991369e-05
0.00012117012374801561
0.00011788876872742549
0.00015295618504751474
0.00014499720418825746
9.478974970988929e-05
6.772267079213634e-05
0.00012332371261436492
0.0001666010939516127
0.0002552710648160428
0.0003805054584518075
0.00032242879387922585
0.00010753609967650846
3.901699528796598e-05
