9.465022594667971e-05
0.00032126184669323266
0.0003877762355841696
0.0003554805589374155
8.778823394095525e-05
0.00010666838352335617
0.0001327295758528635
0.00016574740584474057
0.0001918534835567698
0.00039232231210917234
0.0002970557543449104
0.0001811937108868733
0.00025520790950395167
0.000593173666857183
0.0005976122920401394
0.0006017563282512128
0.0005497685633599758
0.00020703839254565537
0.00028782509616576135
0.00016499939374625683
0.0001621568953851238
0.00020955954096280038
0.0002927880850620568
0.0003955603751819581
0.00040503410855308175
0.00034450393286533654
0.00018914563406724483
0.0001325650082435459
0.0003590072155930102
0.0009296606294810772
0.0027240870986133814
0.004233854822814465
0.004612248856574297
0.004297786857932806
0.0032650858629494905
0.0024688467383384705
0.001997178653255105
0.0010593533515930176
0.00026397808687761426
6.636478792643175e-05
0.00016689937910996377
0.0003676099004223943
0.0003136470913887024
0.00017289852257817984
8.810895087663084e-05
0.00012067141506122425
0.00030700446222908795
0.0006351930205710232
0.0007116262568160892
0.00044503010576590896
0.0002372331655351445
0.0001797015720512718
0.00014237631694413722
0.00012005896860500798
0.0001349848898826167
8.37638508528471e-05
5.864517152076587e-05
8.64567409735173e-05
0.00017231506353709847
0.0001578183437231928
0.0002695134317036718
0.0003632260486483574
8.136718679452315e-05
3.8095440686447546e-05
