9.74873109953478e-05
0.0002537450927775353
0.00039812162867747247
0.0003703023830894381
0.00027717326884157956
0.00010967544949380681
0.00014738236495759338
0.0001626267039682716
0.0003777078236453235
0.000373354327166453
0.00021757061767857522
0.00016785685147624463
0.00024173180281650275
0.0004750109510496259
0.0005954973748885095
0.0005603960016742349
0.00045186132774688303
0.0002555079117882997
0.00020670551748480648
0.00015725452976766974
0.00018211420683655888
0.00021709185966756195
0.00025123171508312225
0.0004134634218644351
0.00040279654785990715
0.00034044389030896127
0.00019546892144717276
0.0001911279105115682
0.0005217709112912416
0.001207520137540996
0.002613121410831809
0.004141501151025295
0.004791834391653538
0.00435923645272851
0.0035757848527282476
0.002475275192409754
0.002077789744362235
0.0012837907997891307
0.0002506398013792932
8.032116602407768e-05
0.0002577614795882255
0.00036340372753329575
0.0003264381957706064
0.00024165981449186802
8.938900282373652e-05
8.928427996579558e-05
0.00026083638658747077
0.0005308029358275235
0.00045602835598401725
0.00019546892144717276
6.766729347873479e-05
9.471494558965787e-05
0.00011866671411553398
0.00011953442299272865
0.00013388156367000192
8.389850700041279e-05
6.232332088984549e-05
0.00013842953194398433
0.00014345977979246527
0.0002610158990137279
0.0003305224236100912
0.0002866881259251386
0.00011142582661705092
4.067760892212391e-05
