3.901841409970075e-05
6.16080142208375e-05
6.476402631960809e-05
7.469778938684613e-05
6.792069325456396e-05
5.342395888874307e-05
4.8978756240103394e-05
4.794042251887731e-05
6.129318353487179e-05
6.931201642146334e-05
7.008996180957183e-05
6.599078915314749e-05
6.692019815091044e-05
7.854264549678192e-05
8.021310350159183e-05
7.878289034124464e-05
6.569983816007152e-05
5.55866863578558e-05
5.08021330460906e-05
5.035705544287339e-05
4.3871677917195484e-05
4.31311345892027e-05
4.821770198759623e-05
5.2773175411857665e-05
5.590740329353139e-05
4.77389658044558e-05
4.6841341827530414e-05
4.369963426142931e-05
6.744194979546592e-05
0.00013311856309883296
0.00024586092331446707
0.0006233100430108607
0.0006805186276324093
0.0005019333329983056
0.0004463784280233085
0.00045006617438048124
0.000468536774860695
0.0002910266921389848
9.457330452278256e-05
6.241560913622379e-05
0.00010940896754618734
7.689699123147875e-05
7.240883132908493e-05
6.0440434026531875e-05
5.626645724987611e-05
4.0557926695328206e-05
5.0162569095846266e-05
8.359929051948711e-05
6.335396756185219e-05
5.2586015954148024e-05
4.1487346607027575e-05
3.7815476389368996e-05
4.5095632231095806e-05
4.323585380916484e-05
4.933974196319468e-05
4.435789378476329e-05
4.028863986604847e-05
3.822408689302392e-05
4.791849642060697e-05
4.422324855113402e-05
5.134445018484257e-05
5.55333899683319e-05
4.6572047722293064e-05
3.464313340373337e-05
