9.701044473331422e-05
0.0002486884477548301
0.00040989817352965474
0.00038189676706679165
0.00023499959206674248
0.00010945664689643309
0.00014607436605729163
0.00017107336316257715
0.0002948715118691325
0.0003889135259669274
0.00022138890926726162
0.0001752800599206239
0.00030791241442784667
0.0006331827607937157
0.0006784034776501358
0.0005852915346622467
0.00037604066892527044
0.0002930164337158203
0.0002743456861935556
0.00016404961934313178
0.00018083222676068544
0.00022032333072274923
0.00032720115268602967
0.0004319995059631765
0.00041567758307792246
0.0003576009185053408
0.000215625754208304
0.00014184052997734398
0.000503970542922616
0.0011266422225162387
0.003191105555742979
0.00459158793091774
0.004965752363204956
0.004412510897964239
0.003696860047057271
0.0027456714306026697
0.0020682835020124912
0.0011450477177277207
0.00011805613030446693
7.373939297394827e-05
0.0003243166138418019
0.0004018241597805172
0.0003655299951788038
0.000300002982839942
0.00012653593148570508
0.000121639299322851
0.0003525424690451473
0.0005508341710083187
0.00039851697511039674
0.00018874356464948505
8.596305997343734e-05
0.000111825080239214
0.00011996359535260126
0.0001385192881571129
0.0001221674756379798
8.617249841336161e-05
7.44733915780671e-05
9.260551451006904e-05
0.00016277027316391468
0.00018962437752634287
0.00032126184669323266
0.0003953013801947236
8.780488860793412e-05
3.6757141060661525e-05
