0.00010850241233129054
0.0004169963067397475
0.0004400931065902114
0.00044256163528189063
0.00031198631040751934
0.0001298272400163114
0.00018228983390145004
0.0002000760578084737
0.0003581571509130299
0.0003912470710929483
0.00023797152971383184
0.00019648470333777368
0.00031104384106583893
0.0005086570745334029
0.0007758816936984658
0.0006557677406817675
0.0005412737373262644
0.00033778013312257826
0.0002984321035910398
0.0001965510891750455
0.00018726060807239264
0.00027229610714130104
0.00035466879489831626
0.0004959791549481452
0.0004577278159558773
0.00036132140667177737
0.00019939358753617853
0.00013236211088951677
0.0004116831405553967
0.001048566773533821
0.0021821241825819016
0.004153813701122999
0.005421416833996773
0.0048013417981565
0.0038156977389007807
0.0028363761957734823
0.0021370779722929
0.0012414376251399517
0.00041008234256878495
7.264821033459157e-05
0.0003460124717094004
0.00043541716877371073
0.0003713402256835252
0.000219088135054335
0.00010235134686809033
0.00010780351294670254
0.0003096674627158791
0.0005643400945700705
0.0005518032121472061
0.00022177382197696716
8.234468259615824e-05
9.904969192575663e-05
0.0001208316971315071
0.00014240902964957058
0.00013468939869198948
9.161812340607867e-05
8.162450831150636e-05
0.0001256234390893951
0.00015413900837302208
0.00020706755458377302
0.0003932667605113238
0.000339334161253646
0.00011666200589388609
4.073745367350057e-05
