0.0001010263804346323
0.0003665828553494066
0.00041859489283524454
0.0004076139011885971
0.0003223539679311216
9.492439130553976e-05
0.00012879497080575675
0.00017377153562847525
0.0004817132430616766
0.00044251675717532635
0.000245147617533803
0.00019771802180912346
0.000292567623546347
0.00047677630209363997
0.0006126728840172291
0.0006181645439937711
0.0002357625780859962
0.00023641787993256003
0.00026661111041903496
0.00017687803483568132
0.0001848370156949386
0.00023384895757772028
0.00034652010072022676
0.00045375345507636666
0.0004296721890568733
0.00036289505078457296
0.00019001521286554635
0.00016695921658538282
0.0004676307726185769
0.00121106777805835
0.0027344808913767338
0.004500522743910551
0.005303228739649057
0.004790248349308968
0.003860453376546502
0.002779631409794092
0.002261010929942131
0.0012523587793111801
0.00023845792748034
7.629088213434443e-05
0.0002751978172454983
0.0004335789126344025
0.00036476406967267394
0.00023477704962715507
9.952194523066282e-05
0.00013907001994084567
0.00035359617322683334
0.0005797737394459546
0.0004678373516071588
0.0002049888134934008
9.004308230942115e-05
0.0001178812890429981
0.0001282133744098246
0.00013838465383742005
0.00012750837777275592
8.95236516953446e-05
7.526628905907273e-05
8.199852163670585e-05
0.00016411671822424978
0.0001668096228968352
0.0003118965541943908
0.0003932368417736143
0.00012617687752936035
4.200909097562544e-05
