9.813441283768043e-05
0.0003685220726765692
0.00038460787618532777
0.00036577164428308606
0.00023818689805921167
0.00010251081403112039
0.00014935444050934166
0.00017818895867094398
0.00034016446443274617
0.00038149283500388265
0.00022847681248094887
0.00019188341684639454
0.00024879316333681345
0.00047925973194651306
0.0006917587597854435
0.0006152110290713608
0.0004795426211785525
0.00018760471721179783
0.0002739518531598151
0.00016862599295563996
0.00018752372125163674
0.0002169422514270991
0.0003358408866915852
0.0004016750317532569
0.0003720826643984765
0.00033765961416065693
0.00016963714733719826
0.00014558066322933882
0.0003979045432060957
0.0010818388545885682
0.002154013141989708
0.004372700117528439
0.00464713666588068
0.0040556578896939754
0.00317641394212842
0.0023456125054508448
0.0019683088175952435
0.0011157692642882466
0.00028194565675221384
8.051742770476267e-05
0.0002630056405905634
0.0003928777587134391
0.0003268870059400797
0.0002769488492049277
0.00010843372729141265
0.00011471678590169176
0.0003378826950211078
0.0005064471624791622
0.00034534637234173715
0.00016043362847995013
6.731759640388191e-05
7.88136530900374e-05
0.00010060938075184822
0.00011209905642317608
0.00012011788203381002
7.818358426447958e-05
6.259251676965505e-05
9.661151125328615e-05
0.00013852957636117935
0.00017780180496629328
0.00034078527824021876
0.0002287460956722498
9.266535198548809e-05
3.683276008814573e-05
