0.00010207550803897902
0.00042913176002912223
0.0004059682250954211
0.00038285425398498774
0.00030015260563232005
0.00011160203575855121
0.0001410062104696408
0.0001792698458302766
0.0003730364260263741
0.00037915899883955717
0.00022877601440995932
0.00017321269842796028
0.0002324114175280556
0.0005221770261414349
0.000574408215470612
0.0005989822093397379
0.00030819850508123636
0.0002765823155641556
0.0002502592687960714
0.00016013723507057875
0.0002014682104345411
0.0002137472474714741
0.00031336271786130965
0.00040397848351858556
0.00037537049502134323
0.0003159314510412514
0.00013474923616740853
0.000158147478941828
0.0004816471482627094
0.0011755594750866294
0.002416326431557536
0.0043412684462964535
0.00478837825357914
0.004392867907881737
0.0038405258674174547
0.002576767234131694
0.002176588634029031
0.0009226357797160745
0.00024107117496896535
0.00010293947707396
0.0003347599704284221
0.0003664575342554599
0.0003318033996038139
0.00022362961317412555
9.13189142011106e-05
0.0001118447253247723
0.0003061956667806953
0.000524126342497766
0.00048288016114383936
0.0002524136216379702
7.866232772357762e-05
7.87520912126638e-05
0.00013148786092642695
0.00012199310003779829
0.00011314800212858245
8.459603122901171e-05
6.634796591242775e-05
0.00010873293649638072
0.00015502072346862406
0.00020035104535054415
0.00032848777482286096
0.0002997187548317015
9.260551451006904e-05
4.0228791476693004e-05
