0.0001003401048365049
0.00043953960994258523
0.00041095007327385247
0.0003855321556329727
0.00029895573970861733
0.00011473242921056226
0.00015925735351629555
0.00017449930601287633
0.00030325501575134695
0.00039944544550962746
0.00026346941012889147
0.00017910933820530772
0.000273067329544574
0.0006699649966321886
0.0005364901735447347
0.0006081314058974385
0.0004776767164003104
0.0002642473846208304
0.00026206314214505255
0.0001749929942889139
0.00019302041619084775
0.00023308751406148076
0.0003364289877936244
0.0004242995346430689
0.00038849437260068953
0.00031300363480113447
0.00020068019512109458
0.00019598424842115492
0.00047516057384200394
0.0011748183751478791
0.002766577061265707
0.004382368642836809
0.004660109523683786
0.004202413372695446
0.003593670204281807
0.0023851727601140738
0.0018741313833743334
0.0010891546262428164
0.0003014391695614904
6.516795110655949e-05
0.00019245191651862115
0.00043895613634958863
0.00033049247576855123
0.00026475402410142124
8.683576743351296e-05
0.00011565539170987904
0.000396355171687901
0.0005487363087013364
0.0004702684818767011
0.00022318080300465226
7.590959285153076e-05
8.419770892942324e-05
0.0001291091466555372
0.00011325101513648406
0.00014553578512277454
8.429760782746598e-05
6.612286233576015e-05
0.00013914763985667378
0.0001580726820975542
0.0001879787159850821
0.00031871855026111007
0.000341608130838722
0.00012046197662129998
3.700381057569757e-05
