0.00010247236059512943
0.00033949868520721793
0.0003333050408400595
0.00035327731166034937
0.00020754439174197614
0.0001123019537772052
0.00016133455210365355
0.0002497656096238643
0.0004175039066467434
0.00042291864519938827
0.00021161630866117775
0.00015820731641724706
0.00018437323160469532
0.00046205244143493474
0.0005452194018289447
0.00047165132127702236
0.00034083015634678304
0.0002934951626230031
0.00028534166631288826
0.00020048570877406746
0.0001741220912663266
0.00018613158317748457
0.0002800819056574255
0.00043250160524621606
0.0004643141583073884
0.0003995052829850465
0.00017023348482325673
0.0001871083804871887
0.000713062530849129
0.0011343202786520123
0.0020701598841696978
0.003780130296945572
0.0046216887421905994
0.004126208368688822
0.003182065673172474
0.0024296247866004705
0.001955581596121192
0.0007114766631275415
0.0002578741987235844
6.959626625757664e-05
0.00023953261552378535
0.0004447608080226928
0.0003049153892789036
0.0002769657876342535
0.00010222622950095683
0.00011131745850434527
0.00041042649536393583
0.0005298412288539112
0.0004448655527085066
0.000207292745471932
7.745052425889298e-05
0.00010460384510224685
0.00012038717977702618
0.00010336211562389508
0.00014605940668843687
8.45866888994351e-05
6.770728941773996e-05
0.00010459518671268597
0.00014084469876252115
0.00021308244322426617
0.0003147241077385843
0.00022706293384544551
4.53340653621126e-05
3.651859151432291e-05
