0.00011177125270478427
0.0004499820643104613
0.0004706873733084649
0.0004423855571076274
0.00029570309561677277
0.0001391775585943833
0.00016510410932824016
0.00020225095795467496
0.00038166975718922913
0.0004452621506061405
0.0002322019572602585
0.00020094520004931837
0.0004108902357984334
0.0006605660892091691
0.0007298631244339049
0.0007684696465730667
0.0005509878974407911
0.00040896033169701695
0.00037140940548852086
0.00019293064542580396
0.00020219119323883206
0.0002639631275087595
0.0002851023164112121
0.000502179202158004
0.0004617139929905534
0.00038124670390971005
0.00021643565560225397
0.00012960756430402398
0.0006338186212815344
0.001367225544527173
0.002558470703661442
0.0049455780535936356
0.005394116509705782
0.004631021060049534
0.0037469430826604366
0.0027733035385608673
0.0022782753221690655
0.0013621089747175574
0.00037200789665803313
8.038277883315459e-05
0.00031115071033127606
0.0004015904269181192
0.0003397231048438698
0.0002547025796957314
9.128139936365187e-05
0.00018936350534204394
0.00040741940028965473
0.0005786273977719247
0.0004889840492978692
0.00021849815675523132
7.710642967140302e-05
0.00010201695840805769
0.00011681679461617023
0.00012536192662082613
0.00010311432561138645
8.95236516953446e-05
7.264821033459157e-05
0.00011194944818271324
0.00018220396304968745
0.00021468184422701597
0.0003590109117794782
0.00028979609487578273
5.916318332310766e-05
3.425955219427124e-05
