0.00010354146070312709
0.0003176713362336159
0.0003778723767027259
0.0004134784103371203
0.00037649599835276604
0.0001340461167274043
0.00016841037722770125
0.00017395612667314708
0.00031711594783701
0.00031791068613529205
0.00023976824013516307
0.00020268395019229501
0.00032121696858666837
0.0006149066612124443
0.0007826587534509599
0.000634039577562362
0.0005230220849625766
0.0002747363760136068
0.00028688262682408094
0.00023844049428589642
0.0002878999221138656
0.00031328792101703584
0.0003077375586144626
0.00040070211980491877
0.0004171287582721561
0.00032558542443439364
0.00022834214905742556
0.0001609192113392055
0.0004469157720450312
0.0011190123623237014
0.0023642403539270163
0.004872267600148916
0.005095726810395718
0.0045440285466611385
0.003697144566103816
0.0028089992702007294
0.002292368095368147
0.0012370542390272021
0.00034617111668922007
6.425536412280053e-05
0.00022397369320970029
0.0004283042508177459
0.0003584985388442874
0.00029150539194233716
0.00011408879800001159
0.00010285346070304513
0.00030404230346903205
0.0005872990004718304
0.00033845147117972374
0.00019782273739110678
8.597801206633449e-05
8.151978545356542e-05
0.00011420172813814133
0.0001306151389144361
0.0001262695004697889
9.175056766252965e-05
6.335773650789633e-05
0.0001216288874275051
0.00019058184989262372
0.00022604696277994663
0.00035339384339749813
0.0002836199419107288
9.953424159903079e-05
3.3205771615030244e-05
