9.37724398681894e-05
0.0002706214727368206
0.0003774712386075407
0.00035469859722070396
0.0002543734444770962
9.495431004324928e-05
0.0001261170400539413
0.00015130497922655195
0.0002941724960692227
0.00039212999399751425
0.00020794538431800902
0.00017305469373241067
0.00025884289061650634
0.0005521323182620108
0.0005717604653909802
0.0005131602520123124
0.000575560494326055
0.00020877382485195994
0.00032690196530893445
0.00016419574967585504
0.00017260243475902826
0.00019370760128367692
0.00030848465394228697
0.00037848856300115585
0.00036021898267790675
0.0003136020677629858
0.0001868716353783384
0.0001040951901813969
0.0003032194508705288
0.0008231718093156815
0.001816803589463234
0.004083577077835798
0.004662019666284323
0.0041442993097007275
0.003203656990081072
0.0025910695549100637
0.0021283412352204323
0.0013355242554098368
0.00024364740238524973
7.333738176384941e-05
0.0002542926522437483
0.00033755754702724516
0.00033816162613220513
0.00022859648743178695
9.257559577235952e-05
9.899365250021219e-05
0.00026373867876827717
0.0005064579308964312
0.0004893580917268991
0.00025998358614742756
9.329370368504897e-05
9.992522245738655e-05
0.00011204044130863622
0.00011658605217235163
8.934880315791816e-05
7.943966193124652e-05
5.520519698620774e-05
0.0001010161213343963
0.00013732152001466602
0.000208406345336698
0.00035038997884839773
0.00023935496574267745
8.745909872232005e-05
3.717684739967808e-05
