0.00010860105976462364
0.00046618428314104676
0.0004342942265793681
0.0004178169183433056
0.00032265318441204727
0.00011907036969205365
0.00017079751705750823
0.00018616850138641894
0.0003335893270559609
0.00045441032852977514
0.00024362470139749348
0.0001988454459933564
0.00035798989119939506
0.0005722542409785092
0.0006787730380892754
0.0005526260938495398
0.0006629298441112041
0.00021938083227723837
0.0003429695498198271
0.00019860068277921528
0.00018212916620541364
0.00023847041302360594
0.00020896831119898707
0.0003944935160689056
0.00036799616646021605
0.00031699283863417804
0.00019910694391001016
0.00021142650803085417
0.0005149676580913365
0.0011594091774895787
0.002407937776297331
0.00427565211430192
0.005141431000083685
0.004690057598054409
0.0038943239487707615
0.002673831069841981
0.0022052531130611897
0.0014307178789749742
0.00042389091686345637
6.326797301881015e-05
0.0001667198521317914
0.00048771241563372314
0.000358244200469926
0.0003401419962756336
0.00012586271623149514
8.509534382028505e-05
0.00022172961325850338
0.000569051830098033
0.0004465465899556875
9.346574370283633e-05
7.106894190656021e-05
9.952194523066282e-05
0.00011141180584672838
0.00012422360305208713
0.0001180383624159731
8.781815267866477e-05
7.629855826962739e-05
0.00010376604768680409
0.00016772220260463655
0.00020757698803208768
0.00033830184838734567
0.0003179406048730016
0.00010952023149002343
4.096185875823721e-05
