9.74883369053714e-05
0.00032800904591567814
0.00039358093636110425
0.00037446137866936624
0.000209074976737611
0.00011966158490395173
0.0001372177357552573
0.00015768370940349996
0.00033447539317421615
0.0003026210470125079
0.0002174808323616162
0.00016550804139114916
0.00023944285931065679
0.00047737470595166087
0.0006937335128895938
0.0005946442834101617
0.00046239086077548563
0.00029727828223258257
0.0002449025050736964
0.00016033826977945864
0.00018334096239414066
0.00020223607134539634
0.00026147966855205595
0.00038972109905444086
0.0003853675734717399
0.00035700248554348946
0.00024930184008553624
0.00012578791938722134
0.0005120387650094926
0.0011457091895863414
0.0023610563948750496
0.004456567578017712
0.004706254694610834
0.004228132776916027
0.003373461775481701
0.002495157765224576
0.0019422175828367472
0.001073822844773531
0.00027765199774876237
7.02246034052223e-05
0.00022386896307580173
0.0004013155121356249
0.00032651296351104975
0.00029515576898120344
0.00011114156950498
8.2821337855421e-05
0.00025899623869918287
0.000513564154971391
0.00042298788321204484
0.0001990531018236652
6.971594120841473e-05
0.0001038408518070355
0.00011214393452974036
0.00011929505126317963
0.0001264461752725765
8.330849959747866e-05
7.260332495206967e-05
7.263324368977919e-05
0.0001456748868804425
0.0002080904960166663
0.0003648184356279671
0.00031337791006080806
7.694186933804303e-05
3.746110087377019e-05
