0.0001021353600663133
0.0004482167132664472
0.00043938998715020716
0.0004411403788253665
0.0002915083314292133
0.00012180850899312645
0.00015205667295958847
0.0001611330226296559
0.00033339293440803885
0.0003709541051648557
0.00021843644208274782
0.00016478993347845972
0.0001952046441147104
0.00041020201751962304
0.0006978327292017639
0.00046473307884298265
0.000743970915209502
0.00019176372734364122
0.00027483634767122567
0.00016874134598765522
0.0001873468136182055
0.0002269882388645783
0.0003350143088027835
0.00044475708273239434
0.0004352515679784119
0.000357299781171605
0.00018793292110785842
0.00018726060807239264
0.0005792557494714856
0.0011155599495396018
0.002659562975168228
0.004004702903330326
0.005341363605111837
0.004650697577744722
0.0037157246842980385
0.002773399231955409
0.0022436240687966347
0.0012391594937071204
0.0003164852096233517
7.647342135896906e-05
0.0002877652586903423
0.0003720527747645974
0.0003231618320569396
0.000251018296694383
9.25735366763547e-05
0.00011723982606781647
0.000324353517498821
0.0005655313725583255
0.0005190455703996122
0.00018060317961499095
7.669699698453769e-05
0.00010188781743636355
0.00012820774281863123
0.0001436002494301647
0.00012689403956755996
8.903088018996641e-05
6.567660602740943e-05
0.00011027386790374294
0.00015401838754769415
0.00020166758622508496
0.000334890850353986
0.0003255555056966841
0.00011450769670773298
3.57649551006034e-05
