0.00010885261872317642
0.0004579111118800938
0.00045713313738815486
0.0004343781911302358
0.00037111027631908655
0.00011528564209584147
0.00016869354294613004
0.000191115599591285
0.0003404823655728251
0.0003392901853658259
0.00021061395818833262
0.00016791668895166367
0.00024985536583699286
0.0004933375748805702
0.0007539346115663648
0.0005219869199208915
0.0004921257495880127
0.00029244195320643485
0.00022021673794370145
0.00016980171494651586
0.00021680760255549103
0.00026550402981229126
0.00031274932553060353
0.0005010784952901304
0.00046342916903086007
0.00033084963797591627
0.000169970968272537
0.00015224743401631713
0.0005297028110362589
0.0012798411771655083
0.0027882938738912344
0.004883516114205122
0.005191202275454998
0.004764022305607796
0.0033241042401641607
0.0027026748284697533
0.002250747988000512
0.001399749657139182
0.00039753050077706575
6.299868255155161e-05
0.00015216328029055148
0.0004194627981632948
0.00034864290500991046
0.00024929328355938196
0.00010217239469056949
0.00015166957746259868
0.0003535615687724203
0.0005861076642759144
0.0005351820727810264
0.00027346305432729423
9.043624595506117e-05
9.01936728041619e-05
0.00012077017163392156
0.00012406977475620806
0.00010452903370605782
9.004726598504931e-05
7.797414582455531e-05
8.65465117385611e-05
0.00017632449453230947
0.0001631293271202594
0.0003680867375805974
0.00017965133883990347
8.52299781399779e-05
3.723669578903355e-05
