0.00010264401498716325
0.0004486514662858099
0.00041600671829655766
0.0004084815736860037
0.00028549128910526633
0.00011462737165857106
0.00015380894183181226
0.00017748646496329457
0.00042220039176754653
0.0004124012775719166
0.0002659592719282955
0.00021230537095107138
0.0003940821043215692
0.0006450221408158541
0.0006684951367788017
0.0005665243952535093
0.0006628700066357851
0.00029738747980445623
0.0002013328339671716
0.00018238536722492427
0.00021905168250668794
0.0002399963850621134
0.00029006917611695826
0.0004586890572682023
0.0004327624919824302
0.00035340391332283616
0.00021437434770632535
0.00017898371152114123
0.0005429465672932565
0.0011759516783058643
0.0025234329514205456
0.004265673458576202
0.005016561131924391
0.004545986652374268
0.00322343478910625
0.002638988196849823
0.0022570763248950243
0.0010496668983250856
0.0001247322652488947
8.539080590708181e-05
0.0002576946862973273
0.00043036878923885524
0.0003405459283385426
0.0003121359331998974
0.00011811318108811975
8.702524792170152e-05
0.00026845125830732286
0.000556411047000438
0.000575874641072005
0.0003031895321328193
7.879058102844283e-05
0.00010487207327969372
0.000124354352010414
0.000139551586471498
0.00012685010733548552
9.09149821382016e-05
7.409726094920188e-05
0.00011187892232555896
0.00016321123985107988
0.00022895554138813168
0.000331749179167673
0.00033824201091192663
0.00011923521378776059
4.188940874882974e-05
