0.00010154938354389742
0.0003985627554357052
0.00040993274888023734
0.0003903793985955417
0.0003415333339944482
0.00010912540165008977
0.00014071393525227904
0.000173594627995044
0.00030564036569558084
0.00039802415994927287
0.00023850036086514592
0.00018680842185858637
0.0003726231516338885
0.000556156737729907
0.0006314977654255927
0.0005664047203026712
0.0005368277779780328
0.0002557049156166613
0.00029537081718444824
0.00017141742864623666
0.00018835272931028157
0.0002119753771694377
0.0002858203952200711
0.00040293126949109137
0.0003958549350500107
0.00036374968476593494
0.0002010158495977521
0.00014659784210380167
0.00045270740520209074
0.0010892851278185844
0.0023909525480121374
0.0045957486145198345
0.0051315706223249435
0.004510389640927315
0.0038495163898915052
0.0027950117364525795
0.00201857415959239
0.0009726954740472138
0.00022199703380465508
7.070333958836272e-05
0.00029249375802464783
0.0003777826495934278
0.0003347599122207612
0.0002551813086029142
9.742279507918283e-05
0.00012144936044933274
0.0003211720904801041
0.0005470458418130875
0.00047825739602558315
0.00023375784803647548
7.385270873783156e-05
9.940349264070392e-05
0.00011072829511249438
0.000129991807625629
0.00012843591684941202
8.557407272746786e-05
7.430881669279188e-05
8.605280891060829e-05
0.0001581175602041185
0.0001850913540693
0.00032322166953235865
0.0003122705966234207
9.803618013393134e-05
3.7027246435172856e-05
