0.0001030799830914475
0.000296891201287508
0.0004038593906443566
0.0004015211889054626
0.0002283870562678203
0.00010092354932567105
0.00013218418462201953
0.00015158187306951731
0.00033713493030518293
0.0003306121798232198
0.00021948912763036788
0.0001720025175018236
0.0002993596426676959
0.00046727637527510524
0.0005551028880290687
0.0005326902028173208
0.00031671853503212333
0.00025242858100682497
0.00028252910124138
0.00017138750990852714
0.00018943118629977107
0.00021212077990639955
0.0002783128584269434
0.0003631811705417931
0.0003616851463448256
0.00040888553485274315
0.0003572717832867056
0.00023166339087765664
0.0003656945482362062
0.0007454669685102999
0.0018662929069250822
0.004277002532035112
0.005266725085675716
0.004388352856040001
0.0038664971943944693
0.0025113301817327738
0.0021969948429614305
0.0014337098691612482
0.00021862001449335366
8.203634206438437e-05
0.00026385305682197213
0.00037591258296743035
0.00034365770989097655
0.0002826637355610728
8.902995614334941e-05
0.00010105819819727913
0.00029090698808431625
0.0005080736591480672
0.0004900761414319277
0.00026984262512996793
8.95984485396184e-05
0.00010078025661641732
0.00011881655518664047
0.00014299622853286564
0.00011844230175483972
7.991900201886892e-05
6.702305836370215e-05
9.443069575354457e-05
0.00015820731641724706
0.00018676691979635507
0.00031491860863752663
0.00034195222542621195
8.52897937875241e-05
3.771087358472869e-05
