9.80651966528967e-05
0.00040700050885789096
0.00043994354200549424
0.00039018411189317703
0.00023649480135645717
0.00010705643217079341
0.00013222092820797116
0.00016315175162162632
0.00033954359241761267
0.00038807548116892576
0.00025123171508312225
0.00019673061615321785
0.0002437215589452535
0.0005987591575831175
0.0006231254665181041
0.0005780155188404024
0.00031155248871073127
0.00028820193256251514
0.00026022581732831895
0.00016911259444896132
0.00021178087627049536
0.0002293444995302707
0.00029464709223248065
0.0004173082998022437
0.00039576514973305166
0.0003293388581369072
0.0001658417022554204
0.00013145350385457277
0.0006455176626332104
0.0013342712773010135
0.002871210454031825
0.004365930799394846
0.004636203404515982
0.0040727220475673676
0.0030016014352440834
0.0023586114402860403
0.0017355700256302953
0.0007865428924560547
0.00020678501459769905
8.407148561673239e-05
0.00029441711376421154
0.0003738311934284866
0.0003186100802849978
0.00021932659728918225
8.208453800762072e-05
0.00012816568778362125
0.00037915617576800287
0.0005489606992341578
0.0003943738411180675
0.00017870322335511446
7.619384268764406e-05
8.72795790201053e-05
0.00011182976595591754
0.00010440935147926211
0.00011963913857471198
7.991428719833493e-05
6.607671093661338e-05
9.795751248020679e-05
0.0001520407822681591
0.00021264859242364764
0.00033326016273349524
0.0002854613703675568
0.0001023747245199047
3.808944165939465e-05
