9.374252113047987e-05
0.0003045174235012382
0.00041972158942371607
0.00037215749034658074
0.00020775650045834482
8.892523328540847e-05
0.00013175714411772788
0.00015747426368761808
0.00024001137353479862
0.0004469749692361802
0.00018769294547382742
0.00017930162721313536
0.00029208045452833176
0.0005543726729229093
0.0005127899930812418
0.0005876102950423956
0.00044187999446876347
0.0002460946561768651
0.0002075162046821788
0.00013630421017296612
0.0001831006520660594
0.00020759568724315614
0.00031867370125837624
0.00038018941995687783
0.00034548944677226245
0.0002673311100807041
0.00019826859352178872
0.00018235357129015028
0.00047648456529714167
0.0011269774986431003
0.002485537901520729
0.004384175408631563
0.004797210916876793
0.0043875291012227535
0.0035646120086312294
0.002517757238820195
0.0022125740069895983
0.0008617446292191744
0.0003623028169386089
9.947425132850185e-05
0.00031307846074923873
0.0003507667570374906
0.00036850618198513985
0.0002894577046390623
9.57705924520269e-05
0.0001653930521570146
0.0003304326382931322
0.000590550946071744
0.00042840896639972925
0.00019337947014719248
7.546078268205747e-05
0.00010458888573339209
0.00019010310643352568
0.00012038716522511095
0.00013304376625455916
6.768131424905732e-05
9.281496750190854e-05
8.648830407764763e-05
0.0001577426737640053
0.00022041979536879808
0.00036381700192578137
0.00022269642795436084
9.860358841251582e-05
3.498607111396268e-05
