0.00010904917144216597
0.00038902938831597567
0.0004924249369651079
0.00044808207894675434
0.0002477512171026319
0.00011644761980278417
0.00014108262257650495
0.00017981695418711752
0.0004446411330718547
0.0004084815736860037
0.0002431555330986157
0.00019807630451396108
0.0002817355270963162
0.0006740819662809372
0.0006068915245123208
0.0006428678170777857
0.0004763274919241667
0.0002508577308617532
0.0003348160535097122
0.00016904130461625755
0.00020653681713156402
0.00023842531663831323
0.00031190886511467397
0.00043562485370785
0.0003796975943259895
0.00031990042771212757
0.00023233660613186657
8.777327457210049e-05
0.00022710043413098902
0.001306782360188663
0.004086026456207037
0.004929110407829285
0.005123344250023365
0.004939598962664604
0.00417951587587595
0.0028591318987309933
0.0026079299859702587
0.0015845269663259387
0.0004433694703038782
0.00012327454169280827
0.00022759413695894182
0.0004767014761455357
0.00035745129571296275
0.0003600095515139401
0.00013507838593795896
0.0001221872807946056
0.00031963721266947687
0.0005660138558596373
0.00045665312791243196
0.00020382177899591625
8.605893526691943e-05
0.0001060257782228291
0.00013371476961765438
0.0001521520607639104
0.00012546345533337444
0.0001018108960124664
6.96065544616431e-05
0.00011611687659751624
0.00016938743647187948
0.00025844547781161964
0.0003989218093920499
0.00027831026818603277
0.00010315267718397081
3.998942338512279e-05
