9.444565512239933e-05
0.00029164974694140255
0.00036559728323481977
0.00034911365946754813
0.00023033191973809153
0.00010637189552653581
0.0001460163912270218
0.00015604289365001023
0.00036650337278842926
0.0003458868304733187
0.00023965594300534576
0.00017648811626713723
0.0002724158111959696
0.0005239168531261384
0.000604299595579505
0.0005083578871563077
0.0005030170432291925
0.00021224467491265386
0.0002686906373128295
0.00014758235192857683
0.0001798477314878255
0.00021570241369772702
0.0003356978122610599
0.00040311075281351805
0.0003912470710929483
0.00034656006027944386
0.0002317232429049909
0.00010285346070304513
0.00028003068291582167
0.0008203890756703913
0.0018208877881988883
0.004174938891083002
0.00456621591001749
0.0041376748122274876
0.0033761425875127316
0.0023142783902585506
0.0019788327626883984
0.0010860548354685307
0.00027837438392452896
7.833319978090003e-05
0.000328113732393831
0.0003734861093107611
0.0003183388616889715
0.0002580460568424314
8.122618601191789e-05
0.00011915292998310179
0.00033437847741879523
0.0005040792166255414
0.0003904691548086703
0.0001888230472104624
7.403953350149095e-05
9.70338296610862e-05
0.00011464233102742583
0.00010880774061661214
0.00011637775605777279
8.123553561745211e-05
7.571510650450364e-05
0.00011603996972553432
0.00015308937872759998
0.00020049139857292175
0.000365565501851961
0.00021368367015384138
7.806297071510926e-05
3.4684060665313154e-05
