9.561258048051968e-05
0.00041338862502016127
0.00038205430610105395
0.00036488714977167547
0.00019120740762446076
0.00010470389679539949
0.00013866891094949096
0.00016217185475397855
0.000299496779916808
0.00036271047429181635
0.00021653564181178808
0.0001748190843500197
0.00029138103127479553
0.0005703692440874875
0.000618407444562763
0.0005580417346209288
0.000573077064473182
0.0002061257982859388
0.0002472319465596229
0.00015297862410079688
0.00019295589299872518
0.0002147430641343817
0.0002918494865298271
0.0004134036134928465
0.0003914147091563791
0.00032914525945670903
0.00015180422633420676
0.00013825000496581197
0.00040530998376198113
0.0010092207230627537
0.0020008478313684464
0.0037958836182951927
0.004711725749075413
0.004144657868891954
0.0031617297790944576
0.0023683705367147923
0.0016932717990130186
0.000857595878187567
0.00023857515770941973
7.623872079420835e-05
0.0002403404942015186
0.00040118087781593204
0.0003259445074945688
0.00028628416475839913
0.00010734161332948133
0.00011857043136842549
0.00034602786763571203
0.0005128617631271482
0.0003411340876482427
0.00016664878057781607
6.591597048100084e-05
9.369763574795797e-05
0.00011817301128758118
0.00010963057138724253
0.00013038079487159848
7.939538772916421e-05
7.587967411382124e-05
6.012626181473024e-05
0.0001495128672104329
0.00027783805853687227
0.00034149966086260974
0.0002510522026568651
9.166299423668534e-05
3.504965206957422e-05
