3.564958751667291e-05
6.754576315870509e-05
6.358213431667536e-05
6.851910438854247e-05
5.050666004535742e-05
4.320252628531307e-05
4.4982287363382056e-05
5.7670025853440166e-05
6.640968058491126e-05
9.297952783526853e-05
6.115854193922132e-05
5.723888534703292e-05
6.042354289093055e-05
8.285931835416704e-05
0.00010601039684843272
9.618387412047014e-05
8.37638508528471e-05
6.317820952972397e-05
8.549926860723644e-05
7.069154526107013e-05
6.517682049889117e-05
7.064540113788098e-05
0.00013957868213765323
0.00010963150270981714
7.414425635943189e-05
5.975224848953076e-05
6.349237082758918e-05
9.371955820824951e-05
9.525783389108256e-05
9.085887722903863e-05
0.00011923521378776059
0.0003172524448018521
0.000393629859900102
0.0004275027313269675
0.0002782354422379285
0.0002733873261604458
0.00028939597541466355
0.00018714093312155455
6.219081114977598e-05
7.613400521222502e-05
0.00010689280316000804
8.9763016148936e-05
7.275293319253251e-05
5.367819539969787e-05
5.1609211368486285e-05
5.3472576837521046e-05
6.684072286589071e-05
7.556550553999841e-05
7.604424172313884e-05
6.027587005519308e-05
4.292168523534201e-05
4.5667871745536104e-05
4.6494438720401376e-05
5.1449173042783514e-05
5.246648288448341e-05
3.940596798202023e-05
4.2964096792275086e-05
4.1041250369744375e-05
5.19399436598178e-05
5.0324750191066414e-05
6.02440741204191e-05
6.091169052524492e-05
4.954637915943749e-05
3.729653326445259e-05
