9.342833800474182e-05
0.00037449534283950925
0.00036386935971677303
0.000350111979059875
0.00013226673763711005
0.00010667493188520893
0.000135542155476287
0.00016724922170396894
0.0004481568466871977
0.00036385440034791827
0.00018783907580655068
0.0001577472867211327
0.00026438201894052327
0.0004766865458805114
0.000524998817127198
0.0005214684060774744
0.000283163069980219
0.00020649067300837487
0.00021541627938859165
0.00015157980669755489
0.0001661812566453591
0.0002142194425687194
0.00023616649559699
0.0003855154209304601
0.00038216199027374387
0.00033833645284175873
0.00013113816385157406
0.00015223152877297252
0.0004495098255574703
0.0011075373040512204
0.0026588619221001863
0.004249830264598131
0.0046625458635389805
0.004285974893718958
0.00340575841255486
0.0025374360848218203
0.002088501350954175
0.0012060111621394753
0.00029935967177152634
6.311836477834731e-05
0.00016706393216736615
0.0003860049764625728
0.0003275223425589502
0.00023187993792816997
9.203514491673559e-05
0.00014301211922429502
0.0003755161305889487
0.0005292259156703949
0.0003845765604637563
0.00016323124873451889
7.683901640120894e-05
0.00010688156908145174
0.00011438426736276597
0.00012625822273548692
0.00011403456301195547
8.400322258239612e-05
6.513803236884996e-05
9.134884021477774e-05
0.00015475145482923836
0.00017811974976211786
0.0002884833957068622
0.00036544023896567523
0.00012059661821695045
3.742629269254394e-05
