9.809595940168947e-05
0.00039321454823948443
0.00039405966526828706
0.00036576934508048
0.0002501096751075238
9.855979442363605e-05
0.00012613199942279607
0.00014967982133384794
0.0002863785775844008
0.00035767260123975575
0.000217312466702424
0.00016648983000777662
0.0002775023749563843
0.0005186657072044909
0.0006032823002897203
0.0005214633420109749
0.0005844171391800046
0.00020851948647759855
0.0003044312761630863
0.00016788677021395415
0.00018143215856980532
0.00019832242105621845
0.0002709598920773715
0.0003795694501604885
0.0003572567948140204
0.0003162650391459465
0.00020264001796022058
0.00014233423280529678
0.00038912269519641995
0.0009973570704460144
0.002033012919127941
0.0039124563336372375
0.004658461548388004
0.004341119434684515
0.0031519231852144003
0.00238266889937222
0.001935384119860828
0.000721963937394321
0.00029140067636035383
6.76962808938697e-05
0.00018326616554986686
0.00036089529749006033
0.00032207684125751257
0.0001711790100671351
8.866529242368415e-05
0.00011280219041509554
0.0003046108176931739
0.0005116193206049502
0.000494160398375243
0.0002482097188476473
8.322527719428763e-05
0.00010086486145155504
9.71535118878819e-05
0.0001261619181605056
0.00011959427502006292
7.92457940406166e-05
6.168493564473465e-05
0.00013434905849862844
0.0001477349578635767
0.0001972841564565897
0.0003183445369359106
0.00029229832580313087
9.437085827812552e-05
3.933116386178881e-05
