3.333293352625333e-05
4.437285315361805e-05
4.546497075352818e-05
4.2547671910142526e-05
3.942605326301418e-05
3.994907092419453e-05
4.506383993430063e-05
4.096433622180484e-05
4.3669708247762173e-05
4.962398816132918e-05
4.5898825192125514e-05
3.930124148610048e-05
4.853187783737667e-05
5.413968028733507e-05
4.920949868392199e-05
4.944793545291759e-05
4.698668999481015e-05
4.092587550985627e-05
4.800451279152185e-05
4.38398819824215e-05
4.182115662842989e-05
4.542943861451931e-05
4.3871677917195484e-05
4.291794539312832e-05
4.275899118511006e-05
4.333122706157155e-05
4.0565406379755586e-05
4.379476376925595e-05
4.576324499794282e-05
4.501615694607608e-05
4.611294571077451e-05
7.038389594526961e-05
0.00011044217535527423
0.00011703882046276703
6.714274059049785e-05
0.00012876972323283553
0.00012382621935103089
8.198249997803941e-05
3.848308915621601e-05
4.107201311853714e-05
3.964910501963459e-05
3.7879060982959345e-05
4.001060005975887e-05
4.064488166477531e-05
3.9349146391032264e-05
3.625771569204517e-05
4.07720472139772e-05
4.620831896318123e-05
4.761738091474399e-05
4.059719867655076e-05
3.8928166759433225e-05
4.011828059446998e-05
3.7704208807554096e-05
3.6305402318248525e-05
3.762473352253437e-05
3.690943049150519e-05
3.586032835301012e-05
3.5367564123589545e-05
3.586494494811632e-05
3.854667374980636e-05
4.38398819824215e-05
4.371459363028407e-05
3.8523299735970795e-05
3.21950028592255e-05
