9.905349725158885e-05
0.0004118692013435066
0.00039382779505103827
0.00038007815601304173
0.0002476561930961907
0.00011100693518528715
0.00013783112808596343
0.00016058557957876474
0.0003067018114961684
0.0002835763443727046
0.0001933691673912108
0.00016612422768957913
0.0002657134609762579
0.0005066075245849788
0.0005839234218001366
0.0005138334236107767
0.0005775053869001567
0.00021022498549427837
0.0002561462752055377
0.00016568017599638551
0.0001788170775398612
0.00021092813403811306
0.00028936605667695403
0.0003996548766735941
0.0003854274400509894
0.0003347113379277289
0.00023676491400692612
0.00015322014223784208
0.00045944502926431596
0.0013330471701920033
0.0026624861638993025
0.004097128286957741
0.004600953310728073
0.00438710767775774
0.0032095008064061403
0.0023645709734410048
0.0019284695154055953
0.0008692632545717061
0.00023926333233248442
6.631990981986746e-05
0.00017681819736026227
0.00044090099981985986
0.0003289964224677533
0.00023748698004055768
9.391953790327534e-05
0.00010787939390866086
0.0004057176411151886
0.0005342171061784029
0.0004220900300424546
0.00019444165809545666
7.519149221479893e-05
8.358433115063235e-05
0.00011503131099743769
0.00010666838352335617
0.00014619404100812972
8.353945304406807e-05
6.739193486282602e-05
9.092758409678936e-05
0.00014706174260936677
0.0001785536005627364
0.0003108493401668966
0.0003284728154540062
0.0001126974675571546
4.097682176507078e-05
