9.728835721034557e-05
0.000427212129579857
0.0005448167212307453
0.000500997353810817
0.00044628678006120026
0.00010168014705413952
0.0001366605720249936
0.00017262925393879414
0.00029374947189353406
0.0004402726190164685
0.0002448286395519972
0.00018208065012004226
0.00028835012926720083
0.0005889757303521037
0.0005751116550527513
0.0005924658617004752
0.0007008846732787788
0.00023434132162947208
0.000306363363051787
0.00019667649758048356
0.00024358317023143172
0.0002409942535450682
0.0003195320605300367
0.0003658357309177518
0.0003482234897091985
0.00031692517222836614
0.00018022356380242854
0.0001599090755917132
0.0004850999393966049
0.0009845218155533075
0.0022177300415933132
0.003517558565363288
0.0042497250251472
0.004112641792744398
0.0036975631956011057
0.0029606386087834835
0.002538333646953106
0.0015054605901241302
0.00039317700429819524
6.314828351605684e-05
0.00016342854360118508
0.0006071870448067784
0.00046772099449299276
0.0003280453965999186
0.00013233032950665802
0.00014815152098890394
0.000622437393758446
0.0007755113765597343
0.0005454711499623954
0.00020494112686719745
8.992759103421122e-05
0.00011500138498377055
0.00013703820877708495
0.00012852568761445582
0.00013822007167618722
8.346694812644273e-05
6.668433343293145e-05
7.717539119767025e-05
0.00010758098505903035
0.00015809698379598558
0.00023193380911834538
0.00018320631352253258
7.709147757850587e-05
3.53815958078485e-05
