0.00011926513252547011
0.0003156367165502161
0.0005609440268017352
0.0005390418809838593
0.0004984092665836215
0.00016085449897218496
0.0002018220111494884
0.0002320822823094204
0.0005026322323828936
0.0003553923452273011
0.00024981421302072704
0.0001985829003388062
0.0003377333632670343
0.0006343552959151566
0.0008016286883503199
0.0007136010681279004
0.0007953452877700329
0.00026375363813713193
0.0003589718253351748
0.00020780591876246035
0.0002515622181817889
0.0003027714556083083
0.00040976819582283497
0.0005486764712259173
0.0005091059720143676
0.000400690536480397
0.0001819945318857208
0.00014976959209889174
0.0004100673831999302
0.00124837807379663
0.003100713947787881
0.005650131497532129
0.005718023981899023
0.005292786750942469
0.0042672292329370975
0.0031086280941963196
0.002584083005785942
0.0014001086819916964
0.000392758083762601
9.551164839649573e-05
0.0005424378905445337
0.00046411968651227653
0.00038189676706679165
0.0002874733181670308
0.00014184457540977746
0.0001360059395665303
0.00033073185477405787
0.0006493457476608455
0.0005145846516825259
0.00022383475152309984
8.26717441668734e-05
0.00010957072663586587
0.000138871357194148
0.0001474900491302833
0.00014935905346646905
0.00011323259968776256
6.575141742359847e-05
0.00011733522842405364
0.0001879787159850821
0.00018010949133895338
0.00040035980055108666
0.00020945545111317188
9.732836042530835e-05
3.6019282561028376e-05
