9.597084863344207e-05
0.00039630374521948397
0.00038801561458967626
0.00037513463757932186
0.0003032194508705288
0.00011144050949951634
0.0001398755848640576
0.00016676465747877955
0.00036086043110117316
0.0003690306912176311
0.00021264859242364764
0.00015038298442959785
0.0002225374773843214
0.0004478426417335868
0.0006419851561076939
0.00046907164505682886
0.00046227365965023637
0.0001654930820222944
0.000245324510615319
0.00015242022345773876
0.00020583126752171665
0.00022367325436789542
0.0003244035760872066
0.0004099925863556564
0.0004013005527667701
0.0003503694024402648
0.00025866710348054767
0.00011274234566371888
0.00035433017183095217
0.0010837934678420424
0.0024434770457446575
0.004613711033016443
0.0048549119383096695
0.004317942541092634
0.003381377784535289
0.0025951687712222338
0.0020073556806892157
0.0011169513454660773
0.00027295437757857144
6.246010161703452e-05
0.00021122735051903874
0.00039738090708851814
0.0003291836765129119
0.0002470166073180735
9.819594561122358e-05
0.00014522159472107887
0.0003685669507831335
0.0005429915618151426
0.00048172823153436184
0.00016944896196946502
7.952895248308778e-05
0.00012293606414459646
0.00011296956654405221
0.00013439021131489426
0.00011968402395723388
8.555912063457072e-05
6.433846283471212e-05
0.00010829474194906652
0.00015451227955054492
0.00023706411593593657
0.00034419630537740886
0.00028070391272194684
7.935648318380117e-05
2.9279575755936094e-05
