9.357342059956864e-05
0.0003825927269645035
0.00039380675298161805
0.00034041129401884973
0.0002355232136324048
0.00010087867121910676
0.00013334295363165438
0.0001619474496692419
0.0003125318617094308
0.00037097869790159166
0.00020203225722070783
0.00018180004553869367
0.0002510522026568651
0.00041319418232887983
0.0005701087648048997
0.0006878690328449011
0.0004820423782803118
0.0002299279731232673
0.0003107146767433733
0.00017164189193863422
0.0001852855202741921
0.00020675321866292506
0.0003266055427957326
0.000409020169172436
0.0004007320385426283
0.0003565087972674519
0.00023763261560816318
9.235119068762287e-05
0.0002686457592062652
0.0007806391222402453
0.00235754600726068
0.003978223539888859
0.00455515505746007
0.004136959556490183
0.0033352936152368784
0.0022983832750469446
0.0018201248021796346
0.001057019573636353
0.0003006911720149219
6.551204569404945e-05
0.00017535206279717386
0.00039223040221259
0.0003150315606035292
0.00022866495419293642
7.269027992151678e-05
0.00010279642447130755
0.00035488372668623924
0.000520775152835995
0.0004230680933687836
0.0002229414094472304
0.00010010072583099827
9.236615005647764e-05
0.0001247406762558967
0.00013528690033126622
0.00010183614358538762
7.951507723191753e-05
7.234899385366589e-05
8.455676288576797e-05
0.00015539473679382354
0.00016703402798157185
0.0002924329601228237
0.00034890888491645455
8.167484338628128e-05
3.7118639738764614e-05
