0.0001014724766719155
0.00031544221565127373
0.0004068128764629364
0.0003800463455263525
0.00022633744811173528
0.00011144077870994806
0.0001472562289563939
0.00016624110867269337
0.0003383902949281037
0.0003832079819403589
0.00020328797108959407
0.0001803189516067505
0.00026361903292126954
0.000600697414483875
0.00046435906551778316
0.0005880226381123066
0.0003858692361973226
0.0003503375919535756
0.00022829166846349835
0.00016769788635428995
0.00020456992206163704
0.00022624216217081994
0.0003272608737461269
0.0004326764610596001
0.0004215271328575909
0.0003576457966119051
0.00021614934667013586
0.00014222950267139822
0.00038732742541469634
0.000991986133158207
0.002249401528388262
0.0042754425667226315
0.004672795068472624
0.004059163387864828
0.0031947006937116385
0.0023834325838834047
0.0019428159575909376
0.0011121338466182351
0.00030365335987880826
7.758517313050106e-05
0.00023012245947029442
0.00042320272768847644
0.0003222791710868478
0.0002692142443265766
0.00010092354932567105
9.739287634147331e-05
0.0002666410291567445
0.000515987747348845
0.000524814473465085
0.00025890645338222384
8.174419053830206e-05
8.286263619083911e-05
0.00010620267858030275
0.00011747056123567745
9.912455425364897e-05
8.194148540496826e-05
6.374670920195058e-05
0.00011196440027561039
0.00015777346561662853
0.00019399284792598337
0.00030535884434357285
0.00034639547811821103
0.00012303517723921686
3.57572607754264e-05
