3.190387360518798e-05
3.995950464741327e-05
3.9046914025675505e-05
3.8119360397104174e-05
3.6309142160462216e-05
3.945084608858451e-05
3.7595746107399464e-05
3.615953755797818e-05
3.6354023905005306e-05
3.674945037346333e-05
3.744167770491913e-05
3.538807504810393e-05
3.631104118539952e-05
3.508237932692282e-05
3.4962697100127116e-05
3.9061873394530267e-05
3.855321847368032e-05
3.8657944969600067e-05
3.668315184768289e-05
3.677292261272669e-05
3.72030190192163e-05
3.6473709769779816e-05
3.663827374111861e-05
4.018391700810753e-05
4.034848097944632e-05
4.1994135244749486e-05
4.411852569319308e-05
4.3161053326912224e-05
4.483662996790372e-05
4.6974422730272636e-05
7.087614358169958e-05
4.720973811345175e-05
5.754183803219348e-05
6.937186117284e-05
5.360348222893663e-05
3.499261583783664e-05
3.980990368290804e-05
3.811936403508298e-05
4.019887273898348e-05
3.7072131817694753e-05
4.1934294131351635e-05
3.590521009755321e-05
3.7820154830114916e-05
3.650362850748934e-05
3.859810021822341e-05
4.042327782372013e-05
3.868786370730959e-05
3.960353569709696e-05
4.066264955326915e-05
3.6095687391934916e-05
3.5557288356358185e-05
3.536500298650935e-05
3.464201290626079e-05
3.511118484311737e-05
3.611465581343509e-05
3.5017863410757855e-05
3.573316280380823e-05
3.6416669900063425e-05
3.509734233375639e-05
3.695244595292024e-05
3.508237932692282e-05
3.6937482946086675e-05
3.449372525210492e-05
3.213461604900658e-05
