0.00011450761667219922
0.0005284676444716752
0.000477295252494514
0.0004683684674091637
0.00028622435638681054
0.00010093851597048342
0.00015941940364427865
0.00020027624850627035
0.000327829533489421
0.000522271147929132
0.0002657912846188992
0.00020082417177036405
0.0003129138785880059
0.0005515638622455299
0.0007003393257036805
0.0008928129682317376
0.0005676314467564225
0.0002716677845455706
0.0003679536166600883
0.0001953991304617375
0.0001855700829764828
0.0002778763882815838
0.00029068259755149484
0.0005340899806469679
0.0004999940283596516
0.0004216726520098746
0.00018992359400726855
0.00019521961803548038
0.0005144767928868532
0.0012425595195963979
0.0034769612830132246
0.0052527179941535
0.005636445712298155
0.0051205395720899105
0.003774175886064768
0.0029523808043450117
0.002417423063889146
0.0014145156601443887
0.0004499521164689213
9.516553836874664e-05
0.0003400747082196176
0.0004308325587771833
0.0003885542100761086
0.0003472033713478595
9.854974632617086e-05
0.00019191333558410406
0.0003714992490131408
0.0006469380459748209
0.0005083623109385371
0.00015323296247515827
7.997043576324359e-05
0.00011108173930551857
0.00012487532512750477
0.00011887615255545825
0.00014653812104370445
9.081025200430304e-05
9.435589890927076e-05
0.0001196856755996123
0.00017429454601369798
0.0002681221521925181
0.0003718732332345098
0.0003021176962647587
0.00010705643217079341
3.6234338040230796e-05
