9.662989032221958e-05
0.00028755792300216854
0.00038926879642531276
0.0003771468182094395
0.0002074423391604796
0.00011099441326223314
0.00015381233242806047
0.0001651417842367664
0.00037263621925376356
0.00042357674101367593
0.00021495121472980827
0.00017364845552947372
0.0002470627659931779
0.0005599118303507566
0.0005776848993264139
0.0005365285323932767
0.0005006981664337218
0.00020697855507023633
0.00029374947189353406
0.00015704039833508432
0.00017448067956138402
0.00022394245024770498
0.00031321641290560365
0.0004215336812194437
0.000390823493944481
0.0003112504491582513
0.00015434563101734966
0.00014410891162697226
0.0004784967459272593
0.0011478146770969033
0.002131333341822028
0.003782613668590784
0.004614582285284996
0.004326023627072573
0.003569725900888443
0.0023233212996274233
0.002071461407467723
0.00131431024055928
0.0002474324719514698
7.134812767617404e-05
0.0002711829438339919
0.0003694634942803532
0.0003166231617797166
0.0001865499943960458
7.845288200769573e-05
8.621737651992589e-05
0.00032817613100633025
0.000490879756398499
0.0003605930251069367
0.0001727190101519227
7.076317706378177e-05
9.324269194621593e-05
9.884404425974935e-05
0.00012183927901787683
0.00010717179247876629
8.29559940029867e-05
7.179546082625166e-05
8.084655564744025e-05
0.00014991282660048455
0.00020297571609262377
0.0003547565429471433
0.00020757697348017246
7.967963756527752e-05
3.666819247882813e-05
