9.876924013951793e-05
0.0003514964191708714
0.00035755604039877653
0.0004186547303106636
0.00026270642410963774
0.00011709368845913559
0.00015217822510749102
0.0001783441548468545
0.00036457180976867676
0.00026634184177964926
0.00022769885254092515
0.00015786572475917637
0.0003604153753258288
0.0005795194301754236
0.0005683944327756763
0.0005782384541817009
0.00048323094961233437
0.000259222841123119
0.00019967970729339868
0.00015733961481601
0.0001732875098241493
0.00022933396394364536
0.0002988692431244999
0.0004138812655583024
0.0004404493956826627
0.0002762606309261173
0.00019708872423507273
0.0001311063824687153
0.0004019737825728953
0.0011152141960337758
0.0024784384295344353
0.00364939053542912
0.004862776957452297
0.004139235708862543
0.0033721814397722483
0.0021739399526268244
0.002194406930357218
0.0006526706856675446
0.00022077307221479714
9.535731078358367e-05
0.0003550875699147582
0.00035218519042246044
0.00034410652006044984
0.000324972061207518
0.00011726042430382222
6.7157692683395e-05
0.00018540550081524998
0.0005827072891406715
0.00040832042577676475
0.00017693269182927907
8.855402120389044e-05
7.783949695294723e-05
0.00012973748380318284
0.00014997905236668885
0.00010050466516986489
8.068199531408027e-05
6.178688636282459e-05
0.0001037211695802398
0.0001386539515806362
0.0001887117832666263
0.00032061856472864747
0.00024807031149975955
8.57666673255153e-05
3.201360595994629e-05
