0.00010267233301419765
0.00041225069435313344
0.00038541248068213463
0.00037549366243183613
0.00031310837948694825
0.00010375108831794932
0.00014834394096396863
0.00017552515782881528
0.00029577998793683946
0.0003571072011254728
0.00023948773741722107
0.00018922043091151863
0.00026507017901167274
0.0005171995726414025
0.0006637227488681674
0.0005329530104063451
0.00044628509203903377
0.0003282745892647654
0.0002388781140325591
0.00015689079009462148
0.0001911653089337051
0.00023631611838936806
0.0002785645774565637
0.0004330317897256464
0.0004000139597337693
0.0003275061317253858
0.0002473419881425798
0.00014828226994723082
0.00047361262841150165
0.0014129382325336337
0.002653200412169099
0.0043901363387703896
0.004671602509915829
0.00425522169098258
0.003003095742315054
0.0024639202747493982
0.001979199703782797
0.001164495712146163
0.0003179855120833963
6.814509106334299e-05
0.0002099706616718322
0.0003770047042053193
0.0003037131973542273
0.00027198196039535105
0.00010740145080490038
0.0001267540646949783
0.0003432051162235439
0.00053895398741588
0.0004133951442781836
0.00017816462786868215
7.196002115961164e-05
8.67110793478787e-05
0.00011353525769663975
0.00010349675721954554
0.00012813670036848634
8.218247967306525e-05
6.397696415660903e-05
9.789598698262125e-05
0.00015045124746393412
0.00022635242203250527
0.00034455533022992313
0.0002506632299628109
9.45802967180498e-05
3.81941681553144e-05
