3.6134140827925876e-05
4.2282121285097674e-05
3.901699528796598e-05
4.6616929466836154e-05
5.248144952929579e-05
4.8978756240103394e-05
5.642914766212925e-05
6.685849075438455e-05
8.778949995758012e-05
0.0001001187993097119
7.414425635943189e-05
7.19749805284664e-05
7.596943760290742e-05
0.00011509529576869681
0.00011429402366047725
0.00010392603144282475
7.351591921178624e-05
5.8465648180572316e-05
5.077854439150542e-05
4.407832238939591e-05
4.6751574700465426e-05
4.350514427642338e-05
4.775392517331056e-05
6.305399438133463e-05
6.901481538079679e-05
6.1023893067613244e-05
4.695541429100558e-05
5.261609112494625e-05
0.00010918175394181162
0.00021243913215585053
0.0003957651788368821
0.0006411324138753116
0.0007957941270433366
0.0008585085743106902
0.0007703565643168986
0.0006491661770269275
0.0005983262090012431
0.000320862396620214
9.161981870420277e-05
5.274753857520409e-05
9.413334919372573e-05
8.248192898463458e-05
6.579162436537445e-05
5.307986793923192e-05
4.899565101368353e-05
5.174837860977277e-05
5.554835297516547e-05
5.885462087462656e-05
4.785865166923031e-05
3.946580909541808e-05
3.8657944969600067e-05
3.9061877032509074e-05
3.981270856456831e-05
4.230830381857231e-05
4.377937875688076e-05
3.75878116756212e-05
3.934144842787646e-05
4.2774885514518246e-05
4.1320912714581937e-05
5.397046697908081e-05
7.637804083060473e-05
7.098758942447603e-05
4.854683720623143e-05
3.4254877391504124e-05
