9.575470176059753e-05
0.00028492434648796916
0.0003880381991621107
0.0003678488719742745
0.0002638583828229457
0.00014749560796190053
0.00016387735377065837
0.00018065530457533896
0.0003312219341751188
0.00032156665110960603
0.00020475038036238402
0.00016932297148741782
0.0002791512233670801
0.0006811068160459399
0.0006121538463048637
0.0005068618338555098
0.0006663856911472976
0.00025995352189056575
0.0003430143988225609
0.00016158068319782615
0.0001693181984592229
0.00021042510343249887
0.0002938841062132269
0.0003956005966756493
0.00038185188896022737
0.00033352948958054185
0.0002100912679452449
0.0001245312305400148
0.0003925785713363439
0.0010400692699477077
0.0020597472321242094
0.0038334194105118513
0.004702176433056593
0.004328088369220495
0.0036856099031865597
0.0024628129322081804
0.002134699374437332
0.0009006154141388834
0.0002470320032443851
7.264516170835122e-05
0.0002961179125122726
0.0003873423847835511
0.00031285404111258686
0.00030196280567906797
0.00011262267071288079
0.00011863965482916683
0.00033683664514683187
0.0005229297676123679
0.0003542638150975108
0.00016175296332221478
7.685211312491447e-05
0.00010083409870276228
9.663459059083834e-05
0.00011208659270778298
9.443537419429049e-05
8.225939382100478e-05
6.388135079760104e-05
9.034646791405976e-05
0.00014885702694300562
0.0001847622188506648
0.0003228326968383044
0.00028969519189558923
0.00010264401498716325
4.0438240830553696e-05
