9.733303886605427e-05
0.0002220886672148481
0.00035642660805024207
0.00035689776996150613
0.0002598788996692747
0.00010633925558067858
0.00013841457257512957
0.00016462958592455834
0.00031270107137970626
0.0003555036091711372
0.00022473465651273727
0.00018259200442116708
0.0002848479780368507
0.0005883414414711297
0.0005792651209048927
0.0005897720693610609
0.0004620673425961286
0.00024983013281598687
0.0002380515361437574
0.00015293093747459352
0.00019527664699126035
0.00021962019673082978
0.0002833668841049075
0.0003843951562885195
0.0003598599578253925
0.00031255389330908656
0.00018922044546343386
0.0001372177357552573
0.00045267489622347057
0.0012952297693118453
0.002393798204138875
0.004266154952347279
0.004463705234229565
0.004007589537650347
0.0033029501792043447
0.002342021791264415
0.001690205535851419
0.0008892167825251818
0.0002308339171577245
7.122993702068925e-05
0.00034630013396963477
0.0003697142528835684
0.0003189915732946247
0.00019621448882389814
7.695028762100264e-05
0.00014976771490182728
0.00039376417407765985
0.00053637899691239
0.0003736881189979613
0.00014762183127459139
6.661818770226091e-05
0.00010454493167344481
0.0001077399356290698
0.00012228434206917882
9.610440611140803e-05
8.41509536257945e-05
5.7927074522012845e-05
0.00010592036414891481
0.0001578183437231928
0.0001848370156949386
0.00028861803002655506
0.00026747328229248524
9.17375655262731e-05
3.49650472344365e-05
