9.655509347794577e-05
0.00040392144001089036
0.00039109744830057025
0.0003733992052730173
0.00024205370573326945
0.00010646419832482934
0.0001584307901794091
0.0001707180344965309
0.0002844739647116512
0.00041178785613738
0.00020929804304614663
0.00017092374037019908
0.00026393320877105
0.0004970627487637103
0.0006234191823750734
0.0005044681602157652
0.0006125727668404579
0.00020020145166199654
0.00026679885922931135
0.00016924897499848157
0.00020711882098112255
0.00021161630866117775
0.00030078092822805047
0.0004067974805366248
0.00039745247340761125
0.000304730492644012
0.0001768630463629961
0.00016846446669660509
0.0004135659255553037
0.00119341432582587
0.002375937532633543
0.003930887673050165
0.004651325289160013
0.004409578628838062
0.0038172174245119095
0.0025389469228684902
0.001830827328376472
0.0010785589693114161
0.00025033927522599697
7.880596240283921e-05
0.00035881271469406784
0.00039712656871415675
0.0003392593644093722
0.0002658331941347569
0.00010663846478564665
8.171427180059254e-05
0.00024150738317985088
0.0004914226592518389
0.00044774115667678416
0.00020352593855932355
7.240672857733443e-05
9.735759522300214e-05
0.00010354351252317429
0.0001277926203329116
0.00011805332178482786
8.294103463413194e-05
7.004506915109232e-05
6.985059008002281e-05
0.00016401200264226645
0.00015642702055629343
0.00028873770497739315
0.00036436307709664106
8.327465911861509e-05
3.636487963376567e-05
