0.00010881522030103952
0.00021207790996413678
0.00044039235217496753
0.0004041978099849075
0.00010483105143066496
0.00010564171680016443
0.00013830985699314624
0.0001734071847749874
0.00035958009539172053
0.00042494150693528354
0.00023280037567019463
0.00018256301700603217
0.00022487131354864687
0.0005795615143142641
0.0006425001192837954
0.0006975437863729894
0.00041708291973918676
0.00029106313013471663
0.0002600032603368163
0.00017413559544365853
0.00019975264149252325
0.00022899107716511935
0.00031016115099191666
0.00044363876804709435
0.000420150812715292
0.0003470088995527476
0.00021996426221448928
0.00016585215053055435
0.00048461559345014393
0.0012453871313482523
0.002610173774883151
0.004565511830151081
0.005444291513413191
0.005053837317973375
0.004258567001670599
0.0029113588389009237
0.0024530738592147827
0.0015311178285628557
0.00039853283669799566
5.020744720241055e-05
0.00012698474165517837
0.0004802620969712734
0.00035246944753453135
0.0003503749903757125
0.0001283760939259082
6.626007234444842e-05
0.0003862538142129779
0.0005955420783720911
0.00048451084876433015
0.00023938302183523774
8.249221718870103e-05
9.671965381130576e-05
0.00013192171172704548
0.00012631152640096843
0.00013940196367911994
8.813232852844521e-05
7.90363410487771e-05
7.423401984851807e-05
0.00015744433039799333
0.00015813251957297325
0.00031038557062856853
0.00038675894029438496
0.000122092678793706
4.1216189856640995e-05
