0.00010098433267557994
0.0002912959607783705
0.00039008891326375306
0.0003783511056099087
0.00023021092056296766
0.00010697181278374046
0.0001453712029615417
0.00017434971232432872
0.000322264211717993
0.00039121718145906925
0.00022221959079615772
0.00015388373867608607
0.0002484341093804687
0.0005467423470690846
0.0005742236389778554
0.0006890873773954809
0.00039535373798571527
0.00026430722209624946
0.00024470893549732864
0.00016661510744597763
0.00017149226914625615
0.00022271700436249375
0.00021368087618611753
0.00037664728006348014
0.0003639026253949851
0.0003061172319576144
0.00018760832608677447
0.00014072931662667543
0.0005506054149009287
0.0011941174743697047
0.0025499132461845875
0.004054027609527111
0.00478341244161129
0.0043539563193917274
0.003416229970753193
0.002576545812189579
0.0020592999644577503
0.001192626659758389
0.0001571591419633478
6.61767044221051e-05
0.00033557062852196395
0.0004007828247267753
0.0003373509389348328
0.00021854772057849914
8.68055212777108e-05
0.00012348398740869015
0.0003519458114169538
0.0005275671719573438
0.0005155389662832022
0.0002570214564912021
8.608273492427543e-05
7.424897921737283e-05
0.00013305872562341392
0.00011022898979717866
0.00012373905337881297
8.672039984958246e-05
6.674585893051699e-05
0.00013833884440828115
0.00015572854317724705
0.00023183636949397624
0.0003504011838231236
0.00032663013553246856
8.214812260121107e-05
3.760883555514738e-05
