0.00010092639422509819
0.00041757573490031064
0.000405100523494184
0.0003916809509973973
0.0003200650098733604
0.00010813323024194688
0.00013636831135954708
0.00016998685896396637
0.0003371798375155777
0.00037381809670478106
0.00022150520817376673
0.00016220177349168807
0.00021661313076037914
0.00044616710511036217
0.000683829712215811
0.00048015735228545964
0.0006831265054643154
0.00025329276104457676
0.00025873829144984484
0.0001659493864281103
0.0002029700845014304
0.00021349292364902794
0.00032452322193421423
0.00039842160185799
0.0003735132631845772
0.00029862942756153643
0.00014957698294892907
0.00016159401275217533
0.0005237971199676394
0.001105884206481278
0.0025563014205545187
0.004179810639470816
0.00470329774543643
0.004272210877388716
0.003255389863625169
0.0024916569236665964
0.002167533151805401
0.0009030253277160227
0.0002382899692747742
6.961121835047379e-05
0.0002252004633191973
0.00036814805935136974
0.00030888948822394013
0.0002430184104014188
9.710862650536001e-05
8.698036253917962e-05
0.00025772457593120635
0.0005133547238074243
0.00042206491343677044
0.00019319225975777954
7.875981100369245e-05
9.651153231970966e-05
0.00011773207370424643
0.00011662450560834259
0.00010462440695846453
8.2688573456835e-05
6.749243766535074e-05
9.783702262211591e-05
0.00014363204536493868
0.00019880545733030885
0.0003405618481338024
0.0002667747321538627
8.415096090175211e-05
3.566583836800419e-05
