9.495018457528204e-05
0.00034222062095068395
0.0003444506146479398
0.00033314383472315967
0.0001998914813157171
0.00010475343879079446
0.00013111384760122746
0.00016068847617134452
0.0003917258291039616
0.0003645725082606077
0.00020323724311310798
0.0001727844646666199
0.0002563332673162222
0.0004561607202049345
0.0005435503553599119
0.0005326209939084947
0.0005055241636000574
0.0002018374070758
0.0002159567375201732
0.00013091936125420034
0.00016502931248396635
0.00022276189702097327
0.00028427946381270885
0.0004171886248514056
0.0003842156729660928
0.00031277924426831305
0.00019511488790158182
0.00011235338024562225
0.0003142304194625467
0.000872272124979645
0.001791490358300507
0.0037251953035593033
0.004701876547187567
0.004286408890038729
0.003669886151328683
0.002512377453967929
0.002146413316950202
0.0013871529372408986
0.00036428828025236726
5.2631046855822206e-05
0.0001345697237411514
0.00035540363751351833
0.00031461621983908117
0.0002266421215608716
9.084297926165164e-05
0.00014347309479489923
0.0003472697571851313
0.0005136801046319306
0.000408616237109527
0.00017868823488242924
7.553557952633128e-05
8.557407272746786e-05
0.00011141085997223854
0.00010578571527730674
0.00010347992792958394
8.002120011951774e-05
5.5793323554098606e-05
0.00011316032032482326
0.00014305980585049838
0.00020341515482869
0.0003292919136583805
0.0002324562956346199
7.571510650450364e-05
3.723669578903355e-05
