9.8096024885308e-05
0.00042956098332069814
0.0004118353535886854
0.0003730999887920916
0.000201727423700504
0.00011162032024003565
0.00014661323803011328
0.00016782504098955542
0.00035338851739652455
0.0002956092357635498
0.00022056270972825587
0.0001734520774334669
0.0002449483145028353
0.0004564898263197392
0.0007084696553647518
0.0004958808422088623
0.0007047594990581274
0.00021314229525160044
0.00033584836637601256
0.00018872674263548106
0.0001843616337282583
0.0002198198635596782
0.0003114781284239143
0.00042760270298458636
0.00040723985875956714
0.0003453183453530073
0.00021970993839204311
0.00011067780724260956
0.00034259550739079714
0.0008937404491007328
0.0018279192736372352
0.0038640587590634823
0.004829056095331907
0.004519897513091564
0.0037193906027823687
0.0025660856626927853
0.002208020770922303
0.0013222392881289124
0.0003747156879398972
6.76962808938697e-05
0.0001478247286286205
0.0003616490575950593
0.0003147792594972998
0.00020648486679419875
8.350952703040093e-05
0.0001093164028134197
0.00032156106317415833
0.0005314702866598964
0.00044513907050713897
0.00014863914111629128
7.243595609907061e-05
9.011178917717189e-05
0.00010753609967650846
0.0001116352723329328
0.00011320612247800454
8.26268587843515e-05
7.29922903701663e-05
9.187245450448245e-05
0.0001615435176063329
0.0002261806366732344
0.00033454460208304226
0.000164849785505794
7.384503987850621e-05
3.681780071929097e-05
