9.995112486649305e-05
0.00031559300259687006
0.0003880766744259745
0.0003702788089867681
0.00018907083722297102
9.887397027341649e-05
0.00014858771464787424
0.00015802780399098992
0.00020445024711079895
0.00042873810161836445
0.00022313484805636108
0.00017614815442357212
0.00031145711545832455
0.0005355364410206676
0.0005984351155348122
0.0005199373699724674
0.0005705786752514541
0.00020386677351780236
0.00029065264970995486
0.0001594490313436836
0.0001665103918639943
0.00021555114653892815
0.0002959415432997048
0.00038165177102200687
0.00037168528069742024
0.00031075955484993756
0.00019858572341036052
0.00016038080502767116
0.0004910028073936701
0.0014069614699110389
0.0027212679851800203
0.004244234878569841
0.004694515839219093
0.0043895612470805645
0.003210977418348193
0.002427540486678481
0.001752742798998952
0.0009719241061247885
0.0002737622708082199
6.824981392128393e-05
0.00018733541946858168
0.00040767373866401613
0.0003061367606278509
0.0002090134657919407
8.554361556889489e-05
0.00013593114272225648
0.0003151130804326385
0.0004990226007066667
0.00046248899889178574
0.00024446958559565246
8.216308924602345e-05
9.173518628813326e-05
0.00011337874457240105
0.00013374690024647862
0.00011057308438466862
8.216308924602345e-05
7.127183926058933e-05
7.807886868249625e-05
0.00015657662879675627
0.0001889734121505171
0.0002813023456837982
0.00026106106815859675
9.03276595636271e-05
3.3556410926394165e-05
