9.96818343992345e-05
0.0002714829461183399
0.00041222170693799853
0.0003984430804848671
0.0003447199414949864
9.716847125673667e-05
0.0001363375486107543
0.00017003351240418851
0.0004094053874723613
0.00038797821616753936
0.00023730350949335843
0.0001850913540693
0.0002277736784890294
0.00043725065188482404
0.0005955770611763
0.0005818073404952884
0.00030064626480452716
0.0002467884623911232
0.000283740897430107
0.00017568591283634305
0.0002116054529324174
0.0002343488740734756
0.0003684744006022811
0.00040579712367616594
0.00038085703272372484
0.00031260159448720515
0.0001677296677371487
0.00015343958511948586
0.0005183216417208314
0.0012600634945556521
0.0029147849418222904
0.00440331781283021
0.004828618373721838
0.004320645239204168
0.0032274930272251368
0.0026201559230685234
0.0021193542052060366
0.00119198823813349
0.00017620480502955616
6.581125489901751e-05
0.00022708547476213425
0.00037821647129021585
0.00032138152164407074
0.0002510522026568651
9.79314572759904e-05
0.00010443927021697164
0.0002683615020941943
0.0005330939311534166
0.00042524150921963155
0.00019726103346329182
7.886748790042475e-05
9.276582568418235e-05
0.00011233373516006395
0.00013873624266125262
0.0001425983355147764
8.853626059135422e-05
6.76962808938697e-05
9.269527799915522e-05
0.00015324044215958565
0.00015445223834831268
0.00028670308529399335
0.0002689524262677878
9.293504263041541e-05
3.306271173642017e-05
