0.00011129437916679308
0.0003681181697174907
0.0003692102909553796
0.0003898841387126595
0.00015012864605523646
0.00010948096314677969
0.00014046416617929935
0.00017897860379889607
0.0003067171492148191
0.0003549529064912349
0.00025248838937841356
0.00018034887034446
0.0001822338963393122
0.0003496868012007326
0.0006005744216963649
0.0003804156731348485
0.000694466580171138
0.00018413388170301914
0.0002962794678751379
0.00016511102148797363
0.00016337276611011475
0.0001892802829388529
0.00026447177515365183
0.00042062951251864433
0.00043931519030593336
0.00036659216857515275
0.00019981249351985753
0.00011965410521952435
0.0003693149774335325
0.0008713147253729403
0.002178189577534795
0.004865547176450491
0.005441522691398859
0.004842535592615604
0.0031378325074911118
0.0022134659811854362
0.0014559197006747127
0.0008006421849131584
0.0002423274127067998
0.00011130615166621283
0.0003141256747767329
0.0004348719376139343
0.00034135382156819105
0.00025808362988755107
0.00010726680920924991
8.558903209632263e-05
0.00022316582908388227
0.0005241094622761011
0.00044843865907751024
0.00019998378411401063
6.323242996586487e-05
0.0001031938154483214
0.00010077768820337951
0.00011361006181687117
0.00010826915968209505
8.651659300085157e-05
6.937186117284e-05
7.815366552677006e-05
0.0001646702439757064
0.00015229792916215956
0.0003297451767139137
0.0002652298135217279
6.82236350257881e-05
3.7052490370115265e-05
