9.81821067398414e-05
0.00039376417407765985
0.00039803917752578855
0.0003885841288138181
0.0002823495597112924
0.00011296677257632837
0.00015755808271933347
0.00018191670824307948
0.0003074478590860963
0.0003333134518470615
0.00022899567557033151
0.00015611006529070437
0.0002523088769521564
0.0005556331016123295
0.000594844575971365
0.0005442331894300878
0.0005406576092354953
0.00022074223670642823
0.00028363618184812367
0.00015416798123624176
0.00016808125656098127
0.00023272559337783605
0.00031913918792270124
0.00043271761387586594
0.0004150492313783616
0.0003662480739876628
0.0002530868223402649
0.00011253290722379461
0.00030106515623629093
0.0008748454274609685
0.0018927580676972866
0.0038992457557469606
0.004921242594718933
0.004507854115217924
0.0038587625604122877
0.002664376050233841
0.0022352789528667927
0.001412017154507339
0.00038569673779420555
5.316962779033929e-05
0.00029697216814383864
0.0003711701137945056
0.0003525891515891999
0.0002437271032249555
0.00013447996752802283
0.0001227622269652784
0.00048230233369395137
0.0005564391613006592
0.0004229932965245098
0.00019261648412793875
8.40929860714823e-05
8.491581684211269e-05
0.0001263713784283027
0.00011097700917162001
0.0001347300421912223
8.160954166669399e-05
6.578133616130799e-05
8.110088674584404e-05
0.00014785923121962696
0.00019165400590281934
0.0003455212281551212
0.0002961282152682543
0.0001052443403750658
3.970704710809514e-05
