0.00014050626487005502
0.000557678984478116
0.0007494913297705352
0.0009006373002193868
0.0006834407104179263
0.0004565562412608415
0.0003444588219281286
0.00022195038036443293
0.00048020409303717315
0.000383098260499537
0.0002441703691147268
0.00018536063726060092
0.00035015042521990836
0.0007229214534163475
0.0008695194264873862
0.0010004687355831265
0.0014235367998480797
0.0008618895662948489
0.0009166151285171509
0.0006353625212796032
0.000401974975829944
0.00025167400599457324
0.00040397848351858556
0.000507594901137054
0.00040578871266916394
0.00040083666681312025
0.00018003283184953034
0.00014279800234362483
0.00023070591851137578
0.0005806171684525907
0.0019276608945801854
0.00446023466065526
0.00631173187866807
0.0063984571024775505
0.006163099315017462
0.005433773156255484
0.004891116637736559
0.002777260495349765
0.001037245150655508
0.0003026176418643445
0.00036689138505607843
0.0005076696979813278
0.0006485976628027856
0.0006843233713880181
0.00047390389954671264
0.00023565783340018243
0.00029171895585022867
0.0008072239579632878
0.000708768842741847
0.00044673887896351516
0.0002619532751850784
0.00020995180238969624
0.00018274254398420453
0.0001941424561664462
0.000267942639766261
0.00017735676374286413
9.461021545575932e-05
7.571510650450364e-05
0.00011147897748742253
0.00021427437604870647
0.0005353298620320857
0.00038351252442225814
0.00015246248221956193
7.006002851994708e-05
