9.861897706286982e-05
0.0003815620730165392
0.0003838612756226212
0.0003750448813661933
0.00028438420849852264
0.00011231732787564397
0.00013970637519378215
0.00017360168567392975
0.0003013045061379671
0.00034298974787816405
0.0002126053295796737
0.00016776708071120083
0.00024244992528110743
0.0004599008534569293
0.0006057507707737386
0.00047577390796504915
0.0006491662352345884
0.00018868186452891678
0.00027146752108819783
0.00016611859609838575
0.00018806981097441167
0.00021333395852707326
0.00031667083385400474
0.00041210761992260814
0.00038514318293891847
0.00032569014001637697
0.00020561715064104646
0.00013207133451942354
0.00034385218168608844
0.0009124113130383193
0.002679525874555111
0.004233763087540865
0.0047293188981711864
0.004282395821064711
0.002963992767035961
0.002354678697884083
0.0018344720592722297
0.0010377054568380117
0.0002801952650770545
7.091278530424461e-05
0.00022523038205690682
0.0004104413965251297
0.00032525628921575844
0.00022943409567233175
9.155058796750382e-05
0.00015552938566543162
0.0003119021712336689
0.0005220916937105358
0.0003985908115282655
0.00018528553482610732
7.473721780115739e-05
0.00010394088894827291
0.00011510610784171149
0.00010554635082371533
0.0001087869968614541
8.645674824947491e-05
6.588605174329132e-05
9.661493822932243e-05
0.00015457191329915076
0.00017461899551562965
0.00029246287886053324
0.00023741775657981634
8.402072126045823e-05
3.0773757316637784e-05
