0.0001103785980376415
0.0005139830755069852
0.000494220235850662
0.0004767164937220514
0.00040152494329959154
0.00011609350622165948
0.00016170117305591702
0.00018227049440611154
0.0005050170584581792
0.0004731664957944304
0.00024912229855544865
0.00020557227253448218
0.0002472223131917417
0.0005940829287283123
0.0008756382740102708
0.0006844873423688114
0.0006218025810085237
0.0003643256495706737
0.0003645051911007613
0.00019094088929705322
0.00020325620425865054
0.0002678378950804472
0.00030465569579973817
0.0005010862369090319
0.0004450908745639026
0.00039041024865582585
0.00021942571038380265
0.00014747878594789654
0.000475714128697291
0.0012111575342714787
0.002834541257470846
0.004858972504734993
0.005540029611438513
0.004960901569575071
0.0041332729160785675
0.0029899764340370893
0.002473824191838503
0.0015032613882794976
0.0004447907267604023
5.481528569362126e-05
0.00013859409955330193
0.0005159728461876512
0.00037540390621870756
0.0003873723035212606
0.0001449672708986327
0.00013733742525801063
0.00039943683077581227
0.0006193489534780383
0.00043803322478197515
0.00027241359930485487
7.997043576324359e-05
9.701044473331422e-05
0.0001358862646156922
0.00012281077215448022
0.0001305305486312136
9.23658735700883e-05
6.084810956963338e-05
0.00011458249355200678
0.00017559142725076526
0.00017686307546682656
0.00038759212475270033
0.0003188003320246935
0.00011471705511212349
3.551623740349896e-05
