0.00010022041533375159
0.000423075573053211
0.0004020784981548786
0.0003721275716088712
0.00030266595422290266
0.00012218538904562593
0.0001518023491371423
0.0001781795872375369
0.00030465569579973817
0.00044619699474424124
0.0002152511733584106
0.00017030474555213004
0.00025380493025295436
0.0004463017685338855
0.0006682408857159317
0.0005592100787907839
0.00044758495641872287
0.00024650897830724716
0.000230739577091299
0.0001636529341340065
0.00016437104204669595
0.00020041089737787843
0.00024022080469876528
0.0003876715200021863
0.000386414845706895
0.00031930796103551984
0.00018497018027119339
0.0001929400023072958
0.0004785117052961141
0.00106853898614645
0.002268655924126506
0.004263844806700945
0.004664587788283825
0.004259875044226646
0.0029031923040747643
0.0023688797373324633
0.0018074533436447382
0.0009690516744740307
0.0002679276803974062
7.873713911976665e-05
0.00022626265126746148
0.00040909499512054026
0.00032289253431372344
0.00029352508136071265
9.196665632771328e-05
0.00012148547102697194
0.0004526094417087734
0.0005336608155630529
0.00041487347334623337
0.0001930503494804725
7.442849891958758e-05
8.537959365639836e-05
0.00011413367610657588
0.00010711720096878707
0.0001252194051630795
7.821351755410433e-05
6.20848877588287e-05
9.617310570320114e-05
0.00014442868996411562
0.00020003688405267894
0.0003254507901147008
0.00028999437927268445
9.534329001326114e-05
3.868786370730959e-05
