0.00010041490168077871
0.0002787435951177031
0.0003717685176525265
0.00035899222712032497
0.0002907124871853739
9.926293569151312e-05
0.0001398678869009018
0.00016230365145020187
0.00029441865626722574
0.0003105669456999749
0.00022495003941003233
0.00015679355419706553
0.0002483742719050497
0.0005262370104901493
0.0004919032217003405
0.0005619708099402487
0.0004027769900858402
0.0002533748047426343
0.0002716675226110965
0.0001479556376580149
0.00016911259444896132
0.00020166758622508496
0.0002561565488576889
0.000378919648937881
0.0003742603585124016
0.00033482356229797006
0.0001959826040547341
0.00015593331772834063
0.0003728138981387019
0.0011213981779292226
0.0025522918440401554
0.004253032151609659
0.004782229661941528
0.0042730700224637985
0.003414996899664402
0.002470353152602911
0.0019759086426347494
0.0010071261785924435
0.00025620422093197703
6.758781091775745e-05
0.00023978693934623152
0.00037640624213963747
0.0003214712778571993
0.0002684362989384681
0.00011883128172485158
0.00011830123548861593
0.0003010563086718321
0.0004999402444809675
0.0003808046749327332
0.0001856149610830471
8.169931243173778e-05
0.00010135710908798501
0.00011662450560834259
0.00013335792755242437
0.00011602151062106714
8.615753176854923e-05
7.071829895721748e-05
9.121418406721205e-05
0.0001429625554010272
0.00017047494475264102
0.00029778885073028505
0.00023499495000578463
8.340541535289958e-05
3.8556925574084744e-05
