3.306527651147917e-05
4.405868094181642e-05
4.107970744371414e-05
5.0252332584932446e-05
4.0218270441982895e-05
3.675479456433095e-05
3.5718803701456636e-05
3.541884507285431e-05
3.592016946640797e-05
3.598001421778463e-05
4.022879511467181e-05
3.926453791791573e-05
4.615601574187167e-05
6.957476580282673e-05
5.563436934608035e-05
5.3170562750892714e-05
4.913310112897307e-05
4.693951632361859e-05
4.1646300815045834e-05
3.78154800273478e-05
3.662331437226385e-05
3.9039434341248125e-05
4.2487230530241504e-05
4.326764974393882e-05
4.8242949560517445e-05
4.5222797780297697e-05
5.1449173042783514e-05
4.36996306234505e-05
4.359490776550956e-05
6.789076724089682e-05
7.119703514035791e-05
9.30224996409379e-05
0.0001638573157833889
0.00010174167982768267
9.555011638440192e-05
4.135083145229146e-05
5.673023406416178e-05
4.624291614163667e-05
4.631771662388928e-05
4.013903162558563e-05
4.078233178006485e-05
3.820912752416916e-05
3.825400926871225e-05
3.960296089644544e-05
3.65648593287915e-05
3.5844434023601934e-05
3.592647408368066e-05
3.7704208807554096e-05
3.7290923501132056e-05
3.632129664765671e-05
3.605481833801605e-05
3.523198392940685e-05
3.603985169320367e-05
3.627922342275269e-05
3.665323310997337e-05
3.5127264709444717e-05
3.4957356547238305e-05
3.651204315247014e-05
3.4843011235352606e-05
3.48878966178745e-05
3.674299659905955e-05
3.548631502781063e-05
3.4872933611040935e-05
3.38256977556739e-05
