9.716847125673667e-05
0.00042001614929176867
0.0003960833710152656
0.0003626566322054714
0.00018352984625380486
0.00010476839815964922
0.00014004526019562036
0.0001717764971544966
0.0002632300602272153
0.00037527820677496493
0.00022168886789586395
0.00017057498916983604
0.0002729244588408619
0.0005326836835592985
0.0005950091290287673
0.0005219421000219882
0.00041364284697920084
0.0003017533745151013
0.0002565876056905836
0.0001619025570107624
0.00017400561773683876
0.00022654497297480702
0.00032918370561674237
0.00042433387716300786
0.0003928777587134391
0.0003432089288253337
0.00017674174159765244
0.0001504512329120189
0.0006846823962405324
0.0011697020381689072
0.0022967963013798
0.003992464859038591
0.004761120304465294
0.004431390669196844
0.0032110544852912426
0.002251690486446023
0.0017219556029886007
0.0009942888282239437
0.00017867330461740494
6.593093712581322e-05
0.0002812488819472492
0.00036682537756860256
0.000321868690662086
0.00023113697534427047
8.358433842658997e-05
8.979293488664553e-05
0.00027087487978860736
0.000512395694386214
0.0005110208876430988
0.00017883245891425759
6.971474067540839e-05
0.0001059353380696848
0.00011497147352201864
0.0001107376447180286
0.00010714872041717172
8.080167754087597e-05
6.702305836370215e-05
9.483462781645358e-05
0.00015690574946347624
0.00018396931409370154
0.0003296377253718674
0.00024300170480273664
8.029040327528492e-05
3.4111821150872856e-05
