9.998105088016018e-05
0.00026820634957402945
0.0003613798471633345
0.00034308922477066517
0.0002317727921763435
9.195566963171586e-05
0.00012869025522377342
0.00017490216123405844
0.00030879382393322885
0.00038207630859687924
0.00023841059010010213
0.00018094728875439614
0.00022792327217757702
0.0005592331290245056
0.0004895347519777715
0.0006199483177624643
0.00043971912236884236
0.0002688140084501356
0.0002634300326462835
0.0001472721341997385
0.0001890455896500498
0.00022576426272280514
0.00029958313098177314
0.00040345487650483847
0.00039823364932090044
0.0003487592621240765
0.00025452306726947427
0.00012186827370896935
0.00048311916179955006
0.0012316219508647919
0.0031965761445462704
0.00434480607509613
0.00469167809933424
0.004190381150692701
0.0032076817005872726
0.002452370710670948
0.00202972162514925
0.0012057417770847678
0.0004031556600239128
8.415283082285896e-05
0.00033266175887547433
0.00037869391962885857
0.0003225460241083056
0.00022215805074665695
8.030798198888078e-05
0.00011311636626487598
0.0002526679600123316
0.0005779092898592353
0.0004150791501160711
0.00025461282348260283
9.043624595506117e-05
9.402722207596526e-05
0.0001374450948787853
0.00011791868746513501
0.00013938700431026518
8.075679215835407e-05
7.406945223920047e-05
6.60655859974213e-05
0.0001538238866487518
0.00018996959261130542
0.0003276454226579517
0.00018744014960248023
8.72047821758315e-05
3.732645927811973e-05
