0.00011000992526533082
0.00039497585385106504
0.00042516255052760243
0.00040652177995070815
0.00030651080305688083
0.00010989985457854345
0.00016141914238687605
0.00018730068404693156
0.00045519170816987753
0.0003413407248444855
0.00023357833561021835
0.00018040870781987906
0.00029046248528175056
0.0006229255232028663
0.0006617977633140981
0.0007315284456126392
0.00048425656859762967
0.00027558745932765305
0.00029614317463710904
0.0001793614646885544
0.0002155895926989615
0.00023586729366797954
0.00033827192964963615
0.0004322986933402717
0.00041042646626010537
0.0003588575928006321
0.00023900900851003826
0.00010207550803897902
0.0005606099148280919
0.001657967921346426
0.0029824061784893274
0.004564120899885893
0.005243656691163778
0.004825331270694733
0.004033082630485296
0.0028310210909694433
0.002125330502167344
0.0011575616663321853
0.00020102428970858455
8.653154509374872e-05
0.00026825678651221097
0.000432837288826704
0.00034756239620037377
0.00031411071540787816
0.00012242179946042597
7.496708713006228e-05
0.00022262723359744996
0.0005836455966345966
0.000467459496576339
0.00016962220252025872
7.371039828285575e-05
9.320393292000517e-05
0.0001237682590726763
0.00012125488137826324
0.00014761528291273862
8.992759103421122e-05
7.997884677024558e-05
0.00011107119644293562
0.00017598664271645248
0.00022974943567533046
0.0003996549057774246
0.00030646592495031655
0.00010687784379115328
3.8448495615739375e-05
