9.76037117652595e-05
0.0003432986850384623
0.0003806698659900576
0.0003675714251585305
0.00014570033818017691
0.00010268890036968514
0.00012960284948349
0.00015156486188061535
0.00019231726764701307
0.00038051666342653334
0.00020725214562844485
0.00016351736849173903
0.0002573804813437164
0.000506218580994755
0.0005792706506326795
0.0005249939858913422
0.0005467765149660408
0.000250888813752681
0.0002485241275280714
0.00015396620437968522
0.0001759789593052119
0.0002089084591716528
0.0002594001707620919
0.0004124611150473356
0.0003961541224271059
0.00035395054146647453
0.0002364507527090609
0.00016202677215915173
0.000469436141429469
0.0011056677903980017
0.002329167677089572
0.0044183386489748955
0.004463688470423222
0.004144318401813507
0.002897628815844655
0.0024352010805159807
0.0019648573361337185
0.0010114017641171813
0.0001920498616527766
7.726819603703916e-05
0.00022593083849642426
0.0003567911626305431
0.0003160826745443046
0.00021557524451054633
7.979558722581714e-05
0.00012374673679005355
0.0003605266392696649
0.0005431411555036902
0.00041554291965439916
0.00018479213758837432
8.277645974885672e-05
9.871896327240393e-05
0.00011680910392897204
0.00012066248018527403
9.971268445951864e-05
8.232297841459513e-05
6.417027179850265e-05
0.00011088725295849144
0.00015676177281420678
0.00023844891984481364
0.00033471229835413396
0.0002874389465432614
0.0001293896493734792
4.757533679367043e-05
