0.00010315267718397081
0.0003544499340932816
0.0005495890509337187
0.0003378530382178724
0.00021888712944928557
0.00013380673772189766
0.0001335524138994515
0.00017536702216602862
0.00031806027982383966
0.00045647486695088446
0.00027968661743216217
0.00016930801211856306
0.0002304067020304501
0.0004563103138934821
0.0007295340183191001
0.0004990824381820858
0.0006588904652744532
0.00025835930136963725
0.00024063276941888034
0.00017215633124578744
0.0002064599102595821
0.00024741655215620995
0.00038086448330432177
0.00043099711183458567
0.0004110099107492715
0.0003645725082606077
0.00021071868832223117
0.00013548231800086796
0.00042266413220204413
0.0010700650746002793
0.0023538856767117977
0.004154561553150415
0.004905953072011471
0.004524535033851862
0.0036601321771740913
0.0026982317212969065
0.002241981215775013
0.0011890309397131205
0.0002951707283500582
7.137095963116735e-05
0.0002477160014677793
0.0003888833161909133
0.0003334397042635828
0.00025630334857851267
0.00010656366794137284
0.00010319755529053509
0.0002829629520419985
0.0005487420712597668
0.00044011659338139
0.00019363836327102035
7.832909614080563e-05
9.286581916967407e-05
0.00011018784425687045
0.00012694174074567854
0.00012338113447185606
8.707573579158634e-05
6.76513955113478e-05
0.00011462737165857106
0.00016604662232566625
0.0001880984054878354
0.00031759653938934207
0.0002678833552636206
9.42041224334389e-05
3.696481144288555e-05
