0.00010651878255885094
0.00030864772270433605
0.0003523348132148385
0.0003708787262439728
0.0001260871213162318
9.818578109843656e-05
0.00012904929462820292
0.00016139390936587006
0.00018304174591321498
0.0004265688476152718
0.00027467485051602125
0.00017184110765811056
0.00024786079302430153
0.0005493881762959063
0.000544204143807292
0.0005398123757913709
0.0005058472161181271
0.00025764977908693254
0.00028999437927268445
0.00018435827223584056
0.0001630881888559088
0.0002210889506386593
0.00029832738800905645
0.00038393138675019145
0.00036754965549334884
0.00031611541635356843
0.00018574960995465517
0.00012904929462820292
0.0004325081536080688
0.001127917319536209
0.002334811259061098
0.004097233060747385
0.0043935407884418964
0.004280424676835537
0.0040994626469910145
0.0024346427526324987
0.001573501038365066
0.0013818568550050259
0.00039711158024147153
0.00013621538528241217
0.00026297575095668435
0.0003941793693229556
0.00036573942634277046
0.0002840999513864517
0.00010662350541679189
0.00013507615949492902
0.0003222845261916518
0.0005378894857130945
0.00043521716725081205
0.00013020032201893628
9.338626841781661e-05
0.00012770472676493227
0.00010804194607771933
0.00010858332825591788
0.00011727538367267698
0.0001006991442409344
7.366552017629147e-05
8.766854443820193e-05
0.00014561058196704835
0.00018574960995465517
0.0003055084671359509
0.0003513922856654972
0.00013250518532004207
3.69032786693424e-05
