9.692909952718765e-05
0.00025485415244475007
0.00038204636075533926
0.0003740091051440686
0.00015688894200138748
0.00011244314373470843
0.00013997046335134655
0.00015702543896622956
0.00023577752290293574
0.00043829786591231823
0.00023231837258208543
0.0001777597499312833
0.00027222131029702723
0.0004541560192592442
0.0006588605465367436
0.0005546183092519641
0.0005015861825086176
0.0002230271784355864
0.0002631103852763772
0.00016303957090713084
0.00015089164662640542
0.00021854309306945652
0.0003102628979831934
0.0004198964452371001
0.00040414303657598794
0.00037348896148614585
0.0002595348050817847
0.00015534294652752578
0.00044182405690662563
0.0013497534673660994
0.002092311391606927
0.0041925618425011635
0.004613520111888647
0.004198111593723297
0.0033198557794094086
0.0024801373947411776
0.00203708210028708
0.0012684263056144118
0.00038017629412934184
5.7029439631151035e-05
0.00013026110536884516
0.00038256964762695134
0.00032043858664110303
0.00016887416131794453
8.372178126592189e-05
0.00012234698806423694
0.00031835949630476534
0.0005115893436595798
0.00038561542169190943
0.00010206054867012426
7.662770076422021e-05
8.831184823065996e-05
0.00012152417184552178
0.00011395978071959689
0.00010917925101239234
8.53051824378781e-05
6.903019675519317e-05
0.000131392473122105
0.00014298033784143627
0.00021403336722869426
0.00033511524088680744
0.00025745530729182065
0.00010309283243259415
4.767912469105795e-05
