9.917317947838455e-05
0.00032494578044861555
0.0003701593086589128
0.00036843231646344066
0.00025437341537326574
0.00012101629545213655
0.00015593519492540509
0.0001650891499593854
0.00028736135573126376
0.000387626641895622
0.00024357193615287542
0.00018423859728500247
0.0003092322440352291
0.0007469311822205782
0.0005446923314593732
0.0006558984168805182
0.0004257011169102043
0.00025233879568986595
0.00027513859095051885
0.000171626903465949
0.00018932517559733242
0.00023609168420080096
0.0003169082629028708
0.0004110354639124125
0.0003746577422134578
0.00031351231154985726
0.00020816044707316905
0.00016232673078775406
0.0006589334225282073
0.0013005316723138094
0.002711396897211671
0.0037893159314990044
0.004708070773631334
0.004284628666937351
0.0036546566989272833
0.0024313509929925203
0.0020805574022233486
0.001330781728029251
0.00030146900098770857
8.647834329167381e-05
0.00023657534620724618
0.00039867538725957274
0.00032851300784386694
0.00023352130665443838
9.504408080829307e-05
0.00010084875248139724
0.0002715780574362725
0.0005253146518953145
0.0004106893320567906
0.00010443927021697164
7.163089321693406e-05
8.205835911212489e-05
0.00011274234566371888
9.845507156569511e-05
0.00010974072938552126
8.344968955498189e-05
6.319316889857873e-05
0.00011192780948476866
0.00015928094217088073
0.0002668065717443824
0.0003461860469542444
0.00030568797956220806
0.0001092715174308978
3.943588671972975e-05
