9.890388901112601e-05
0.0002388329739915207
0.0004236814856994897
0.0003826747415587306
0.0002879896783269942
0.00012130087270634249
0.0001520279620308429
0.00016303957090713084
0.00031562172807753086
0.0003518425510264933
0.00016561277152504772
0.00015941911260597408
0.00023487990256398916
0.0005912985070608556
0.000599420687649399
0.0005646863137371838
0.0005622096941806376
0.00023953263007570058
0.000270276446826756
0.00015825220907572657
0.000139461801154539
0.0002384853723924607
0.0003108704986516386
0.00042714891606010497
0.0004033014993183315
0.0003514979616738856
0.00021365092834457755
0.00013795080303680152
0.0005088468315079808
0.0010321380104869604
0.0029015233740210533
0.004259558394551277
0.004875201266258955
0.004319722764194012
0.0033999597653746605
0.0025948667898774147
0.002085017506033182
0.0011646340135484934
0.00023643579334020615
6.607773684663698e-05
0.0002517254324629903
0.000406337552703917
0.00033978294231928885
0.00027828311431221664
0.00011245809582760558
0.00010348179785069078
0.000202131355763413
0.0005377049092203379
0.00043479414307512343
0.00020416021288838238
8.412070746999234e-05
0.00011945494043175131
0.0001121906898333691
0.0001262900186702609
0.00012965987843926996
8.956852980190888e-05
7.182537956396118e-05
8.576857362641022e-05
0.00016749778296798468
0.000162486030603759
0.00030238169711083174
0.0003742070693988353
0.0001249052438652143
3.684943658299744e-05
