9.317346848547459e-05
0.00037281695404089987
0.00036895592347718775
0.00036331580486148596
0.0003046407364308834
0.00010988685244228691
0.00013937563926447183
0.00016308444901369512
0.00026103085838258266
0.0004008367541246116
0.00020616764959413558
0.00016628779121674597
0.00029211881337687373
0.0004799927701242268
0.0005702969501726329
0.0005724545917473733
0.00045161519665271044
0.00023646402405574918
0.0001906510442495346
0.00015510864614043385
0.0001776479766704142
0.00021975576237309724
0.0003517999721225351
0.00041344284545630217
0.0003802847641054541
0.00029743724735453725
0.00013900645717512816
0.00014439504593610764
0.0005239963065832853
0.001287649618461728
0.0027335076592862606
0.004283719230443239
0.004555263556540012
0.004058399703353643
0.0031978716142475605
0.0023899604566395283
0.0019181475508958101
0.0010720641585066915
0.00013093154120724648
6.13849624642171e-05
0.00033072251244448125
0.0003517681616358459
0.0003173702280037105
0.0001939096109708771
0.00010045721137430519
0.00014641376037616283
0.00025927668320946395
0.0005120111163705587
0.0004031425341963768
0.00017186252807732671
6.88912405166775e-05
9.861589933279902e-05
0.00010505358659429476
0.00012317449727561325
0.0001040839561028406
8.072687342064455e-05
6.269947334658355e-05
9.10795497475192e-05
0.00014614916290156543
0.00018257797637488693
0.0003075430868193507
0.0002934801741503179
9.49543173192069e-05
3.642882438725792e-05
