0.00010446918895468116
0.00032706858473829925
0.0004331065865699202
0.00039574498077854514
0.0001651228085393086
0.00012125113426009193
0.00014932076737750322
0.00016694425721652806
0.00036611774703487754
0.0004239185363985598
0.00020534788200166076
0.00018890047795139253
0.00030081786098890007
0.0007113410974852741
0.0006397317629307508
0.0006226861150935292
0.0004979305085726082
0.0002732124412432313
0.00029982347041368484
0.0001796905999071896
0.00022209258168004453
0.00026191482902504504
0.00034765840973705053
0.0004903006483800709
0.0004462568904273212
0.00041063589742407203
0.0002509474870748818
0.00014483262202702463
0.00035402533831074834
0.0013139813672751188
0.0028076181188225746
0.004599219188094139
0.005015327595174313
0.004604729823768139
0.0035365584772080183
0.002795229898765683
0.002145351143553853
0.0011513136560097337
0.0002680174366105348
7.568518776679412e-05
0.00025268291938118637
0.0004545000847429037
0.0003657543857116252
0.000330103503074497
0.00013047055108472705
8.759375486988574e-05
0.0002645166532602161
0.0005604354664683342
0.0005611834349110723
0.00028610462322831154
9.208190022036433e-05
8.089144830591977e-05
0.00012606184463948011
0.0001250927452929318
0.0001356145367026329
8.833147876430303e-05
6.644333188887686e-05
0.00011552874639164656
0.00016518024494871497
0.00024053498054854572
0.00033059719135053456
0.0004218413378112018
9.206590766552836e-05
3.6180288589093834e-05
