9.888048225548118e-05
0.0004250428464729339
0.0003917454450856894
0.0003691205056384206
8.742917270865291e-05
0.00010678807302610949
0.00014544601435773075
0.0001769977097865194
0.00025660256505943835
0.00046582522918470204
0.0002337365731364116
0.00017758116882760078
0.00025948433903977275
0.0005329286213964224
0.0005126787000335753
0.0006076956633478403
0.0005027776933275163
0.00022171465388964862
0.0002330336719751358
0.00015147509111557156
0.00018920547154266387
0.00022175954654812813
0.00030769268050789833
0.0004094025935046375
0.00039412296609953046
0.0003303758567199111
0.00019337687990628183
0.00016579229850322008
0.00043155066668987274
0.0010473548900336027
0.0022269010078161955
0.004242050927132368
0.004917128477245569
0.0045097689144313335
0.003259340999647975
0.002396505791693926
0.0019077797187492251
0.0006679304060526192
0.00018932517559733242
7.884185470174998e-05
0.00032319212914444506
0.000351879425579682
0.0003432388184592128
0.0002571411314420402
9.79314572759904e-05
9.558266174281016e-05
0.0002840251545421779
0.0005208050715737045
0.00044401586637832224
0.0001816321164369583
7.413677667500451e-05
0.00010434951400384307
0.00012143440108047798
0.00011721675400622189
0.00011679372255457565
8.732445712666959e-05
6.889311771374196e-05
0.00011358641495462507
0.00014110746269579977
0.00021122735051903874
0.0003191823489032686
0.000247893447522074
6.204120290931314e-05
4.0183909732149914e-05
