9.962198964785784e-05
0.00043529924005270004
0.0004009597178082913
0.00037085587973706424
0.00022627761063631624
9.553776908433065e-05
0.00013913722068537027
0.00015935016563162208
0.0003872975066769868
0.00036171506508253515
0.00020812124421354383
0.00017155639943666756
0.00036777142668142915
0.0006427780026569963
0.0005952934152446687
0.0005246798391453922
0.0004313253448344767
0.0003136918239761144
0.00024867794127203524
0.00016543322999496013
0.00020428566494956613
0.00022611304302699864
0.0003184157540090382
0.0004142966354265809
0.00038494219188578427
0.00030351869645528495
0.0001657923130551353
0.00014445862325374037
0.0005642555770464242
0.0016039549373090267
0.002968491055071354
0.004541592672467232
0.004988010972738266
0.004552840255200863
0.0036224164068698883
0.002549928380176425
0.0020813203882426023
0.0011605460895225406
0.0002985966857522726
7.29623789084144e-05
0.00022039814211893827
0.00040988787077367306
0.000324538181303069
0.00030078092822805047
0.00010847860539797693
7.191513577708974e-05
0.00023564290313515812
0.0005422284593805671
0.0005600464646704495
0.00027645513182505965
7.950589497340843e-05
0.00010118789941770956
0.00011500162509037182
0.00013350658991839737
0.00010905926319537684
8.520005940226838e-05
7.050884596537799e-05
7.890169217716902e-05
0.0001506435073679313
0.00026990618789568543
0.0003531669790390879
0.00025855674175545573
8.74572288012132e-05
3.590521009755321e-05
