3.9856771763879806e-05
8.18937987787649e-05
0.00010620043758535758
0.00011504008580232039
5.560258068726398e-05
4.957910641678609e-05
5.354744280339219e-05
5.7093173381872475e-05
7.173757330747321e-05
7.432752317981794e-05
6.2026250816416e-05
4.7933452151482925e-05
5.2765695727430284e-05
7.409937097691e-05
7.541590457549319e-05
6.831490463810042e-05
5.174765828996897e-05
4.0564380469731987e-05
3.899174771504477e-05
3.835592724499293e-05
3.526190630509518e-05
3.8972109905444086e-05
4.151539906160906e-05
4.26823171437718e-05
3.900203591911122e-05
3.74162191292271e-05
3.9824863051762804e-05
4.169492603978142e-05
4.500025897868909e-05
4.8023215640569106e-05
6.817594839958474e-05
8.919452375266701e-05
7.905130041763186e-05
6.51398950139992e-05
4.972871465724893e-05
4.3968921090709046e-05
5.1710983825614676e-05
4.924998211208731e-05
4.218726098770276e-05
4.047003312734887e-05
3.8657944969600067e-05
4.031855860375799e-05
3.72965369024314e-05
3.7670546589652076e-05
3.6847719457000494e-05
3.469341027084738e-05
3.612961882026866e-05
3.8628026231890544e-05
3.768551323446445e-05
4.049808194395155e-05
3.536663280101493e-05
3.490285962470807e-05
3.577056486392394e-05
3.563592326827347e-05
3.6892601201543584e-05
3.4453882108209655e-05
3.499581725918688e-05
3.627258774940856e-05
3.924140037270263e-05
3.686268246383406e-05
4.377443474368192e-05
4.4686963519779965e-05
3.723401096067391e-05
3.20038634527009e-05
