0.00010521818330744281
0.00037660071393474936
0.0004212342610117048
0.0003881053999066353
0.00024517273413948715
0.0001169013703474775
0.00015847659960854799
0.00018402915156912059
0.00024900262360461056
0.0004321939777582884
0.0002509474870748818
0.00015419789997395128
0.00018942989117931575
0.0005783154629170895
0.0006010588840581477
0.0006002974114380777
0.000526275543961674
0.00023809459526091814
0.00023817122564651072
0.00017179145652335137
0.00018206931417807937
0.0002332641597604379
0.00025767969782464206
0.0004397041629999876
0.0004208988102618605
0.0003796826349571347
0.00026321507175453007
0.00011328092659823596
0.00030392262851819396
0.0008859460358507931
0.00293951784260571
0.00413333298638463
0.005136501509696245
0.004689246881753206
0.0037389069329947233
0.002812356222420931
0.002277135383337736
0.0008649237570352852
0.00025076797464862466
7.212458876892924e-05
0.00021668792760465294
0.0004065067623741925
0.0003404262533877045
0.0002942431892734021
0.0001164525601780042
8.653155236970633e-05
0.00020979113469365984
0.0005441284738481045
0.0006513952976092696
0.000324224034557119
0.00010629007738316432
0.00011830123548861593
0.00014732853742316365
0.00016265058366116136
0.00014275312423706055
9.706374112283811e-05
7.15261630830355e-05
9.760232933331281e-05
0.00016914344450924546
0.00019209286256227642
0.0003452884266152978
0.00033884041476994753
0.00012376824452076107
3.684174589579925e-05
