0.00010532586748013273
0.0004350514500401914
0.00041763740591704845
0.0003842754813376814
0.00023437198251485825
0.00012502491881605238
0.0001516097254352644
0.0001705347967799753
0.0002721614728216082
0.00041295477421954274
0.00026133007486350834
0.00018011691281571984
0.0003713197074830532
0.0005755455349572003
0.0006648896960541606
0.0005995898391120136
0.0002061173872789368
0.0002756921458058059
0.00028478814056143165
0.00017705756181385368
0.0001948843855643645
0.0002097574615618214
0.0003322279080748558
0.00041955235064961016
0.00040508556412532926
0.00031939256587065756
0.00012685010733548552
0.00015609788533765823
0.000600166677031666
0.0012999445898458362
0.0034038221929222345
0.004518251866102219
0.004837000276893377
0.004446231760084629
0.0036784738767892122
0.0025285505689680576
0.0019426061771810055
0.0005883255507797003
0.00021481789008248597
7.311197987291962e-05
0.00022428786905948073
0.00043083252967335284
0.00033564443583600223
0.00023286446230486035
6.976550503168255e-05
0.00014059882960282266
0.0003738181258086115
0.000539116736035794
0.0005070413462817669
0.00018876204558182508
6.138856406323612e-05
0.0001015883608488366
0.00010940615175059065
0.00011115654342574999
0.00012019267887808383
8.3808736235369e-05
6.727422442054376e-05
0.00011737057502614334
0.00015221563808154315
0.0002271902048960328
0.0003409498604014516
0.0003011997905559838
7.65369986766018e-05
3.04081568174297e-05
