9.920402953866869e-05
0.0002786842524074018
0.0004122968530282378
0.00036858191015198827
0.0002494963409844786
0.0001038857371895574
0.00013485399540513754
0.00017188122728839517
0.0003201451909262687
0.00041530924499966204
0.00024713363382034004
0.0001814475399442017
0.0002829815202858299
0.0006891985540278256
0.0005453916965052485
0.0006675077602267265
0.00039002031553536654
0.00022901537886355072
0.00026424601674079895
0.00017088488675653934
0.00019604577391874045
0.0002201659808633849
0.0003869384527206421
0.000404202874051407
0.00039275834569707513
0.0003338139213155955
0.00020697523723356426
0.00015242228982970119
0.0004206594603601843
0.0011289047542959452
0.0025734908413141966
0.004433964379131794
0.005092121660709381
0.0046358113177120686
0.003761160420253873
0.0027226770762354136
0.0021527716889977455
0.0011038158554583788
0.000259265536442399
6.626007234444842e-05
0.0002463695709593594
0.00039440669934265316
0.0003630873397924006
0.0002738595358096063
0.00010971765004796907
0.00016579042130615562
0.0004074184980709106
0.0005708722164854407
0.00042506252066232264
0.00024765499983914196
7.951507723191753e-05
0.00010502273653401062
0.00012984219938516617
0.00012010292266495526
0.00013174218474887311
8.56488841236569e-05
8.057727245613933e-05
9.244095417670906e-05
0.00016441593470517546
0.00019098578195553273
0.0003323475830256939
0.00033700032508932054
0.00010820931493071839
3.5895707696909085e-05
