9.765755385160446e-05
0.0003673287865240127
0.00038194662192836404
0.00035869862767867744
0.000223913841182366
0.00010874790314119309
0.00013573665637522936
0.0001603915443411097
0.00029865012038499117
0.0003638488124124706
0.00019251080811955035
0.0001780299935489893
0.00027551266248337924
0.0005054555949755013
0.0005952484789304435
0.0005169452633708715
0.0005253380513750017
0.0002088673209073022
0.00026535443612374365
0.00015877581608947366
0.00015763883129693568
0.00020997488172724843
0.0002811971353366971
0.0003711401659529656
0.00035900718648917973
0.0003113131388090551
0.00022060758783482015
9.583698556525633e-05
0.0005141308065503836
0.001548241125419736
0.0028469536919146776
0.0042372639290988445
0.004595029167830944
0.004115522839128971
0.003241427941247821
0.002403558697551489
0.0017175107495859265
0.0010359252337366343
0.00030953282839618623
7.745052425889298e-05
0.0001652238133829087
0.0003535115683916956
0.00030609415262006223
0.00015073735266923904
7.475669553969055e-05
0.00013649962784256786
0.000328951544361189
0.0004988430882804096
0.0004294711980037391
0.00020371716527733952
7.640328840352595e-05
8.449691813439131e-05
0.00012195802992209792
0.00010029521945398301
0.00013269965711515397
8.482606062898412e-05
8.080167754087597e-05
9.093075641430914e-05
0.00014812842709943652
0.00023069095914252102
0.0002805991971399635
0.00034023175248876214
8.89509028638713e-05
3.750321047846228e-05
