0.00010079357889480889
0.0002184682380175218
0.000401974975829944
0.0003641190123744309
0.00029791053384542465
0.0001200430779135786
0.00014394994650501758
0.00018012461077887565
0.0003843054291792214
0.00039156124694272876
0.00023459564545191824
0.00015587348025292158
0.00020370220590848476
0.00042760110227391124
0.0005429504672065377
0.0005669399397447705
0.00029274806729517877
0.00023626403708476573
0.00022722012363374233
0.00015830458141863346
0.00018543166515883058
0.00021223616204224527
0.0002904344873968512
0.0004095802432857454
0.00040334920049645007
0.00033526861807331443
0.00017122669669333845
0.00016242056153714657
0.0005283516948111355
0.0013124147662892938
0.0030846716836094856
0.004782950971275568
0.005140539258718491
0.004477390553802252
0.003396971384063363
0.0027260524220764637
0.0021159022580832243
0.00103179516736418
0.00021430921333376318
7.522141095250845e-05
0.0002970856730826199
0.0004235168744344264
0.0003544592182151973
0.0003065706405322999
0.00013035086158197373
0.00012742321996483952
0.00036254897713661194
0.0005988324410282075
0.0004875540907960385
0.000181749535840936
8.27998374006711e-05
0.00010324150207452476
0.00011883128172485158
0.0001361555332550779
0.00014547593309544027
8.84614564711228e-05
7.486235699616373e-05
9.55624709604308e-05
0.0001496590266469866
0.00021708941494580358
0.0003722893015947193
0.0002781307266559452
9.568737732479349e-05
4.1231149225495756e-05
