0.00010885262599913403
0.0002828432770911604
0.0004939060308970511
0.0004414395079948008
0.0002998333948198706
0.00014178069250192493
0.00017351002315990627
0.00019306920876260847
0.0003834676172118634
0.0004805613134521991
0.0002450783795211464
0.00020279524323996156
0.00031285404111258686
0.0005800636135973036
0.0006816416280344129
0.0006872101221233606
0.0006582059431821108
0.00036403394187800586
0.0003247027925681323
0.00020328329992480576
0.00021085333719383925
0.0002545829047448933
0.0003121658810414374
0.00046666726120747626
0.0004529919824562967
0.00039499893318861723
0.00016873110143933445
0.0001289445790462196
0.0003742070693988353
0.0014236144488677382
0.0028832938987761736
0.004700645338743925
0.00519826915115118
0.004813661798834801
0.004044258035719395
0.002828567521646619
0.0024862862192094326
0.001545210718177259
0.0004290522774681449
6.940177991054952e-05
0.00028467533411458135
0.0004408483218867332
0.000355319440132007
0.0002204579795943573
0.00012728397268801928
0.00011398407514207065
0.0003207980771549046
0.0006383929285220802
0.0005621866439469159
0.00022414294653572142
0.00010084875975735486
0.00011708089732564986
0.00012785392755176872
0.00014738341269548982
0.0001232380891451612
9.378739923704416e-05
6.699313962599263e-05
9.585194493411109e-05
0.00018568977247923613
0.00020371716527733952
0.0003607725375331938
0.00031758155091665685
0.0001071920050890185
4.0557926695328206e-05
