0.0001208470857818611
0.00029938959050923586
0.0004784874035976827
0.00042526726610958576
0.000271607976173982
0.0001738859136821702
0.00014099851250648499
0.00017146511527244002
0.0003470836963970214
0.00038539752131327987
0.00019319227430969477
0.00015231255383696407
0.0002725654048845172
0.0003997147723566741
0.0004159468808211386
0.00043768450268544257
0.000442815973656252
0.0002757968904916197
0.0003051145758945495
0.00017497137014288455
0.00011397098569432274
0.00010370621021138504
0.00017180641589220613
0.00021254386228974909
0.0001863469515228644
0.00019388450891710818
0.00014461347018368542
6.72063251840882e-05
0.00010575579653959721
0.0001954141043825075
0.0004111595044378191
0.0009195773163810372
0.0008938469691202044
0.0008239630260504782
0.0005323844961822033
0.0004314330290071666
0.00036273355362936854
0.00021034562087152153
0.00012112023250665516
6.13679876551032e-05
5.477040394907817e-05
5.743337533203885e-05
5.858853546669707e-05
6.389236659742892e-05
5.9669790061889216e-05
4.1312498069601133e-05
4.275899118511006e-05
5.566616528085433e-05
5.236176366452128e-05
4.9115329602500424e-05
4.352010364527814e-05
4.3041367462137714e-05
4.353506665211171e-05
4.640748375095427e-05
5.21074362040963e-05
4.1446255636401474e-05
3.791085327975452e-05
3.808775363722816e-05
3.6941222788300365e-05
3.924607517546974e-05
4.482541044126265e-05
4.027928662253544e-05
3.881689553963952e-05
3.2808384275995195e-05
