0.0001024944067467004
0.0004267184413038194
0.00040455724229104817
0.0003798920661211014
0.0002352838491788134
9.616611350793391e-05
0.00014489036402665079
0.00019243694259785116
0.00031954137375578284
0.0004165117279626429
0.0002140249707736075
0.0001915692409966141
0.0003056942077819258
0.0006945413770154119
0.0005819150246679783
0.0007306410698220134
0.0005831903545185924
0.00028636574279516935
0.0002709291293285787
0.00017444069089833647
0.0001858469913713634
0.00021957374701742083
0.0003205175744369626
0.0004155195492785424
0.0004133736656513065
0.000371478614397347
0.00021220537018962204
0.0001242394937435165
0.0003919203591067344
0.0011017672950401902
0.002591719152405858
0.004577278159558773
0.0052162944339215755
0.004667183384299278
0.0037627913989126682
0.002805673284456134
0.0022159332875162363
0.0011165818432345986
0.00027930043870583177
7.014699804130942e-05
0.00027405490982346237
0.0004172577755525708
0.0003660423681139946
0.00026405288372188807
0.00011532210191944614
0.00010473568545421585
0.0003252862370572984
0.0005428419099189341
0.0005058745155110955
0.0002527128381188959
8.528983016731218e-05
8.460164826828986e-05
0.0001469869603170082
0.00013306099572218955
0.0001345377677353099
8.694857388036326e-05
6.795340595999733e-05
0.00010737153206719086
0.00015572388656437397
0.00020344695076346397
0.00034235615748912096
0.0003129354154225439
9.929285442922264e-05
3.692251993925311e-05
