3.9082278817659244e-05
4.4687025365419686e-05
4.803817500942387e-05
5.188610157347284e-05
4.705078390543349e-05
5.128460543346591e-05
4.6721652324777097e-05
4.26823171437718e-05
4.639252438209951e-05
4.6840552386129275e-05
4.481002542888746e-05
4.77389658044558e-05
5.4112140787765384e-05
6.811517232563347e-05
6.66340856696479e-05
6.310340540949255e-05
5.861606769030914e-05
5.758542101830244e-05
6.574393046321347e-05
6.048531940905377e-05
5.8301080571254715e-05
4.755944246426225e-05
3.841857687802985e-05
5.692471677321009e-05
4.374451236799359e-05
3.8239046261878684e-05
4.1769726522034034e-05
5.877982039237395e-05
7.112223102012649e-05
0.00010621957335388288
0.00012255643378011882
0.00018078272114507854
0.00021661313076037914
0.00019960304780397564
0.00019439200696069747
0.00010024954826803878
9.537320875097066e-05
6.084657070459798e-05
4.010911288787611e-05
3.8657944969600067e-05
4.5667871745536104e-05
4.960902879247442e-05
4.230830381857231e-05
4.067760892212391e-05
3.895715417456813e-05
3.957988155889325e-05
3.814928641077131e-05
3.8508340367116034e-05
4.763424294651486e-05
3.66831554856617e-05
3.703659604070708e-05
3.738630039151758e-05
3.466816633590497e-05
3.5240398574387655e-05
3.689353616209701e-05
3.606697282521054e-05
3.5653683880809695e-05
3.6066969187231734e-05
3.650098733487539e-05
3.719555388670415e-05
3.923018084606156e-05
3.7595506000798196e-05
3.3391843317076564e-05
3.3436725061619654e-05
