9.655853500589728e-05
0.00041623113793320954
0.0004010462434962392
0.00037549366243183613
0.00031491860863752663
0.00010941768414340913
0.00013767584459856153
0.000170400133356452
0.00033859076211228967
0.00035818436299450696
0.00021773515618406236
0.00017717723676469177
0.00023811138817109168
0.0004210035258438438
0.0005715519655495882
0.0005598869174718857
0.00046817478141747415
0.00029508472653105855
0.0002715026494115591
0.00016653751663397998
0.0001877898321254179
0.00021225307136774063
0.0003128400130663067
0.00040474801789969206
0.00039207926602102816
0.00032002010266296566
0.00019067163520958275
0.0001264910533791408
0.00039344627293758094
0.0009993916610255837
0.0020043635740876198
0.003784738015383482
0.00453315069898963
0.004273078870028257
0.003074939828366041
0.0022724131122231483
0.0018075300613418221
0.0009863743325695395
0.00013535047764889896
7.005316001595929e-05
0.000350289890775457
0.00036283148801885545
0.00031656213104724884
0.00019004702335223556
8.341976354131475e-05
0.0001423604117007926
0.00038004631642252207
0.0005376028711907566
0.00041893895831890404
0.00017755125008989125
7.27529259165749e-05
7.87520912126638e-05
0.00011865175474667922
0.00012213154695928097
0.0001132172328652814
8.052678458625451e-05
5.897243681829423e-05
0.00010597553045954555
0.00014763772196602076
0.00020460732048377395
0.0003294751513749361
0.00023854520986787975
8.482605335302651e-05
3.464852852630429e-05
