0.0001014801673591137
0.00042990504880435765
0.00044483141391538084
0.0004235570377204567
0.00017939700046554208
0.00012191313726361841
0.00015204359078779817
0.00017869399744085968
0.00032469964935444295
0.0003625528479460627
0.00025691671180538833
0.00018586928490549326
0.0002491821360308677
0.00047194401849992573
0.0007321222219616175
0.0005142373847775161
0.0005425963900052011
0.00028773481608368456
0.00028579658828675747
0.000179944938281551
0.00022386896307580173
0.0002465939905960113
0.00029433294548653066
0.0004194190842099488
0.00038619997212663293
0.000281764252576977
0.0001553311594761908
0.00014406965055968612
0.00043280734098516405
0.0012732299510389566
0.0026926780119538307
0.0042978632263839245
0.0046769906766712666
0.004262546543031931
0.0033007359597831964
0.0025108661502599716
0.001808206900022924
0.0005507961614057422
0.00020597621914930642
8.328511466970667e-05
0.00024530739756301045
0.0003864383907057345
0.0003461729793343693
0.0002490175829734653
0.00010393061529612169
0.00013749123900197446
0.0004886923125013709
0.0005554797244258225
0.0004268110205885023
0.0002234351122751832
7.836311851860955e-05
8.108592737698928e-05
0.0001236784883076325
0.00010785026825033128
0.00011526313028298318
8.549747144570574e-05
6.0228179791010916e-05
0.0001272540248464793
0.00016974187747109681
0.00020501873223111033
0.0003394089580979198
0.00030896428506821394
9.195671009365469e-05
3.691096935654059e-05
