0.00010081871005240828
0.00036276227911002934
0.0004350514500401914
0.00042254445725120604
0.0002955746604129672
0.00011281715705990791
0.00014199013821780682
0.00016024195065256208
0.000336205936037004
0.0004017288738396019
0.0001905556709971279
0.00016882647469174117
0.00026019307551905513
0.0005068019963800907
0.0006502283504232764
0.0005173192475922406
0.0006455756956711411
0.00026301469188183546
0.00021776881476398557
0.0001708334166323766
0.0002228656376246363
0.00022917258320376277
0.0002952723589260131
0.00044332645484246314
0.0004230680933687836
0.0003645425895228982
0.00024470893549732864
0.00013129337457939982
0.0003489537339191884
0.0009570982656441629
0.00198747287504375
0.0041791717521846294
0.005232406314462423
0.004812300670892
0.004098639357835054
0.002751330379396677
0.0025245400611311197
0.001634135958738625
0.0003082422190345824
6.722272519255057e-05
0.0002446091966703534
0.00035313519765622914
0.0003457596758380532
0.00021408106840681285
8.537491521565244e-05
9.515015699435025e-05
0.00040593830635771155
0.0005361723597161472
0.00046199531061574817
0.00021674777963198721
8.297095337184146e-05
9.1722838988062e-05
0.0001259225537069142
0.00012074622645741329
0.0001435460289940238
9.118426532950252e-05
8.30756762297824e-05
6.581125489901751e-05
0.00016586710989940912
0.0001552152243675664
0.0003464354667812586
0.00021786420256830752
8.467551378998905e-05
3.668689532787539e-05
