9.900861186906695e-05
0.0004135083290748298
0.00039078330155462027
0.0003741322725545615
0.00025065464433282614
0.0001283723395317793
0.00014809402637183666
0.00017038729856722057
0.00041852009599097073
0.00038245032192207873
0.00023286024224944413
0.0001704749302007258
0.0002675429859664291
0.0005020665121264756
0.0005977362161502242
0.000683412654325366
0.00042552160448394716
0.00026427730335853994
0.00024749222211539745
0.0001618114038137719
0.00019772251835092902
0.00024633307475596666
0.00035798989119939506
0.00045904811122454703
0.0004318199644330889
0.0003620292409323156
0.00021637376630678773
9.622595825931057e-05
0.0004223315045237541
0.001199818099848926
0.002574361627921462
0.004105201456695795
0.004474974703043699
0.004076664336025715
0.0031341356225311756
0.0024032704532146454
0.0021152356639504433
0.0013255455996841192
0.000245732138864696
8.561283175367862e-05
0.0003586509556043893
0.00038918256177566946
0.0003251515736337751
0.00026822686777450144
0.00010814947745529935
0.00012247764971107244
0.00033763659303076565
0.0005407978896982968
0.00040827682823874056
0.00018569162057247013
7.32017433620058e-05
8.388354035560042e-05
0.00011087229358963668
0.0001110667799366638
0.00013445003423839808
8.352449367521331e-05
6.631513679167256e-05
0.00014220146113075316
0.00015919472207315266
0.00022377920686267316
0.00033480109414085746
0.0003052092215511948
0.00010238968388875946
3.8254005630733445e-05
