9.719838999444619e-05
0.0002464474528096616
0.0004009863769169897
0.000349738314980641
0.0002129976055584848
0.00011486318544484675
0.00015227921539917588
0.00016440750914625823
0.000321860279655084
0.00035248446511104703
0.00020977617532480508
0.0001668554323259741
0.00023832081933505833
0.0005603868048638105
0.0005799691425636411
0.00061301130335778
0.00038694500108249485
0.00024989372468553483
0.0002520467678550631
0.00016017930465750396
0.00018834619550034404
0.00023743814381305128
0.00026849613641388714
0.0004272420483175665
0.00038740222225897014
0.0003565686347428709
0.000243781425524503
0.00010844868666026741
0.00028743615257553756
0.0006892453529872
0.0025446496438235044
0.0035391016863286495
0.004924698267132044
0.004768779966980219
0.00315287709236145
0.0023300752509385347
0.0021487739868462086
0.0012870614882558584
0.00034418192808516324
0.00010429060057504103
0.0002612908137962222
0.00039913688669912517
0.0003740378306247294
0.00022897518647368997
8.038372470764443e-05
0.00010599142115097493
0.0002689062966965139
0.0005293923895806074
0.0004568040312733501
0.0002271902048960328
9.064569167094305e-05
9.40118043217808e-05
0.00014169093628879637
0.00011847222049254924
0.0001312913082074374
9.622695506550372e-05
6.394620140781626e-05
8.905858703656122e-05
0.0001397376472596079
0.00018300529336556792
0.00031758155091665685
0.0002875857462640852
0.00011631791858235374
4.464213998289779e-05
