0.0001011479616863653
0.0003138608008157462
0.00040595605969429016
0.0003814629162661731
0.00026266154600307345
9.947238868335262e-05
0.0001327295758528635
0.00015693566820118576
0.0003084912314079702
0.00038213119842112064
0.00021948912763036788
0.00016134223551489413
0.00029804129735566676
0.0005554059171117842
0.0005304340156726539
0.0006114535499364138
0.0004096915072295815
0.0002239193709101528
0.00024180285981856287
0.00015940042794682086
0.00019080999481957406
0.00021733964968007058
0.00028977906913496554
0.00040897622238844633
0.00039338271017186344
0.0003154468722641468
0.00013687644968740642
0.0001439817569917068
0.0004569330485537648
0.0011616297997534275
0.002669241977855563
0.004398517310619354
0.004855266772210598
0.004406750667840242
0.0032723702024668455
0.0026661118026822805
0.0018979269079864025
0.0009042652091011405
0.00021293284953571856
6.90876113367267e-05
0.00029512622859328985
0.0003757781523745507
0.00033414465724490583
0.0002590459189377725
8.032013283809647e-05
0.000130295695271343
0.0003485947090666741
0.0005620511947199702
0.0005021942197345197
0.00023332399723585695
8.639690349809825e-05
9.4340939540416e-05
0.00011878639634232968
0.00011145574535476044
0.0001376815198455006
8.374889148399234e-05
7.831824041204527e-05
0.00011150973296025768
0.0001534201146569103
0.00020883655815850943
0.00038287576171569526
0.000237129585002549
8.060625259531662e-05
3.557420495781116e-05
