9.338345989817753e-05
0.00025178526993840933
0.00039649821701459587
0.00036784884287044406
0.00021115168055985123
0.00012431897630449384
0.00014109248877502978
0.0001606010046089068
0.0002632599789649248
0.0003958399756811559
0.00024405066506005824
0.00017990155902225524
0.0002783436211757362
0.0006208309787325561
0.0005836242344230413
0.0005597621784545481
0.0005714463186450303
0.0002509087207727134
0.00025233905762434006
0.00016121918451972306
0.00020204159955028445
0.00021562573965638876
0.00029386914684437215
0.00040949892718344927
0.0003903279430232942
0.0003350961487740278
0.00021317778737284243
0.00013966791448183358
0.0006015169783495367
0.0010882270289584994
0.0022110131103545427
0.003896672511473298
0.0046951742842793465
0.004081942606717348
0.003117650281637907
0.002326937159523368
0.001579046482220292
0.0008292064885608852
0.0002199792506871745
8.492830238537863e-05
0.0004258507688064128
0.00038360225153155625
0.00032004632521420717
0.00022514229931402951
7.237237150548026e-05
0.00012622175563592464
0.00027085989131592214
0.0005038249073550105
0.0005193837569095194
0.0002560789289418608
7.595990609843284e-05
8.881245594238862e-05
9.718343062559143e-05
0.00012566189980134368
0.00011166356853209436
8.080167754087597e-05
7.172065670602024e-05
0.00011041756806662306
0.00013394138659350574
0.0001696969848126173
0.0003265070845372975
0.00016728835180401802
7.926075340947136e-05
3.485797060420737e-05
