3.0713912565261126e-05
3.850085340673104e-05
4.472331056604162e-05
4.914027522318065e-05
4.4332646211842075e-05
4.363324478617869e-05
4.8606674681650475e-05
4.742479359265417e-05
5.40223772986792e-05
5.586251791100949e-05
4.7363566409330815e-05
4.592527693603188e-05
5.061702540842816e-05
7.968431600602344e-05
8.373393211513758e-05
9.416515968041494e-05
0.00010693768126657233
7.734580140095204e-05
9.215670434059575e-05
6.560180918313563e-05
5.0321195885771886e-05
4.768660801346414e-05
5.419351873570122e-05
6.802540883654729e-05
6.183176446938887e-05
6.587109237443656e-05
4.9409478378947824e-05
6.548212695633993e-05
0.0001024196099024266
0.0001432366989320144
0.0002230760728707537
0.00037848579813726246
0.0004618216771632433
0.0004472003784030676
0.00032469810685142875
0.0003073560365010053
0.00026867567794397473
0.00021432415815070271
0.0001229454210260883
5.325939491740428e-05
0.0001002187782432884
9.882908489089459e-05
9.525352652417496e-05
0.00010244952864013612
5.0270911742700264e-05
7.33604611014016e-05
0.00017510521865915507
0.0001838197058532387
0.00013087446859572083
7.979932706803083e-05
5.2825536840828136e-05
7.533714961027727e-05
8.055190846789628e-05
8.180402801372111e-05
7.020964403636754e-05
6.302859401330352e-05
5.337907714419998e-05
4.839722896576859e-05
7.178373198257759e-05
0.00010237237438559532
0.0001547748252050951
0.0001011479616863653
5.122476432006806e-05
4.006422750535421e-05
