9.917224087985232e-05
0.0003300062380731106
0.0004014212463516742
0.00037613697350025177
0.00025340099819004536
9.520864841761068e-05
0.00015786323638167232
0.00017665361519902945
0.0002407294523436576
0.0004404372302815318
0.00022045824152883142
0.00017060956452041864
0.00027825040160678327
0.00048220696044154465
0.0005318363546393812
0.000547711388207972
0.00032646249746903777
0.0002440506941638887
0.0003063312906306237
0.0001745945046423003
0.00019813784456346184
0.0002184364275308326
0.0003143977955915034
0.0004064020758960396
0.0003929226368200034
0.0003387656179256737
0.00021127222862560302
0.00011715570144588128
0.00028044957434758544
0.0008341678185388446
0.0018437025137245655
0.00379354995675385
0.004802456125617027
0.004452035762369633
0.0037662468384951353
0.0024917914997786283
0.0021836652886122465
0.0014679246814921498
0.00041431619320064783
7.309123611776158e-05
0.0002734980662353337
0.00038155438960529864
0.00033158084261231124
0.00021562291658483446
8.157589036272839e-05
0.00012020203575957566
0.0003302979748696089
0.0005081633571535349
0.00048727853572927415
0.0002653693954925984
7.917098992038518e-05
6.624511297559366e-05
0.00012870521459262818
0.00011861658276757225
0.00011546310997800902
8.421301026828587e-05
7.469030970241874e-05
0.00010699752601794899
0.00016648047312628478
0.00020875963673461229
0.0003249996225349605
0.00029586462187580764
7.987506251083687e-05
3.4947737731272355e-05
