9.643462544772774e-05
0.0003991990815848112
0.0003966029325965792
0.00037353383959271014
0.000273478013696149
0.00010071411088574678
0.00013773737009614706
0.0001579580275574699
0.0003819220291916281
0.00034823938040062785
0.00022297132818493992
0.00016309940838254988
0.0001962518726941198
0.0003945833013858646
0.0005898098461329937
0.0005609174841083586
0.00024767115246504545
0.00027550553204491735
0.00019452953711152077
0.00015890765644144267
0.00019916918245144188
0.0002176005218643695
0.00025166559498757124
0.00039850559551268816
0.00037345531745813787
0.0003130548866465688
0.0001898849877761677
0.00018043862655758858
0.00041368784150108695
0.0009995411382988095
0.002195708453655243
0.00385948084294796
0.004683041013777256
0.004243980627506971
0.0036333377938717604
0.002472836524248123
0.002132844179868698
0.0009043457102961838
0.00023515649081673473
7.629088213434443e-05
0.0003595729067455977
0.00035125951399095356
0.000317042984534055
0.0002378719946136698
9.648028208175674e-05
0.00010297313565388322
0.0002893810160458088
0.0004932478186674416
0.0004548890865407884
0.0002162839809898287
7.383008050965145e-05
7.84977528383024e-05
0.00011172503582201898
0.00011130614439025521
0.00012891464575659484
8.696540317032486e-05
7.960484072100371e-05
0.00011052523041144013
0.00014971286873333156
0.000246412557316944
0.00033383804839104414
0.00026258674915879965
9.697398490970954e-05
4.081225051777437e-05
