0.00010541170195210725
0.0003524869680404663
0.00041946728015318513
0.0004650622431654483
0.0002922534476965666
0.00010300306166755036
0.0001498666824772954
0.00018870049098040909
0.00035496786586008966
0.0004295310063753277
0.0002919366233982146
0.0002078289835480973
0.0002766438410617411
0.0005411506863310933
0.0005861955578438938
0.000760951079428196
0.0005781046929769218
0.0003489387745503336
0.0003452192177064717
0.00022174458717927337
0.0002153115492546931
0.0002172414679080248
0.00029180460842326283
0.0004604693385772407
0.00043065304635092616
0.00041584213613532484
0.00031764141749590635
0.00017587568436283618
0.0004009863769169897
0.0009647729457356036
0.0018798024393618107
0.004858526401221752
0.005370134487748146
0.004977166187018156
0.004058192018419504
0.002901822328567505
0.002674121642485261
0.0018948910292237997
0.0007503872038796544
0.00011608508793869987
0.0002992811205331236
0.0004207641468383372
0.00033367908326908946
0.0003259445074945688
0.00021329190349206328
8.724966028239578e-05
0.0003444664762355387
0.0005325517267920077
0.0004678363329730928
0.00022759225976187736
0.00013646970910485834
0.00014582002768293023
0.00015409318439196795
0.00012601230992004275
0.00011401400115573779
9.432597289560363e-05
6.376166857080534e-05
6.838447006884962e-05
0.00015626245294697583
0.00015642702055629343
0.00030791707104071975
0.0002980412682518363
8.543849980924278e-05
4.066264591529034e-05
