9.54779316089116e-05
0.00025420039310120046
0.00038440170465037227
0.000361445767339319
0.0002622127649374306
0.00011312493006698787
0.00013812963152304292
0.00016242470883298665
0.00035722035681828856
0.00034485457581467927
0.00019788257486652583
0.00014733104035258293
0.0002398559299763292
0.0006324039422906935
0.0005478077800944448
0.0005330249550752342
0.0003955286229029298
0.00025025929789990187
0.00021713299793191254
0.00014504208229482174
0.0001800646132323891
0.00021224466036073864
0.00026388830156065524
0.0003989138058386743
0.0003832002985291183
0.0003399978158995509
0.00020946723816450685
0.00016383528418373317
0.0004044272645842284
0.0010387527290731668
0.0021038209088146687
0.0037779908161610365
0.004792432766407728
0.004290963523089886
0.0033541603479534388
0.002583245048299432
0.002068675821647048
0.000645628955680877
0.00021573419508058578
7.957305206218734e-05
0.00020295266585890204
0.00036164026823826134
0.00033288614940829575
0.00027868422330357134
9.175825834972784e-05
5.43515088793356e-05
0.00036885589361190796
0.0005409727455116808
0.00041867251275107265
0.00020476439385674894
8.228276419686154e-05
0.00010644111898727715
9.802776185097173e-05
0.00013115405454300344
0.00013343272439669818
8.47390983835794e-05
7.459306652890518e-05
8.075679943431169e-05
0.0001622316922293976
0.00019851571414619684
0.0003467123897280544
0.00027912043151445687
0.00011194815306225792
3.6082867154618725e-05
