9.343498095404357e-05
0.00033399323001503944
0.00036956931580789387
0.0003513174888212234
0.00023892604804132134
0.00010209664469584823
0.00013216784282121807
0.00016431086987722665
0.00031533153378404677
0.0003615798195824027
0.00020583691366482526
0.00015168185927905142
0.0002862149849534035
0.0005470308824442327
0.0005186357884667814
0.0005265648360364139
0.0004605292051564902
0.0002194855478592217
0.00024162708723451942
0.00015208846889436245
0.00019260906265117228
0.0002170740335714072
0.00030394058558158576
0.0004060668288730085
0.00038244659663178027
0.0003236106422264129
0.0001976132916752249
0.00011664703924907371
0.0003133327991236001
0.0007803848129697144
0.0023133307695388794
0.004124691244214773
0.0045853364281356335
0.004192829132080078
0.0033490455243736506
0.002480895724147558
0.0020218428689986467
0.0007171317702159286
0.00018585434008855373
7.980583905009553e-05
0.00025060848565772176
0.0003429779608268291
0.00032088314765132964
0.00019843985501211137
7.39301394787617e-05
0.00013603399565909058
0.00039068044861778617
0.0005322778597474098
0.0003916659625247121
0.00023566411982756108
7.502692460548133e-05
8.718188473721966e-05
0.00012261611118447036
0.0001285406615352258
0.00011380454816389829
8.332999277627096e-05
7.658281538169831e-05
9.241102816304192e-05
0.00015198375331237912
0.00017562134598847479
0.00029078731313347816
0.00033492076909169555
0.00010515737812966108
4.2652398406062275e-05
