3.5740646126214415e-05
4.7194356739055365e-05
5.004017293686047e-05
5.878527736058459e-05
5.3985851991456e-05
4.636727680917829e-05
4.763424294651486e-05
5.737353058066219e-05
5.916878581047058e-05
7.14513662387617e-05
6.802540883654729e-05
4.954918767907657e-05
5.337907714419998e-05
7.013483991613612e-05
6.281915557337925e-05
4.994268965674564e-05
4.412549242260866e-05
4.005674782092683e-05
4.416394585859962e-05
4.174167770543136e-05
3.9563987229485065e-05
4.658981197280809e-05
5.0690861826296896e-05
4.787735451827757e-05
4.728921703645028e-05
4.2409286834299564e-05
5.053190761827864e-05
5.967183824395761e-05
5.3695115639129654e-05
5.420377419795841e-05
9.567521919962019e-05
0.0001516116171842441
0.0001655837841099128
0.00013772639795206487
0.0001009534826152958
9.667477570474148e-05
0.0001002187782432884
8.175176481017843e-05
4.926026667817496e-05
4.374861600808799e-05
4.1391976992599666e-05
4.018391337012872e-05
5.288444663165137e-05
6.407489854609594e-05
6.008512355037965e-05
6.442460289690644e-05
8.661476749693975e-05
0.00011231784446863458
0.00010314612154616043
7.094177271937951e-05
5.1793267630273476e-05
6.033571116859093e-05
6.602070789085701e-05
6.676872726529837e-05
7.849776011426002e-05
6.009633943904191e-05
6.100893733673729e-05
6.452464731410146e-05
0.00010312274389434606
0.00014037439541425556
0.00032353823189623654
0.0002353103191126138
8.959697152022272e-05
3.89272317988798e-05
