9.537320875097066e-05
0.0003625528479460627
0.00039750058203935623
0.0003683713439386338
0.00022406551579479128
0.00012101270112907514
0.00014365074457600713
0.00016861982294358313
0.00030969371437095106
0.0003206446999683976
0.0002176902926294133
0.00016706393216736615
0.00020443247922230512
0.0005497957463376224
0.0005701703485101461
0.0005551644135266542
0.0004816193541046232
0.00028437108267098665
0.00028604481485672295
0.0001698615524219349
0.000182727599167265
0.00022019674361217767
0.00030778624932281673
0.0003929145459551364
0.00036103525781072676
0.0003276300267316401
0.0001330288068857044
0.00015120263560675085
0.0006986247026361525
0.0009834516094997525
0.002217535162344575
0.004063616972416639
0.00450046407058835
0.00396229512989521
0.0030726019758731127
0.002323391381651163
0.0015948150539770722
0.0008139308774843812
0.00018818816170096397
8.053238707361743e-05
0.00025863718474283814
0.00039422421832568944
0.0003253011673223227
0.0002699772594496608
8.950638584792614e-05
0.00011087135499110445
0.00030319453799165785
0.000516191590577364
0.00037791632348671556
0.00016757073171902448
7.037421164568514e-05
9.878420678433031e-05
0.00011533052020240575
0.00011335573071846738
0.0001262516889255494
8.125950989779085e-05
6.237715570023283e-05
0.00010093408491229638
0.0001399601751472801
0.00021894508972764015
0.000328020250890404
0.00022991302830632776
8.117849938571453e-05
3.596505121095106e-05
