3.990292680100538e-05
4.7469678975176066e-05
4.427931708050892e-05
5.107081597088836e-05
4.781100506079383e-05
4.49843610113021e-05
4.657391764339991e-05
6.017114719725214e-05
7.459306652890518e-05
6.795061199227348e-05
7.218442624434829e-05
4.6272838517325e-05
5.427670475910418e-05
6.898288120282814e-05
9.826180030358955e-05
8.772027649683878e-05
8.133744995575398e-05
6.204027158673853e-05
6.32081282674335e-05
5.073106876807287e-05
4.407364394864999e-05
6.350733747240156e-05
5.008776133763604e-05
9.354802750749514e-05
9.796297672437504e-05
5.0240148993907496e-05
7.22144395695068e-05
5.7985376770375296e-05
0.00011112662468804047
0.0001839272299548611
0.00035143716377206147
0.0003736385842785239
0.00036354022449813783
0.00025413406547158957
0.00018227875989396125
0.00019312513177283108
0.0001951597660081461
9.721334936330095e-05
5.036320726503618e-05
5.4924199503147975e-05
7.769070361973718e-05
7.68708050600253e-05
6.658639904344454e-05
5.8892957895295694e-05
4.3669708247762173e-05
5.477601371239871e-05
7.305587496375665e-05
7.955715409480035e-05
7.782453758409247e-05
4.748463834403083e-05
4.4731907109962776e-05
4.021383210783824e-05
4.0438240830553696e-05
4.8172823881031945e-05
5.312474968377501e-05
4.003430876764469e-05
3.581849159672856e-05
4.139505108469166e-05
3.623413067543879e-05
4.3687083234544843e-05
4.803630508831702e-05
4.420548430061899e-05
4.184452700428665e-05
3.195563476765528e-05
