9.663459786679596e-05
0.0004173980560153723
0.0004164502024650574
0.0003865845501422882
0.00014828942948952317
0.00010905926319537684
0.00014542826102115214
0.000170804065419361
0.00024159715394489467
0.00037739332765340805
0.0001981855311896652
0.0001608702732482925
0.00022036820882931352
0.0005034510395489633
0.0005489728646352887
0.0005768387345597148
0.0002909518370870501
0.00028034954448230565
0.0002725654048845172
0.00017954099166672677
0.00020000696531496942
0.00022337748669087887
0.0003208539274055511
0.00040493873530067503
0.0003949245437979698
0.00032111225300468504
0.00019264638831373304
0.00011699114111252129
0.0004988249856978655
0.0011306109372526407
0.002927695866674185
0.004080058541148901
0.004645251203328371
0.004262352362275124
0.003346190555021167
0.002415480324998498
0.0017221934394910932
0.0011444337433204055
0.0003389002522453666
7.37486407160759e-05
0.00027587468503043056
0.00034518743632361293
0.00032619881676509976
0.0002380664664087817
9.909837535815313e-05
0.00013139197835698724
0.0003505657659843564
0.0005527756293304265
0.0004471544816624373
0.00021450368512887508
6.978396413614973e-05
0.00012011788203381002
0.00010984001710312441
0.00011441792594268918
0.0001376366417389363
8.248243830166757e-05
6.501530151581392e-05
9.390414925292134e-05
0.00015141525364015251
0.00019661092665046453
0.0003191673895344138
0.0003169083793181926
0.00011362502846168354
3.581879354896955e-05
