0.00010380297317169607
0.0003885841288138181
0.00042218799353577197
0.00041035914910025895
0.00026121039991267025
0.00012070134107489139
0.0001655878877500072
0.00019157299539074302
0.00038225585012696683
0.00041325396159663796
0.00022369623184204102
0.00017917856166604906
0.0002815817133523524
0.0006666269619017839
0.0006158566102385521
0.0006489268271252513
0.0005670629325322807
0.00027729294379241765
0.00032399961492046714
0.0001800646132323891
0.0001816504227463156
0.000256184721365571
0.00036642540362663567
0.00047010392881929874
0.0004441474156919867
0.00038687861524522305
0.0001791324175428599
0.00022668621386401355
0.0004148811276536435
0.0013989716535434127
0.002591802505776286
0.004112343303859234
0.004905131179839373
0.004525909665971994
0.0034516563173383474
0.0025678854435682297
0.0018882466247305274
0.0010091308504343033
0.00022071207058615983
0.00010739023855421692
0.0003275433846283704
0.0003778574173338711
0.0003355790686327964
0.00026206314214505255
0.00010132749594049528
0.0001065786273102276
0.00032697676215320826
0.0005663448246195912
0.0005236176075413823
0.00025275771622546017
9.253071766579524e-05
8.192371751647443e-05
0.00011471705511212349
0.00012553113629110157
0.00010729485802585259
8.742544014239684e-05
6.7980530729983e-05
9.092994150705636e-05
0.00016419151506852359
0.0001764292101142928
0.00035968009615316987
0.0001894149463623762
9.631946886656806e-05
3.759550236281939e-05
