0.00010716955875977874
0.000442162505351007
0.00041641067946329713
0.00039705177186988294
0.00023209307983051986
0.00012636180326808244
0.00016119942301884294
0.0001659867848502472
0.00025003487826325
0.00037583516677841544
0.0002196045097662136
0.00017547133029438555
0.0003184829547535628
0.0005761654465459287
0.0005938571994192898
0.0006144728395156562
0.0005558275734074414
0.00028843473410233855
0.00022288717445917428
0.00017478354857303202
0.00017997485701926053
0.00022013521811459213
0.00040863119647838175
0.0004398986347950995
0.0004125737468712032
0.00035690347431227565
0.00019088105182163417
0.00014348617696668953
0.00038533765473403037
0.0009067861246876419
0.00195785122923553
0.0038857064209878445
0.004864726215600967
0.004234109539538622
0.003385786199942231
0.0025931489653885365
0.0019978571217507124
0.0009607697138562799
0.00027586700161919
0.00010708728223107755
0.00029060780070722103
0.0004172039625700563
0.0003681790258269757
0.00029188048210926354
0.00010822428157553077
0.00011931000335607678
0.00032399961492046714
0.0005723888170905411
0.000514117709826678
0.00023986175074242055
9.125906217377633e-05
9.651020809542388e-05
0.0001442042994312942
9.13637995836325e-05
0.00011806280235759914
9.181209316011518e-05
6.013281017658301e-05
0.0001401986082782969
0.00016641034744679928
0.00022856656869407743
0.0003460364241618663
0.0003080517053604126
0.00011274234566371888
4.359491140348837e-05
