0.00010198575182585046
0.00041685946052893996
0.00042323401430621743
0.0004000367771368474
0.0002462909324094653
0.00010975025361403823
0.00013175714411772788
0.00016449014947284013
0.0005124879535287619
0.0003619544440880418
0.0002330285351490602
0.00017874808690976351
0.00020795098680537194
0.0005587486084550619
0.0005069563048891723
0.0006399505073204637
0.0005056650843471289
0.00024690813734196126
0.00028025510255247355
0.0001656127569731325
0.0001780299935489893
0.00022410834208130836
0.00028248419403098524
0.0004390907706692815
0.00041974682244472206
0.0003445972397457808
0.00020441402739379555
0.00015176646411418915
0.0006085446802899241
0.0013293605297803879
0.002960579004138708
0.004267378710210323
0.005210339091718197
0.00477792089805007
0.003985388670116663
0.0028952464926987886
0.002511270111426711
0.0016378461150452495
0.0004192082560621202
5.774754754384048e-05
0.00013937204494141042
0.0004366821376606822
0.00034418192808516324
0.0001490842259954661
8.181898738257587e-05
0.00011700609320541844
0.00028547632973641157
0.0005319057963788509
0.0004884303198195994
0.00020652143575716764
7.455005834344774e-05
0.00011245809582760558
0.00012052182137267664
0.00011648247891571373
0.00013662026321981102
8.718956814846024e-05
6.796879461035132e-05
9.062761819222942e-05
0.00015234280726872385
0.00018630849081091583
0.000388629938242957
0.00026122722192667425
8.718700701138005e-05
3.776778976316564e-05
