0.00010728176857810467
0.00041869960841722786
0.0003931990941055119
0.0003839912242256105
0.00024993016268126667
0.00011923188139917329
0.0001610694598639384
0.0001791585673345253
0.000347233290085569
0.0003913518157787621
0.00025063331122510135
0.00016615356435067952
0.0002725981757976115
0.0005620943265967071
0.0004970374866388738
0.0006852406659163535
0.00042770113213919103
0.00027238589245826006
0.0002621379680931568
0.00016712378419470042
0.00019092594448011369
0.00022641138639301062
0.00032442272640764713
0.00040892852121032774
0.00039296940667554736
0.0003037159622181207
0.0001529468281660229
0.00017490323807578534
0.0005153444944880903
0.0011516595259308815
0.002427925355732441
0.004288264084607363
0.004983298946171999
0.004505041521042585
0.003592630149796605
0.0025208909064531326
0.0017710094107314944
0.0011869664303958416
0.00033119559520855546
6.702305836370215e-05
0.00019511488790158182
0.0004168445011600852
0.00033782311948016286
0.00029719038866460323
0.00011660216114250943
7.127183926058933e-05
0.00037050186074338853
0.0005541875725612044
0.0003987872041761875
0.0001858543255366385
7.776469283271581e-05
9.049608343048021e-05
0.0001275532558793202
0.00011549508053576574
0.00013661930279340595
8.614257239969447e-05
8.178906864486635e-05
0.00011562462896108627
0.00016015776782296598
0.00020629071514122188
0.00036044715670868754
0.00026740404427982867
9.9487355328165e-05
3.922643736586906e-05
