9.879916615318507e-05
0.00043242520769126713
0.0004218862159177661
0.00040324690053239465
0.0002552925143390894
0.00011612458183662966
0.00015060737496241927
0.00016205217980314046
0.0002950959315057844
0.00041407678509131074
0.00023725863138679415
0.00017253949772566557
0.00028968072729185224
0.0005726777017116547
0.0005096903187222779
0.0005575641407631338
0.00041570005123503506
0.000275437836535275
0.0003173272416461259
0.00017307930102106184
0.0002159698196919635
0.00023051143216434866
0.00028062911587767303
0.00039801394450478256
0.00038514623884111643
0.00029297152650542557
0.00019197315850760788
0.00015172942948993295
0.00036502128932625055
0.001133242971263826
0.0027362804394215345
0.004227810073643923
0.004518846515566111
0.00429571745917201
0.003222657134756446
0.002446521073579788
0.0019880265463143587
0.0009139830362983048
9.459433204028755e-05
9.764720743987709e-05
0.0003486583009362221
0.00042765657417476177
0.0003537869197316468
0.00023336888989433646
9.962198964785784e-05
0.00010212038614554331
0.0002996289695147425
0.0005444874987006187
0.0005530599155463278
0.00024137881700880826
0.00011906267900485545
0.00012624233204405755
0.00012662568769883364
0.00012417217658367008
0.00013804055924993008
0.0001253091759281233
9.62558769970201e-05
8.914963837014511e-05
0.00017683315672911704
0.00017104344442486763
0.0003205138200428337
0.0002886501024477184
0.00010267233301419765
3.400522473384626e-05
