9.611158020561561e-05
0.0003634719178080559
0.0003934911510441452
0.00037133466685190797
0.00020708290685433894
0.00011737262684619054
0.0001306949561694637
0.00015134343993850052
0.00029191895737312734
0.0003574803122319281
0.0001825602084863931
0.00016885920194908977
0.00026930400053970516
0.00047447235556319356
0.0005291598499752581
0.0007122994866222143
0.00041738306754268706
0.000220727248233743
0.00022906491358298808
0.00015342779806815088
0.0001753867109073326
0.00021765090059489012
0.0003238397475797683
0.0004024113586638123
0.0003709606535267085
0.00030449486803263426
0.00017731188563629985
0.00014730110706295818
0.0003941643808502704
0.0009810051415115595
0.0017831424484029412
0.003627697704359889
0.004753056913614273
0.004121392033994198
0.0032195765525102615
0.0023336284793913364
0.0016582970274612308
0.0009705328266136348
0.00029264242039062083
5.842077007400803e-05
0.0001861086639109999
0.000410665845265612
0.00031484378268942237
0.0002167279162677005
8.602048183092847e-05
0.00010754867253126577
0.0004156682698521763
0.0005361246294341981
0.00047847352107055485
0.00020341445633675903
7.237237150548026e-05
9.793239587452263e-05
0.00011269747483311221
0.00011751474812626839
0.00012131471885368228
7.970957085490227e-05
7.200489926617593e-05
7.275293319253251e-05
0.0001572498440509662
0.0001597931404830888
0.00028822902822867036
0.0002704714424908161
7.101157825672999e-05
3.3391843317076564e-05
