0.00010137249046238139
0.00037182835512794554
0.00041281216545030475
0.00041576565126888454
0.00014160116552375257
0.0001410177064826712
0.0001539435761515051
0.00018495670519769192
0.00025772457593120635
0.0004368616791907698
0.00027141341706737876
0.00016543324454687536
0.00019895972218364477
0.00041855001472868025
0.0006919981096871197
0.0006080888560973108
0.00046895930427126586
0.00024753963225521147
0.0002778898342512548
0.00016513869923073798
0.00021002769062761217
0.0002435569913359359
0.0003093533159699291
0.00045188204967416823
0.000428066763561219
0.00034601398510858417
0.0002449483145028353
0.0001500388898421079
0.0004021682543680072
0.0010428070090711117
0.0021808824967592955
0.004265912808477879
0.005161897279322147
0.00482536107301712
0.0038304724730551243
0.0027421405538916588
0.0024361684918403625
0.0014461720129474998
0.000401121040340513
5.376804983825423e-05
0.0001501585793448612
0.00043274753261357546
0.0003315247886348516
0.0003678638022392988
0.0001825929357437417
0.00012305013660807163
0.0003154122969135642
0.0005505316075868905
0.0005849107983522117
0.0003149335680063814
9.402676369063556e-05
0.00010866070806514472
0.00015288138820324093
0.00011253291449975222
0.0001340455055469647
8.888167940312997e-05
6.413848313968629e-05
7.822910265531391e-05
0.0001564597332617268
0.00024111938546411693
0.0003698096261359751
0.0002830994490068406
0.00011863966210512444
3.808944165939465e-05
