9.763448179000989e-05
0.0003389900375623256
0.000406252482207492
0.00037027112557552755
0.00013274360389914364
0.00012810211046598852
0.00014258857117965817
0.00016139390936587006
0.0002553608501330018
0.00034012855030596256
0.00022455776343122125
0.0001851661509135738
0.00027612599660642445
0.0004726471961475909
0.0005774847813881934
0.0006427032058127224
0.0005626197089441121
0.0002565066097304225
0.00026606046594679356
0.00017347924585919827
0.00021462338918354362
0.00022309103223960847
0.0002867928706109524
0.0004024674417451024
0.00040339500992558897
0.0003564190410543233
0.0002636938006617129
0.00010068417759612203
0.0004998863441869617
0.0011602535378187895
0.003018975490704179
0.004317195154726505
0.00454377057030797
0.0041400715708732605
0.003094295971095562
0.0023641488514840603
0.0019095438765361905
0.0011048781452700496
0.00031663908157497644
8.505046571372077e-05
0.0002559592539910227
0.00043591915164142847
0.0003449818177614361
0.00023148769105318934
8.020886889426038e-05
0.00011780180648202077
0.00032283272594213486
0.000531217607203871
0.00048117374535650015
0.00023341375344898552
8.609769429313019e-05
0.0001030645944410935
0.00011489394819363952
0.0001761789171723649
0.00010201567056355998
0.00011721367627615109
0.00011483682465041056
8.94039694685489e-05
0.000166061581694521
0.0002224411873612553
0.0003447048948146403
0.0002945186279248446
7.710643694736063e-05
3.7072128179715946e-05
