9.902357851387933e-05
0.00042571418453007936
0.00040174939204007387
0.0003754936915356666
0.0003448246861808002
0.00012251612497493625
0.00016327893536072224
0.00016812706599012017
0.0003333798376843333
0.00036840239772573113
0.0002214453706983477
0.0001685450115473941
0.0002373034949414432
0.0004606189613696188
0.0005562104051932693
0.0005855299532413483
0.0002789030550047755
0.00026278122095391154
0.0002724157820921391
0.00018132130207959563
0.00020428324933163822
0.00022236570657696575
0.000362971710273996
0.0004089752910658717
0.0003401419962756336
0.0003703323018271476
0.00028312753420323133
0.00014613635721616447
0.0005961012793704867
0.0012241736985743046
0.0026592048816382885
0.00405749911442399
0.004459921736270189
0.004097906406968832
0.003363151103258133
0.0024359740782529116
0.002028255257755518
0.001325874705798924
0.00030474603408947587
8.346694812644273e-05
0.0003958306333515793
0.0003739227831829339
0.0003279940865468234
0.00026770326076075435
0.00010542666859691963
7.661274139536545e-05
0.000225484705879353
0.0005228605587035418
0.00041147388401441276
0.00012705301924142987
6.914744881214574e-05
8.78480714163743e-05
0.00010904710507020354
0.00011495650687720627
0.00012729893205687404
8.282955968752503e-05
5.903601777390577e-05
8.814728789729998e-05
0.00014538261166308075
0.00026116365916095674
0.0003426104667596519
0.0002559442655183375
0.00010093850869452581
3.844810271402821e-05
