8.636698476038873e-05
0.00024521761224605143
0.00041498118662275374
0.0003341292613185942
0.00016847677761688828
0.0001149093295680359
0.00013446500815916806
0.00016434112330898643
0.0002897550293710083
0.00043319855467416346
0.0002311108255526051
0.0001771480601746589
0.0003057665308006108
0.0005802664672955871
0.0005661952891387045
0.0005111704813316464
0.00046182889491319656
0.00023137914831750095
0.0002868078008759767
0.00016812613466754556
0.00017096861847676337
0.00020111404592171311
0.0002419263037154451
0.00041042015072889626
0.00037645496195182204
0.0003127549134660512
0.00018328576697967947
0.00014493547496385872
0.0005429756129160523
0.0012564879143610597
0.0025667438749223948
0.003856683149933815
0.00412914389744401
0.0038506989367306232
0.003483852371573448
0.002706594532355666
0.0020772763527929783
0.0010660556145012379
0.00025986021501012146
5.355205576051958e-05
0.00019142993551213294
0.0003665323310997337
0.00032539753010496497
0.00027295437757857144
9.67794912867248e-05
0.00010595028288662434
0.0003108474484179169
0.00041462734225206077
0.00029452834860421717
0.00016365296323783696
7.436866144416854e-05
9.467006020713598e-05
0.00010618964734021574
0.00010795499838422984
0.0001198037134599872
8.33599260658957e-05
8.575360698159784e-05
0.00011485550203360617
0.00016651855548843741
0.00020869812578894198
0.00036693253787234426
0.0002280055487062782
8.068573515629396e-05
3.401644426048733e-05
