9.931888780556619e-05
0.0003814159135799855
0.00038424276863224804
0.0003942092589568347
0.0002729244588408619
9.665981633588672e-05
0.0001675725943641737
0.00016734920791350305
0.0002643530024215579
0.00039396987995132804
0.00017396073963027447
0.0001970896846614778
0.00024394597858190536
0.00042378620128147304
0.0007683266303502023
0.000585391535423696
0.000314275297569111
0.00028212516917847097
0.0002687355154193938
0.0001465680543333292
0.00018353544874116778
0.0002200091548729688
0.00029264192562550306
0.00038951498572714627
0.0003576757153496146
0.0003723220434039831
0.00025705137522891164
0.00028307383763603866
0.00040690519381314516
0.0014489098684862256
0.002194045577198267
0.004267051350325346
0.004755244590342045
0.004418275319039822
0.00331421522423625
0.002747167367488146
0.002073884941637516
0.0013274304801598191
0.00024394597858190536
6.824981392128393e-05
0.00020609590865205973
0.0003826696192845702
0.0003424436436034739
0.00027644383953884244
0.00010381834727013484
0.00014353667211253196
0.0003379072586540133
0.000581649481318891
0.00043297195225022733
0.0002239587192889303
8.895515202311799e-05
0.00010170150926569477
0.00013857914018444717
0.00011928009189432487
0.00014878218644298613
8.624730253359303e-05
7.869224646128714e-05
6.498842412838712e-05
0.00015669631829950958
0.00016577735368628055
0.0002752433647401631
0.00038991562905721366
8.042114495765418e-05
3.88338157790713e-05
