0.00010090485739056021
0.00030137933208607137
0.00042365703848190606
0.0004003829089924693
0.00017982524877879769
0.0001090171790565364
0.00012785245780833066
0.0001479593920521438
0.00021246905089356005
0.00039477585232816637
0.0002569231146480888
0.00019416137365624309
0.00034204014809802175
0.0006290742312557995
0.0006501835305243731
0.0006058813887648284
0.000447423430159688
0.00025456954608671367
0.00027711299480870366
0.00016850292740855366
0.00021044099412392825
0.000232138394494541
0.0003449172363616526
0.00044326289207674563
0.0004260798159521073
0.00034835064434446394
0.00018591416301205754
0.00015892354713287205
0.0005142841255292296
0.001240487676113844
0.0029630393255501986
0.0047042518854141235
0.004962189123034477
0.004462560173124075
0.0033603638876229525
0.0026701956521719694
0.0022823349572718143
0.000877433514688164
0.0003547499072737992
8.224349585361779e-05
0.00030462202266789973
0.0003977698797825724
0.00034615612821653485
0.00024096349079627544
0.00010511050641071051
0.00015434563101734966
0.00038107956061139703
0.0005580763099715114
0.0004329307994339615
0.00019483156211208552
7.909618580015376e-05
0.0001039885901263915
0.0001168480739579536
0.00013523921370506287
0.00011866671411553398
8.695045107742772e-05
6.941673927940428e-05
0.00010258416295982897
0.00016236634110100567
0.00021031475625932217
0.0003491183160804212
0.000327335816109553
7.64293217798695e-05
3.6126450140727684e-05
