0.00014224446204025298
0.0005428428412415087
0.000868853647261858
0.0009362111450172961
0.000653614173643291
0.0004934133030474186
0.0003613260923884809
0.00021203521464485675
0.00036472210194915533
0.0006283411639742553
0.0003008255735039711
0.00021353598276618868
0.0003115166036877781
0.0006200829520821571
0.0006319017265923321
0.000631782051641494
0.0008987372857518494
0.0005883681587874889
0.000601620355155319
0.00027515171677805483
0.00020269985543563962
0.00018295198970008641
0.0003949297533836216
0.000520553148817271
0.0004735664406325668
0.00047924270620569587
0.00023422070080414414
0.00012187106040073559
0.00025301205459982157
0.0007954948814585805
0.0024856876116245985
0.005239646881818771
0.007249515037983656
0.007247181609272957
0.006823635194450617
0.005976002663373947
0.005619733594357967
0.0040719350799918175
0.0015428917249664664
0.00027933582896366715
0.000322599895298481
0.0005152219673618674
0.0006187963881529868
0.000654551899060607
0.0004600354877766222
0.0002100155397783965
0.0002949149056803435
0.0006904522888362408
0.0007726230542175472
0.0004874725127592683
0.00023585795133840293
0.00022077214089222252
0.00019628180598374456
0.00022526030079461634
0.00027301142108626664
0.0001563736004754901
7.329430809477344e-05
9.769208554644138e-05
0.00012213755690027028
0.0001761898456607014
0.0005526415770873427
0.0005442964611575007
0.00016604475968051702
7.088286656653509e-05
