0.00010149900481337681
0.0004516276530921459
0.000441450800281018
0.0004223574651405215
0.00023344899818766862
0.00011433247709646821
0.00013914762530475855
0.00015701049414929003
0.0003242765960749239
0.0004097663622815162
0.00021149009990040213
0.00018421334971208125
0.00029341565095819533
0.0005907416343688965
0.0005868313601240516
0.0006363618304021657
0.00044008379336446524
0.0002777109039016068
0.0002515309606678784
0.000167205129400827
0.00019632668409030885
0.00021896192629355937
0.0002771134313661605
0.0004090949660167098
0.0003847392799798399
0.00033596804132685065
0.00022491620620712638
0.00016475908341817558
0.0005367665435187519
0.0012930376688018441
0.0027908587362617254
0.0045915814116597176
0.005183149129152298
0.004770106170326471
0.0033379350788891315
0.0026895722839981318
0.0020083372946828604
0.0008805490797385573
0.00022585966507904232
7.567864668089896e-05
0.0003140003827866167
0.00041247319313697517
0.00036148037179373205
0.0002449025050736964
9.753500489750877e-05
0.00014072316116653383
0.00038506838609464467
0.0005690526450052857
0.0005136389518156648
0.0002690496912691742
8.733941649552435e-05
9.257559577235952e-05
0.00013881850463803858
0.00012546432844828814
0.00011792435543611646
9.331961337011307e-05
8.581281144870445e-05
0.00014461758837569505
0.0001545363775221631
0.0002354446769459173
0.00036655101575888693
0.0002373839233769104
7.555147749371827e-05
3.905686753569171e-05
