0.0001065381002263166
0.00033140505547635257
0.00041573488852009177
0.00038189676706679165
0.00023088544548954815
9.897868585539982e-05
0.0001352878171019256
0.00017122295685112476
0.0002730441337917
0.000496643828228116
0.00025440030731260777
0.0001968072319868952
0.00027909738128073514
0.0006790890474803746
0.0005995319806970656
0.0006448023486882448
0.000593929027672857
0.000281827844446525
0.00025485310470685363
0.0001668096228968352
0.00020142820721957833
0.00023157363466452807
0.0003016635891981423
0.0004243546864017844
0.00039241460035555065
0.0002895754878409207
0.00018088743672706187
0.00011969898332608864
0.00048426681314595044
0.0011386018013581634
0.002835276070982218
0.005256669130176306
0.00517159653827548
0.004644452594220638
0.003475495148450136
0.0027449524495750666
0.002127887913957238
0.0010200371034443378
0.00023480510571971536
7.172065670602024e-05
0.00025875685969367623
0.00041225162567570806
0.00033836171496659517
0.0003240445221308619
9.012767986860126e-05
0.00012837693793699145
0.00042495125671848655
0.0005584259633906186
0.00043027623905800283
0.00018488096247892827
7.518588245147839e-05
0.00010920232307398692
0.00012107628572266549
0.00012919891742058098
0.00010999709775205702
8.839507063385099e-05
7.569453737232834e-05
0.00011080777767347172
0.00016191191389225423
0.00021173599816393107
0.0003502104082144797
0.00029751952388323843
0.00012034228711854666
3.5549597669159994e-05
