4.256824468029663e-05
6.163727084640414e-05
8.356936450581998e-05
8.947877358878031e-05
5.846993008162826e-05
4.3763997382484376e-05
4.6294459025375545e-05
4.687593173002824e-05
5.975131716695614e-05
6.285094423219562e-05
4.129660010221414e-05
4.3056392314611e-05
5.817765850224532e-05
6.127821689005941e-05
6.25498651061207e-05
7.240883132908493e-05
7.179545355029404e-05
4.963895116816275e-05
5.795698962174356e-05
4.7275188990170136e-05
4.3759471736848354e-05
4.6467321226373315e-05
4.3864194594789296e-05
5.781615982414223e-05
5.723161666537635e-05
5.0240148993907496e-05
4.674876981880516e-05
4.360145248938352e-05
5.433654587250203e-05
6.926093919901177e-05
0.00010214932262897491
0.00015463176532648504
0.00010543507960392162
7.507461123168468e-05
8.456424257019535e-05
9.894969844026491e-05
7.476028986275196e-05
5.042064003646374e-05
3.9293765439651906e-05
3.350778570165858e-05
3.619413109845482e-05
3.6249512049835175e-05
3.722734618349932e-05
3.64484621968586e-05
3.425487375352532e-05
3.6527937481878325e-05
3.972294507548213e-05
3.6702789657283574e-05
3.625771569204517e-05
3.493838812573813e-05
3.3921074646059424e-05
3.585725062293932e-05
3.5240398574387655e-05
3.411130455788225e-05
3.6204419302521273e-05
3.4902855986729264e-05
3.5157187085133046e-05
3.739552994375117e-05
3.818773984676227e-05
4.35799483966548e-05
5.6864872021833435e-05
5.8405807067174464e-05
4.284688111511059e-05
3.2342286431230605e-05
