3.2149997423402965e-05
4.3808093323605135e-05
4.837883170694113e-05
6.0943482822040096e-05
5.493497155839577e-05
4.5958666305523366e-05
5.1538936531869695e-05
5.459088060888462e-05
4.794841515831649e-05
4.4917705963598564e-05
3.7797715776832774e-05
3.86429819627665e-05
4.030359923490323e-05
4.3460266169859096e-05
5.188302748138085e-05
5.0461774662835523e-05
5.673023042618297e-05
4.640748375095427e-05
4.3879368604393676e-05
3.971832848037593e-05
4.013366560684517e-05
3.7864701880607754e-05
3.96414143324364e-05
4.6414959797402844e-05
4.4432694267015904e-05
4.283191810827702e-05
3.952603947254829e-05
4.233339859638363e-05
5.557079202844761e-05
6.613825098611414e-05
0.00012626664829440415
0.00019168893049936742
0.0002816763590089977
0.00023614866950083524
0.00014182557060848922
0.00015276171325240284
9.145355579676107e-05
6.338765524560586e-05
6.972243136260659e-05
4.857111707678996e-05
4.325175177655183e-05
4.069257192895748e-05
3.984941213275306e-05
3.6548513890011236e-05
3.840361750917509e-05
3.641386501840316e-05
4.814289786736481e-05
4.660197009798139e-05
4.10067405027803e-05
3.650362850748934e-05
3.417498373892158e-05
3.6892601201543584e-05
3.9918304537422955e-05
3.730323078343645e-05
3.787239620578475e-05
3.9110709622036666e-05
3.5764951462624595e-05
3.6464869481278583e-05
3.597159593482502e-05
4.1789364331634715e-05
4.914899545838125e-05
4.722563608083874e-05
3.9802420360501856e-05
3.174618541379459e-05
