0.00010082640801556408
0.0003229224821552634
0.000388684420613572
0.0003477419668342918
0.00024384123389609158
9.227638656739146e-05
0.0001242020953213796
0.00016045139636844397
0.00020368724653963
0.000378762575564906
0.00020569076878018677
0.0001621503324713558
0.0002703194913920015
0.0005526409950107336
0.0005826966953463852
0.0005258467281237245
0.00048416515346616507
0.0002868656883947551
0.00024716247571632266
0.00021055412071291357
0.0001879637420643121
0.00022347999038174748
0.00027198196039535105
0.0004072248993907124
0.0003902456082869321
0.00029837508918717504
0.0001595836947672069
0.0001544372644275427
0.0005002436810173094
0.0012371751945465803
0.0026496907230466604
0.0042360397055745125
0.0047068106941878796
0.004313487093895674
0.003407462267205119
0.0025775001849979162
0.0019857524894177914
0.0010871200356632471
0.00029562515555880964
6.068915536161512e-05
0.00022953900042921305
0.00041515956399962306
0.0003409433120395988
0.00024979832232929766
9.143111674347892e-05
0.00012026562035316601
0.00035090980236418545
0.0005351975560188293
0.0003758976235985756
0.00021053917589597404
7.448835094692186e-05
8.86709094629623e-05
0.0001353925617877394
0.00010707232286222279
0.00012665960821323097
8.245168282883242e-05
6.620746717089787e-05
9.650384163251147e-05
0.00015100759628694504
0.00022589143190998584
0.0003483188629616052
0.00024916717666201293
8.122057624859735e-05
3.9884704165160656e-05
