9.782672714209184e-05
0.00030644028447568417
0.00032247681519947946
0.0004003281064797193
0.0003025313199032098
0.0001388484233757481
0.00013819885498378426
0.00022225033899303526
0.0003907122300006449
0.00034027572837658226
0.00018945889314636588
0.00021055225806776434
0.0003333200002089143
0.000579420302528888
0.0006443638703785837
0.000546956027392298
0.0005217326106503606
0.00022656186774838716
0.00028631408349610865
0.00016278523253276944
0.00018497166456654668
0.00024165700597222894
0.0002933809591922909
0.00041670401697047055
0.0004011366399936378
0.0003356059896759689
0.000127628052723594
0.00017165682220365852
0.00047074721078388393
0.0010847562225535512
0.0024831146001815796
0.0042761159129440784
0.004883362911641598
0.0044177016243338585
0.0034856179263442755
0.002604519249871373
0.0021315577905625105
0.0008884783601388335
0.0002557078842073679
6.785341975046322e-05
0.00024367084552068263
0.0003754366480279714
0.00033137420541606843
0.0001965062110684812
8.12804137240164e-05
0.00010224008292425424
0.0003368392353877425
0.0005339668714441359
0.00041185072041116655
0.00018932351667899638
6.951116665732116e-05
0.00010724717139964923
0.00011724546493496746
0.00012409644841682166
0.00011382792581571266
8.739365148358047e-05
7.106892735464498e-05
0.00012932607205584645
0.00017360231140628457
0.0002028345043072477
0.00036415361682884395
0.00030281554791145027
9.456533734919503e-05
3.837368785752915e-05
