0.00010584836854832247
0.0002585474285297096
0.00040355566306971014
0.00038120822864584625
0.00025074693257920444
0.00011765874660341069
0.0001565766433486715
0.0001873699075076729
0.00048440054524689913
0.0004067667468916625
0.00024960757582448423
0.00020060676615685225
0.0003304775455035269
0.0006047783535905182
0.0005858222139067948
0.0005894962232559919
0.00040284148417413235
0.00022647208243142813
0.00031675875652581453
0.00017882288375403732
0.0001649245823500678
0.00023364897060673684
0.00032337670563720167
0.0004375087155494839
0.0004283528833184391
0.0003523348132148385
0.00018811335030477494
0.00014763024228159338
0.0005550413625314832
0.0015444327145814896
0.002797479508444667
0.004673975519835949
0.005242594052106142
0.004832511767745018
0.004091966897249222
0.002932617673650384
0.002538632834330201
0.001601312542334199
0.00028827114147134125
5.354364475351758e-05
0.00014806412218604237
0.0004641645646188408
0.00037673188489861786
0.00026588357286527753
0.00010892542923102155
0.00011817816994152963
0.0004660888807848096
0.0005938889808021486
0.00043882805039174855
0.00019549918943084776
9.446562762605026e-05
0.00012751398026011884
0.00011931187327718362
0.00014010323502589017
0.00011408224236220121
8.788641571300104e-05
6.24058666289784e-05
0.000127800100017339
0.0001526448322692886
0.00024727091658860445
0.0003902148164343089
0.00029455736512318254
0.000105441635241732
3.4812466765288264e-05
