0.00011432478640927002
0.000408545951358974
0.00044067035196349025
0.00041044142562896013
0.0002551065117586404
0.00011009434820152819
0.0001645954471314326
0.0001704749302007258
0.0002911762858275324
0.0004637157544493675
0.00024057985865511
0.00017409537394996732
0.00029634914244525135
0.0005573871894739568
0.0005708563257940114
0.0007167932926677167
0.000540336943231523
0.00029558961978182197
0.0002953569928649813
0.00016830566164571792
0.00019113539019599557
0.00024156724975910038
0.0002407743304502219
0.0004682286235038191
0.00043690160964615643
0.000376578071154654
0.00016950249846559018
0.00023239644360728562
0.0004948037094436586
0.0011528714094311
0.0024560207966715097
0.005035567097365856
0.005406077019870281
0.004874101374298334
0.00335688260383904
0.0027063896413892508
0.0021599377505481243
0.0010956922778859735
0.00027608111849986017
7.559543155366555e-05
0.000228656324907206
0.0004227389581501484
0.00037149921990931034
0.0003514072741381824
0.00012824144505430013
0.00016191910253837705
0.00038916117046028376
0.0006277624052017927
0.0004913468728773296
0.0002215201675426215
7.975969492690638e-05
0.00013610378664452583
0.00012751398026011884
0.00011860686936415732
0.00010515737812966108
9.060081356437877e-05
8.34900201880373e-05
0.00019451366097200662
0.00016491618589498103
0.00020395654428284615
0.00037284003337845206
0.00015576035366393626
9.241103543899953e-05
4.0333514334633946e-05
