9.990623948397115e-05
0.0002994565002154559
0.0003755002107936889
0.00036389927845448256
0.0002924030413851142
0.00011445554264355451
0.0001495610922574997
0.00015853645163588226
0.00023830585996620357
0.00041914841858670115
0.00020809817942790687
0.00016281897842418402
0.0003013942623510957
0.0004947888082824647
0.0006428678170777857
0.0005597792332991958
0.00048062714631669223
0.0002644699125085026
0.0002490325423423201
0.00015698056085966527
0.00017363160441163927
0.00021463834855239838
0.00025380493025295436
0.0003974706633016467
0.00038189676706679165
0.00034130894346162677
0.00018645336967892945
0.00016287282051052898
0.0005046857986599207
0.0011529929470270872
0.003173321019858122
0.004475991707295179
0.0046951910480856895
0.004210934042930603
0.003140508895739913
0.002418634481728077
0.001931943348608911
0.0009881617734208703
0.00024124652554746717
7.378707232419401e-05
0.000234633989748545
0.00041298469295725226
0.00033946879557333887
0.0002834417100530118
0.00011610847286647186
7.610407192260027e-05
0.00034130533458665013
0.0005076008383184671
0.00036647249362431467
0.00019640148093458265
7.411433034576476e-05
0.00010461056808708236
9.98875402729027e-05
0.0001190257680718787
0.00011678860028041527
8.538209658581764e-05
5.6953704188345e-05
9.897869313135743e-05
0.00016012226114980876
0.00020460630184970796
0.00035600014962255955
0.00029617309337481856
0.0001167816953966394
3.591878339648247e-05
