0.00010037001629825681
0.0004224397416692227
0.00038088520523160696
0.00037108035758137703
0.00027597640291787684
0.00010936384205706418
0.00016419151506852359
0.00016815605340525508
0.0003500042948871851
0.00028548380942083895
0.0002134265232598409
0.00016607654106337577
0.00023199249699246138
0.0004965091939084232
0.0005978217232041061
0.0005263404455035925
0.0005286144441924989
0.00022406344942282885
0.00028029998065903783
0.0001613789499970153
0.0001785087224561721
0.00024761128588579595
0.0002737472823355347
0.00042390526505187154
0.0004184602585155517
0.0003302143595647067
0.00012785245780833066
0.00013295399548951536
0.00052535260329023
0.0015469160862267017
0.0027593623381108046
0.0045278118923306465
0.004553291480988264
0.004061627201735973
0.0031038408633321524
0.0023916009813547134
0.0019102019723504782
0.0010939148487523198
0.0002836960193235427
8.243237971328199e-05
0.00023495469940826297
0.00045096944086253643
0.0003374790248926729
0.000294437661068514
0.0001143730478361249
6.92372050252743e-05
0.00035728805232793093
0.0005214633420109749
0.0004023926449008286
0.0001655109808780253
6.181773642310873e-05
0.0001074313695426099
0.00011386438563931733
0.0001227545435540378
0.00011554003140190616
8.548430923838168e-05
7.03891710145399e-05
8.89102739165537e-05
0.00016712378419470042
0.00018853227084036916
0.00033653670107014477
0.0002587229246273637
6.431520887417719e-05
3.695243867696263e-05
