3.0865536245983094e-05
4.795682616531849e-05
5.729872646043077e-05
4.343034015619196e-05
4.374451236799359e-05
4.274113962310366e-05
3.6603316402761266e-05
3.80380151909776e-05
3.885243131662719e-05
3.9854785427451134e-05
4.0004390029935166e-05
4.185948637314141e-05
3.662331437226385e-05
3.958549496019259e-05
4.3071773689007387e-05
4.13489033235237e-05
3.64484621968586e-05
4.546497075352818e-05
4.411852569319308e-05
3.8218506233533844e-05
3.7703182897530496e-05
3.871844819514081e-05
4.3864198232768103e-05
3.949573147110641e-05
4.135659401072189e-05
4.509460995905101e-05
4.2075484088854864e-05
4.177347000222653e-05
5.032713306718506e-05
0.00011782892397604883
0.00015012864605523646
0.0002376476040808484
0.00040617765625938773
0.0004406915686558932
0.00037133466685190797
0.00025775449466891587
0.00026981267728842795
0.00020099437097087502
0.00012321470421738923
5.468395829666406e-05
5.342396252672188e-05
5.473191413329914e-05
4.948639252688736e-05
4.83523472212255e-05
4.492638981901109e-05
4.20689357270021e-05
3.858313721138984e-05
4.956414704793133e-05
5.2705850976053625e-05
4.8801164666656405e-05
3.9196522266138345e-05
3.609969644458033e-05
3.659339199657552e-05
3.919651862815954e-05
3.8428181142080575e-05
3.616711182985455e-05
3.581849159672856e-05
3.704172559082508e-05
3.903379547409713e-05
4.703488957602531e-05
5.417198553914204e-05
5.0656264647841454e-05
4.031855860375799e-05
3.6892601201543584e-05
