7.303718302864581e-05
0.00020340409537311643
0.00016118446364998817
0.00014257358270697296
0.00011010930029442534
5.424569462775253e-05
6.536243745358661e-05
0.00010765577462734655
0.00019862237968482077
0.00022573902970179915
0.00019580306252464652
0.00016149863949976861
0.00017211787053383887
0.00031121663050726056
0.00026330954278819263
0.00024310631852131337
0.00017000273510348052
0.00010678621038096026
9.093835979001597e-05
6.441992445616052e-05
7.71961931604892e-05
8.96882193046622e-05
0.00017593552183825523
0.00013826497888658196
7.33214255888015e-05
0.00011190456280019134
7.248363544931635e-05
4.411780173541047e-05
7.975969492690638e-05
0.00011861658276757225
0.0001697801926638931
0.00022472171986009926
0.000288872339297086
0.00034187742858193815
0.00025753010413609445
0.0002468183811288327
0.00024309322179760784
0.00016299469280056655
6.887816562084481e-05
5.537029937840998e-05
9.20197635423392e-05
8.947596506914124e-05
9.817082900553942e-05
9.492439130553976e-05
5.4112140787765384e-05
5.141925430507399e-05
0.00010973529424518347
0.00015693997556809336
0.00011563231964828447
5.3778185247210786e-05
4.949869980919175e-05
4.88011610286776e-05
5.029721069149673e-05
5.5518426961498335e-05
6.521283648908138e-05
5.4560950957238674e-05
4.5150798541726544e-05
4.98184745083563e-05
5.900422183913179e-05
6.428528286051005e-05
7.810878742020577e-05
8.482606062898412e-05
5.336411777534522e-05
3.7865036574658006e-05
