0.00010264926095260307
0.00038876364124007523
0.000432463304605335
0.00040839656139723957
0.00025283131981268525
0.0001236928947037086
0.00016514898743480444
0.0001800646132323891
0.00028272360214032233
0.00044347421498969197
0.00023257987049873918
0.0001942247326951474
0.00032714131521061063
0.0004857376334257424
0.000763195101171732
0.0005077744135633111
0.0005273068090900779
0.0002821201051119715
0.00027609002427197993
0.00018014053057413548
0.00023745190992485732
0.0002517104730941355
0.0003663528186734766
0.00046211498556658626
0.0004297404957469553
0.000378515716874972
0.00017310238035861403
0.00020310378749854863
0.0005314868176355958
0.0011219779262319207
0.002017468912526965
0.003971789497882128
0.004864421673119068
0.004361194092780352
0.0034531254786998034
0.002555588958784938
0.00199490855447948
0.0012732883915305138
0.0003708708973135799
8.538209658581764e-05
0.00027282891096547246
0.0003729410527739674
0.0003488115908112377
0.00025335614918731153
0.00011165023897774518
0.00013696822861675173
0.00045626546489074826
0.0005509206093847752
0.0005426922580227256
0.00028751094941981137
7.762148743495345e-05
0.0001298506249440834
0.00010702743747970089
0.00011896591604454443
0.00012843591684941202
8.80575244082138e-05
7.653793727513403e-05
0.00011790896678576246
0.00016016339941415936
0.00021427928004413843
0.0003317940572742373
0.00038321330794133246
9.091220999835059e-05
3.741860200534575e-05
