9.896373376250267e-05
0.0004113508330192417
0.0003818389377556741
0.0003680283552967012
0.00022178945073392242
9.887397027341649e-05
0.00014153083611745387
0.00017124874284490943
0.0003035560075659305
0.00032517494400963187
0.0002220606111222878
0.00019590779265854508
0.0003066753561142832
0.0004955816548317671
0.0007182986591942608
0.000473574735224247
0.0007257788674905896
0.0002832430473063141
0.0002685371437110007
0.0001649002660997212
0.00017663119069766253
0.00020184711320325732
0.0003195114841219038
0.0004369813541416079
0.0004307727504055947
0.00034274510107934475
0.00020542267884593457
0.00010324243339709938
0.00034029161906801164
0.0009310221066698432
0.002217281376942992
0.004044108092784882
0.004865230526775122
0.004468252882361412
0.003648268524557352
0.002416418632492423
0.0019199473317712545
0.0009013254893943667
0.0003985627554357052
0.00018268272106070071
0.00034017194411717355
0.000561133143492043
0.0003889135259669274
0.00028448906959965825
0.00013773737009614706
0.000186343357199803
0.00039514710078947246
0.0005349876009859145
0.000460514216683805
0.00023326417431235313
8.131033246172592e-05
8.85811386979185e-05
0.00012634145969059318
0.0001155549252871424
0.00011967030150117353
8.558975969208404e-05
5.507802779902704e-05
9.991932165576145e-05
0.0001415497245034203
0.00020153947116341442
0.00034181756200268865
0.0003237284836359322
9.7677118901629e-05
3.8059515645727515e-05
