0.00010978017235174775
0.00022889570391271263
0.00035915678017772734
0.00038521800888702273
0.0002835015475284308
8.126545435516164e-05
0.0001255485403817147
0.00018616850138641894
0.00024010111519601196
0.0005685889045707881
0.00032005005050450563
0.00015789314056746662
0.00018012445070780814
0.0004469619016163051
0.0005477729137055576
0.0004913104930892587
0.0004824807692784816
0.0002748020051512867
0.00021988293156027794
0.0001824551000026986
0.00013343272439669818
0.00023683972540311515
0.0003152546123601496
0.00037737589445896447
0.0004031902353744954
0.0003104603383690119
0.0001733323879307136
0.0002873579505831003
0.00046704261330887675
0.0017405770486220717
0.0026553173083812
0.004262419417500496
0.005249012261629105
0.005317950155586004
0.0031886068172752857
0.002577829407528043
0.002512638922780752
0.0012592555722221732
0.0002619883161969483
7.311197987291962e-05
0.00027377723017707467
0.00045454499195329845
0.0002999132266268134
0.0002457711671013385
0.0001104533948819153
0.00013642103294841945
0.0003993060963694006
0.0005427889991551638
0.0004571068857330829
0.0002131283690687269
8.032116602407768e-05
0.00012064711336279288
0.00012991420226171613
0.00015682535013183951
0.00013819578452967107
9.271864837501198e-05
7.009930413914844e-05
9.302066609961912e-05
0.00011249270028201863
0.0001806050568120554
0.0003333770437166095
0.00034517410676926374
7.423214992741123e-05
3.4382042940706015e-05
