9.170441626338288e-05
0.0003516765427775681
0.0003642461961135268
0.0003548114327713847
0.00013087665138300508
0.00011718562745954841
0.00013941408542450517
0.00016640567628201097
0.0003262994287069887
0.0002997636329382658
0.0002078443649224937
0.00018051342340186238
0.00023938302183523774
0.0005488959141075611
0.00045095448149368167
0.0005318159819580615
0.0004013289581052959
0.00030298010096885264
0.00021587416995316744
0.00014715151337441057
0.00016926313401199877
0.00021500505681615323
0.0003579450130928308
0.0004084762476850301
0.00040922031621448696
0.00032272798125632107
0.0002475963265169412
0.00013797580322716385
0.0005875588394701481
0.001213178038597107
0.0024312245659530163
0.00407015485689044
0.004477771930396557
0.0038395824376493692
0.0031302759889513254
0.002236394677311182
0.0017315392615273595
0.0007449283730238676
0.0003211272123735398
8.378997881663963e-05
0.00040618990897201
0.00032395473681390285
0.00031856895657256246
0.0002999581047333777
8.67896233103238e-05
0.00013056030729785562
0.00021383046987466514
0.0005277317832224071
0.00041729334043338895
0.0002634245320223272
6.523327465401962e-05
9.981648327084258e-05
0.00010431060218252242
0.00013388156367000192
0.00010888254473684356
8.165946928784251e-05
5.390269870986231e-05
0.00011676868598442525
0.00013916539319325238
0.00020563211000990123
0.00033236792660318315
0.00014148147602099925
8.499062096234411e-05
3.5134260542690754e-05
