9.781907283468172e-05
0.0003342026611790061
0.00037713933852501214
0.00036039852420799434
0.0002521239221096039
9.410156053490937e-05
0.00013937935000285506
0.00017954006034415215
0.0003432281664572656
0.0004043901280965656
0.00022765739413443953
0.0001502435770817101
0.0002628644579090178
0.0005083868745714426
0.0005307996179908514
0.0005834138719365001
0.0003488911024760455
0.0002099056582665071
0.00020991642668377608
0.00014712907432112843
0.000183577518328093
0.00021403336722869426
0.00030823034467175603
0.0004045890527777374
0.00038766028592363
0.000321868690662086
0.00022747278853785247
0.0001725460315356031
0.0004487309488467872
0.000907476176507771
0.0026781116612255573
0.00419565849006176
0.004662573337554932
0.0043513718992471695
0.0035541134420782328
0.002564431866630912
0.0018684088718146086
0.0010404731146991253
0.0002304964727954939
6.962617771932855e-05
0.00020436047634575516
0.00039823364932090044
0.00033188381348736584
0.00030196280567906797
0.00012566822988446802
6.47191409370862e-05
0.00022774373064748943
0.0004922155058011413
0.000559582666028291
0.0002894109347835183
8.772838918957859e-05
7.122696115402505e-05
0.00011718598398147151
9.758736268850043e-05
0.00012063942267559469
8.733570575714111e-05
7.234518852783367e-05
9.639615745982155e-05
0.0001448878028895706
0.00020544978906400502
0.00033504609018564224
0.00023851529113017023
8.491581684211269e-05
3.850833309115842e-05
