0.0001023755467031151
0.0004257142136339098
0.00041533345938660204
0.00039865251164883375
0.0002444246201775968
0.00012611567217390984
0.00016467772366013378
0.00017255445709452033
0.0003358334070071578
0.00027675434830598533
0.00020816741744056344
0.0001880984054878354
0.0002863387344405055
0.000596128695178777
0.0006582751520909369
0.0006741203251294792
0.0005453702178783715
0.00025748522602953017
0.00029086210997775197
0.00017503788694739342
0.00020252034300938249
0.0002457629016134888
0.00033689045812934637
0.00045421585673466325
0.0004288877244107425
0.00037265114951878786
0.00024063969613052905
8.9359084086027e-05
0.0004969328874722123
0.0012137009762227535
0.0024883642327040434
0.004588805604726076
0.004905175417661667
0.0045045181177556515
0.003702874295413494
0.002663523191586137
0.0022165332920849323
0.001333399792201817
0.0003860558208543807
5.952784704277292e-05
0.00015250737487804145
0.00039526046020910144
0.00033840566175058484
0.00020877381030004472
0.0001049928177963011
0.00010005584772443399
0.0002596694394014776
0.0005620328010991216
0.0003644677926786244
0.00023146890453062952
8.792287553660572e-05
9.775752550922334e-05
0.00011402482778066769
0.0001390223333146423
0.00012357375817373395
8.638194412924349e-05
7.269308844115585e-05
0.00012049328506691381
0.00016017314919736236
0.0002512018254492432
0.0003432089288253337
0.0002911014889832586
0.00010349675721954554
3.9510687201982364e-05
