9.722830873215571e-05
0.0002950031775981188
0.0004286932526156306
0.00039235418080352247
0.00023688461806159467
9.185748785967007e-05
0.0001322807656833902
0.0001835011353250593
0.00036480254493653774
0.0004223418072797358
0.00030120243900455534
0.0001965641713468358
0.0003135076549369842
0.0006266506388783455
0.0005480481195263565
0.00047128574806265533
0.0004917443147860467
0.0002648906665854156
0.00028029998065903783
0.00014335154264699668
0.00019294560479465872
0.00021582021145150065
0.00019656606309581548
0.00040269189048558474
0.0004013005527667701
0.0003166544483974576
0.00019246929150540382
0.00019799477013293654
0.00036571008968167007
0.0012721964158117771
0.0024330266751348972
0.00394725427031517
0.004939055070281029
0.00454444857314229
0.003283095546066761
0.0027234931476414204
0.002079581143334508
0.001022067037411034
0.00023442735255230218
7.035363523755223e-05
0.00025882699992507696
0.00037077924935147166
0.00033345469273626804
0.0002547324984334409
0.00010464872320881113
0.00010071411088574678
0.00033544443431310356
0.0005350025021471083
0.000460170122096315
0.00021125726925674826
8.16843457869254e-05
9.589683031663299e-05
0.00012801701086573303
0.00012129975948482752
0.000145834987051785
8.476511720800772e-05
6.34462630841881e-05
0.000111855857539922
0.00016814911214169115
0.00024445742019452155
0.00037547870306298137
0.00032649803324602544
0.00012095567944925278
4.075240940437652e-05
