9.488865180173889e-05
0.00040697059012018144
0.00037786251050420105
0.0003488639777060598
8.493077621096745e-05
0.00010765577462734655
0.0001288548082811758
0.0001405240036547184
0.00027725144173018634
0.00031201622914522886
0.00023060120292939246
0.00017997846589423716
0.0003460962907411158
0.0005781038198620081
0.0005510033806785941
0.0005879374803043902
0.0002762157819233835
0.00024768608273006976
0.0002674040151759982
0.00016679464897606522
0.00019463057105895132
0.000223509909119457
0.00033240742050111294
0.0004149744345340878
0.0003987722157035023
0.0003286376013420522
0.00012021792645100504
0.00015935928968247026
0.0004633118223864585
0.0010382290929555893
0.002156347269192338
0.00384058547206223
0.004560607951134443
0.003939120098948479
0.002992729190737009
0.0023523597046732903
0.0020082532428205013
0.0010033260332420468
7.734580867690966e-05
9.001734724733979e-05
0.00035068884608335793
0.00033811392495408654
0.00033655614242888987
0.00023925959249027073
9.404172305949032e-05
9.335354116046801e-05
0.00034920437610708177
0.0005308435065671802
0.000466423574835062
0.00019940220226999372
7.429881225107238e-05
0.00011187464406248182
0.00010945104440907016
0.00010861325426958501
0.0001236784883076325
8.044263086048886e-05
6.376160308718681e-05
9.816518286243081e-05
0.00013795733684673905
0.00021758556249551475
0.00032868224661797285
0.0002626465866342187
9.055592090589926e-05
3.683276008814573e-05
