9.431101352674887e-05
0.0004057886835653335
0.0003917557478416711
0.0003578462637960911
0.00021232845028862357
0.00011749978875741363
0.0001391833502566442
0.00016939776833169162
0.00033293708111159503
0.0003205493849236518
0.00023667517234571278
0.000177895330125466
0.00027693610172718763
0.000646185246296227
0.0005788517883047462
0.0005038697272539139
0.0006838146946392953
0.00019511488790158182
0.0002582613960839808
0.000162203679792583
0.00020462321117520332
0.00021026612375862896
0.0002867779112420976
0.0004067162808496505
0.00039960999856702983
0.0003632859152276069
0.000255974184256047
0.0001000109696178697
0.0005173150566406548
0.00117415189743042
0.0024222873616963625
0.004329768940806389
0.0044691250659525394
0.004038169514387846
0.0030850055627524853
0.0022963029332458973
0.0017215486150234938
0.0008597741252742708
0.0002386176201980561
8.059805259108543e-05
0.0003263353428337723
0.0003567631356418133
0.00030953282839618623
0.0002883487322833389
9.155827865470201e-05
0.00016992138989735395
0.00031972091528587043
0.0004964792751707137
0.0003856077091768384
7.82537244958803e-05
6.682856474071741e-05
8.466148574370891e-05
0.00010961559746647254
0.00010989986185450107
0.00011554352386156097
7.962893869262189e-05
5.9892838180530816e-05
0.00012636950123123825
0.0001436002494301647
0.0002048691239906475
0.0003180004714522511
0.00029751952388323843
0.00010273377847624943
4.000438639195636e-05
