0.00011524823639774695
0.0004132539907004684
0.0003400971181690693
0.00038943803519941866
7.677730900468305e-05
0.00011909947352251038
0.0001516126503702253
0.0002014835918089375
0.0004095802432857454
0.00037663071998395026
0.00025896631996147335
0.00015604645886924118
0.00023247126955538988
0.0005515340599231422
0.00047067238483577967
0.0005985248717479408
0.0005047823651693761
0.00024933175882324576
0.00029349513351917267
0.00017821592336986214
0.00017790179117582738
0.00026830637943930924
0.0004839872708544135
0.00040020188316702843
0.0006737163639627397
0.00019147759303450584
0.0003693598846439272
0.00024816481163725257
0.0006241342634893954
0.0015058431308716536
0.003841947065666318
0.00477331317961216
0.005305757280439138
0.004833813291043043
0.003583971643820405
0.002465474419295788
0.0016061961650848389
0.0007901352946646512
0.0002227918157586828
9.920310549205169e-05
0.00027491420041769743
0.0004426513914950192
0.00032639328856021166
0.00024620501790195704
0.00011027387517970055
0.00010068417759612203
0.0002618387225084007
0.0005697408341802657
0.0004516656044870615
0.0001900695642689243
6.656896584900096e-05
0.00012714837794192135
9.708992729429156e-05
0.0001230155467055738
9.820074046729133e-05
9.110946848522872e-05
8.370401337742805e-05
9.009214409161359e-05
0.00017568118346389383
0.0001741402520565316
0.000322608306305483
0.00031267449958249927
0.00010883765935432166
3.584536898415536e-05
