9.94342626654543e-05
0.0003755935758817941
0.00040071707917377353
0.00036906066816300154
0.00022055055887904018
0.00013382169709075242
0.00014801922952756286
0.00016865371435415
0.0003240535734221339
0.0003231319133192301
0.00021546115749515593
0.00016633087943773717
0.00023357833561021835
0.0004709865606855601
0.0006085184868425131
0.0005025084246881306
0.0005645196652039886
0.0002050187176791951
0.00025454649585299194
0.0001681260473560542
0.00021169673709664494
0.00021130214736331254
0.00027449530898593366
0.0003350853512529284
0.0003061367606278509
0.0002777866320684552
0.00020337308524176478
0.00015346625878009945
0.0004495462344493717
0.001345000695437193
0.0027697726618498564
0.004099204204976559
0.0045543210580945015
0.004192202351987362
0.003245800966396928
0.0024283891543745995
0.0020388923585414886
0.0011739059118553996
0.00021722786186728626
0.00010646418377291411
0.000387222709832713
0.0003776978119276464
0.00032957663643173873
0.0001947408600244671
9.917317220242694e-05
7.91560232755728e-05
0.0003392209764569998
0.000547521747648716
0.0004023477667942643
0.00020017153292428702
7.011300476733595e-05
8.572051592636853e-05
0.00010452904098201543
0.00012535405403468758
0.00012661075743380934
8.097493264358491e-05
4.6144738007569686e-05
0.00011545019515324384
0.00014691213436890393
0.0001765189808793366
0.0002914156357292086
0.000253478589002043
8.2459366240073e-05
3.619566996349022e-05
