9.536324796499684e-05
0.00034648526343517005
0.0003853825619444251
0.0003720228560268879
0.0002154357935069129
0.00010503358498681337
0.00014975461817812175
0.00016546316328458488
0.0002491073391865939
0.0004182657867204398
0.00025960960192605853
0.0001684702147031203
0.00025692497729323804
0.0005614790134131908
0.0005907370941713452
0.0005766309914179146
0.0004900105996057391
0.0002790937724057585
0.00023312392295338213
0.00014727211964782327
0.00017340721387881786
0.00020727778610307723
0.00027246068930253386
0.0003829234337899834
0.00035976467188447714
0.00030724017415195704
0.00012319038796704262
0.00017879297956824303
0.0005295915761962533
0.0012413618387654424
0.002712877932935953
0.004497400484979153
0.004693685099482536
0.004148639272898436
0.0032163886353373528
0.002405424602329731
0.0018879109993577003
0.0010517233749851584
0.000258023792412132
6.388135079760104e-05
0.0002910651674028486
0.00031650441815145314
0.0003020376025233418
0.00023323422647081316
9.56424992182292e-05
0.00012135472206864506
0.00045225973008200526
0.0005247434019111097
0.0003879305731970817
0.00018697917403187603
7.33419947209768e-05
8.563391747884452e-05
0.00011326597450533882
9.97566239675507e-05
0.00010673337965272367
8.199788862839341e-05
5.869005326530896e-05
8.988270565168932e-05
0.0001457056641811505
0.00026379854534752667
0.0003342625277582556
0.0002466551086399704
7.116711640264839e-05
3.7745350709883496e-05
