9.880963625619188e-05
0.0002684288483578712
0.00041974210762418807
0.00040001110755838454
0.00024046764883678406
0.00012010292266495526
0.0001460893254261464
0.0001695324172032997
0.0002663268824107945
0.0004388813395053148
0.0002616143028717488
0.000177162277395837
0.00021851311612408608
0.000459392205812037
0.0006601621280424297
0.0005225853528827429
0.0006118546589277685
0.00026934471679851413
0.000253031263127923
0.00016193448391277343
0.0002176893613068387
0.00022706770687364042
0.000344869535183534
0.0004265248717274517
0.0004272950754966587
0.00033169210655614734
0.00020881961972918361
0.00014994257071521133
0.000499151588883251
0.0012193307047709823
0.0028951491694897413
0.004181369207799435
0.004926550667732954
0.004315081052482128
0.0037172017619013786
0.002647283487021923
0.001919211121276021
0.0012690636795014143
0.0003226075496058911
8.314954175148159e-05
0.00019050028640776873
0.00035391407436691225
0.0003170841373503208
0.00021384262072388083
8.483447163598612e-05
9.428102930542082e-05
0.0003641984658315778
0.0005162690067663789
0.0005120849818922579
0.00019513357256073505
0.00011129437916679308
0.00011492471094243228
0.00014283726341091096
0.0001306949561694637
0.00013385163038037717
8.55591133586131e-05
7.673241634620354e-05
9.218661580234766e-05
0.00016897887689992785
0.00019934870942961425
0.0003324971767142415
0.00030170849640853703
9.68243766692467e-05
3.876266782754101e-05
