0.00010051962453871965
0.0002677679876796901
0.0003697937063407153
0.00035915678017772734
0.0003516017459332943
0.00010662350541679189
0.00015023337618913502
0.0001766404020600021
0.0003304912243038416
0.0003148746327497065
0.000244686147198081
0.00018236853065900505
0.0002799409267026931
0.0005395356565713882
0.0006863281014375389
0.0005728526157326996
0.0005784628447145224
0.0002362263621762395
0.0003275602066423744
0.00017865831614471972
0.00016821590543258935
0.00023194764798972756
0.0002339224301977083
0.0004024365043733269
0.0003789316106121987
0.0002833697071764618
0.0001427260140189901
0.00013789375952910632
0.00045218123705126345
0.0010785438353195786
0.0024199362378567457
0.004100988619029522
0.004650247748941183
0.004357350990176201
0.0035437392070889473
0.002516760490834713
0.0018680073553696275
0.0009498479776084423
0.00010192217450821772
9.313193004345521e-05
0.0002975802926812321
0.00039233919233083725
0.0003299539093859494
0.00026364895165897906
9.915821283357218e-05
9.848499030340463e-05
0.0002781905641313642
0.0005531646311283112
0.0004984241677448153
0.00024265935644507408
7.595447823405266e-05
7.608911982970312e-05
0.00011122059368062764
0.00012072402751073241
0.00011505546717671677
8.53113378980197e-05
6.33278104942292e-05
0.00012122496264055371
0.00017078910605050623
0.0002033132332144305
0.00031879337620921433
0.0002919991093222052
0.00010412510164314881
3.925635974155739e-05
