5.029721069149673e-05
8.385920227738097e-05
8.130565402098e-05
9.799129475140944e-05
9.404172305949032e-05
6.917736754985526e-05
6.736713839927688e-05
6.807028694311157e-05
5.94081575400196e-05
7.445263327099383e-05
6.18387566646561e-05
5.583178426604718e-05
7.19749805284664e-05
8.729725232115015e-05
7.84678413765505e-05
8.132529183058068e-05
7.058365736156702e-05
5.091059210826643e-05
6.268450670177117e-05
5.9079029597342014e-05
6.05900349910371e-05
4.5294589654076844e-05
5.740851702284999e-05
6.323859270196408e-05
5.577794581768103e-05
6.598441541427746e-05
4.511152656050399e-05
4.935563265462406e-05
9.941254393197596e-05
8.730949775781482e-05
9.474487160332501e-05
0.00015817739767953753
0.00013023118663113564
0.00011959426774410531
0.00011610845831455663
6.476918497355655e-05
4.491001527640037e-05
4.769429870066233e-05
4.7098474169615656e-05
4.10104839829728e-05
3.8816899177618325e-05
3.905532867065631e-05
3.5685479815583676e-05
3.6210032703820616e-05
3.500196908134967e-05
3.733861740329303e-05
3.6321300285635516e-05
3.895995541824959e-05
3.791084964177571e-05
3.511323666316457e-05
3.5669581848196685e-05
3.411181751289405e-05
3.504965570755303e-05
3.4903518098872155e-05
3.5844434023601934e-05
3.7290923501132056e-05
3.6418721720110625e-05
3.511118484311737e-05
3.6534092942019925e-05
3.5844434023601934e-05
4.0279290260514244e-05
4.3295698560541496e-05
3.660835136543028e-05
3.378081601113081e-05
