0.00010023537470260635
0.0004205696750432253
0.00040881073800846934
0.0003897510177921504
0.000301184831187129
0.0001044542295858264
0.00014453896437771618
0.0001658032415434718
0.00040010371594689786
0.00034448187216185033
0.0001733249082462862
0.000167205129400827
0.00028784008463844657
0.000541799352504313
0.0006010980578139424
0.0005965650198049843
0.0005446670111268759
0.0002551513898652047
0.0002954848750960082
0.00017041509272530675
0.0001718961721053347
0.00023277047148440033
0.00024767115246504545
0.0004402726190164685
0.00040928946691565216
0.00036885117879137397
0.00024716247571632266
9.247087291441858e-05
0.0004934255848638713
0.0011060138931497931
0.0028807497583329678
0.0042968811467289925
0.00478837825357914
0.004352369345724583
0.0035225253086537123
0.00261457241140306
0.0019076872849836946
0.00045216441503725946
0.00021866273891646415
8.20134810055606e-05
0.00024375149223487824
0.0004438631876837462
0.00033602784969843924
0.00024693968589417636
9.95419395621866e-05
0.00010279539856128395
0.0003802511200774461
0.0005480481195263565
0.00047526528942398727
0.00024225542438216507
8.60528161865659e-05
7.540094520663843e-05
0.00010836396540980786
0.0001467625261284411
0.00011124629963887855
8.726461965125054e-05
7.683714648010209e-05
0.00011733981227735057
0.00014181061123963445
0.00020881870295852423
0.0003411322832107544
0.0002723520447034389
5.576153489528224e-05
3.641386501840316e-05
