9.430742647964507e-05
0.000427212129579857
0.00039428408490493894
0.0003852179797831923
0.00033845147117972374
0.0001237082906300202
0.00015715813788119704
0.0001730177755234763
0.0003844176244456321
0.00045603010221384466
0.00020350773411337286
0.00015834196528885514
0.0002456664515193552
0.00047866132808849216
0.0006479393923655152
0.0005749770207330585
0.0007226521847769618
0.00026201826403848827
0.0004484411037992686
0.00021382524573709816
0.0002788051206152886
0.0002852612524293363
0.00037205088301561773
0.00043885980267077684
0.0004311187076382339
0.00037427624920383096
0.00019843610061798245
0.00012948315998073667
0.00033593812258914113
0.000876999634783715
0.00293250335380435
0.00441147992387414
0.0050213150680065155
0.004375563934445381
0.0032883784733712673
0.002647305838763714
0.002187749370932579
0.0012582081835716963
0.00034334356314502656
6.595940794795752e-05
0.0002871118194889277
0.0004058437480125576
0.0003722893015947193
0.00023286958457902074
9.262328967452049e-05
0.00013388808292802423
0.0003742603585124016
0.0005585055332630873
0.0003836864198092371
0.0001652976789046079
8.225939382100478e-05
9.870358189800754e-05
0.00012168032117187977
0.00013947677507530898
0.00013911770656704903
9.174287697533146e-05
5.716034138458781e-05
0.00011850120790768415
0.00016244211292359978
0.00022698075918015093
0.000355664873495698
0.0003222967206966132
9.783446148503572e-05
3.393696897546761e-05
