9.770704491529614e-05
0.00040329029434360564
0.0003755363286472857
0.0003556882147677243
0.00013682876306120306
0.00010139761434402317
0.00012310835882090032
0.00017424685938749462
0.0003365066077094525
0.0003877911949530244
0.00025037897285073996
0.00017155207751784474
0.0002244524221168831
0.000568155141081661
0.0005557411932386458
0.0005596176488325
0.0004808655648957938
0.00022475003788713366
0.000258992105955258
0.0001561736426083371
0.00019514949235599488
0.00022082077339291573
0.00032989407191053033
0.00039293759618885815
0.00037529919063672423
0.00030820132815279067
0.0001832362322602421
0.00013666419545188546
0.0004402576887514442
0.0011252992553636432
0.002455497160553932
0.004181326366961002
0.004792851395905018
0.004335762932896614
0.0030860002152621746
0.002261457731947303
0.0017580302665010095
0.0011392638552933931
0.00019203397096134722
7.536073098890483e-05
0.0002730890118982643
0.0003798920661211014
0.0003274106129538268
0.000265518989181146
9.595666051609442e-05
0.00010720695718191564
0.00031668393057771027
0.0005131153739057481
0.00043955456931144
0.0002047943271463737
7.266316242748871e-05
8.629218791611493e-05
0.00011224865011172369
0.0001148218652815558
0.00011896592332050204
8.171427180059254e-05
6.90726374159567e-05
9.468503412790596e-05
0.00016073563892859966
0.00019825658819172531
0.00033625229843892157
0.0003035093250218779
9.936298738466576e-05
3.8792582927271724e-05
