9.93227877188474e-05
0.00033821340184658766
0.000443278782768175
0.0004094053874723613
0.00022611397434957325
0.00011753158469218761
0.00013989566650707275
0.00015777346561662853
0.00027298429631628096
0.0004175326903350651
0.00026366388192400336
0.00017097954696509987
0.0002601688611321151
0.0004980404628440738
0.0005086253513582051
0.0005156536935828626
0.0003901399904862046
0.0002568718628026545
0.0002473719359841198
0.0001581025862833485
0.00016612143372185528
0.00022434770653489977
0.00033626746153458953
0.00043675547931343317
0.00042691820999607444
0.0003668945864774287
0.00013288667832966894
0.00016036162560340017
0.00044688518391922116
0.0010589492740109563
0.0021270846482366323
0.004061403218656778
0.005208439659327269
0.004813198000192642
0.004113958217203617
0.0029426864348351955
0.002531167585402727
0.0015907504130154848
0.0004162161785643548
7.816756988177076e-05
0.00044914428144693375
0.0003940184833481908
0.0003513474075589329
0.00026396315661258996
0.00010913687583524734
9.155827865470201e-05
0.00025667736190371215
0.0005337459151633084
0.00045345345279201865
0.00020576769020408392
7.4502378993202e-05
0.00010245363228023052
0.00011772233119700104
0.0001356206921627745
0.0001267827901756391
8.893551421351731e-05
6.769908213755116e-05
0.00011649743100861087
0.00016028682875912637
0.00020730770484078676
0.00033732946030795574
0.00030345888808369637
0.00010092355660162866
3.880754593410529e-05
