9.917814895743504e-05
0.0004234420775901526
0.0004012257559224963
0.00039126205956563354
0.00024672524887137115
0.0001261787547264248
0.00014435389311984181
0.00015665049431845546
0.0003136508457828313
0.0003613952430896461
0.0002196660207118839
0.00016380348824895918
0.00025545060634613037
0.0004717345873359591
0.0006181680364534259
0.00048133922973647714
0.000651559850666672
0.00018907083722297102
0.0003197807527612895
0.00018371497571934015
0.00018985991482622921
0.00021346675930544734
0.00035911190207116306
0.00040110608097165823
0.00037841094308532774
0.000329699571011588
0.00022976342006586492
0.00015513530524913222
0.00045659925672225654
0.0012744554551318288
0.002231448655948043
0.004246035125106573
0.004708913620561361
0.00403849920257926
0.0031679016537964344
0.0024796137586236
0.002090251771733165
0.0009238357306458056
8.624917245469987e-05
8.436228381469846e-05
0.00025398447178304195
0.000373186165234074
0.0003437091363593936
0.00019591246382333338
9.130394755629823e-05
0.00010125269182026386
0.00021810916950926185
0.0005353052401915193
0.00036822285619564354
0.0002294342702953145
8.16843457869254e-05
7.549070141976699e-05
0.00012361863628029823
0.00010203062993241474
0.00014031455793883651
8.425754640484229e-05
6.396927346941084e-05
0.00010879468754865229
0.00015048969362396747
0.00023004018294159323
0.00034988130209967494
0.0002676583535503596
9.368827886646613e-05
3.647370613180101e-05
