0.00010669831681298092
0.0004452313878573477
0.0004263105511199683
0.00040299948886968195
0.0002534010272938758
0.0001164525601780042
0.00015727976278867573
0.00018256301700603217
0.0002548222546465695
0.00047025352250784636
0.00021782009571325034
0.00017064882558770478
0.00026186867034994066
0.0006549755926243961
0.0006259624497033656
0.0006350284675136209
0.0006285356357693672
0.00022929963597562164
0.00027366727590560913
0.000177448004251346
0.00019749175407923758
0.00023193267406895757
0.00030218722531571984
0.0004285735194571316
0.0004036194586660713
0.0003457072889432311
0.00022446738148573786
0.00017825559189077467
0.0005548259941861033
0.0015916199190542102
0.003044178243726492
0.004567112773656845
0.005083803553134203
0.004661573097109795
0.003974407445639372
0.0026598589029163122
0.0020986339077353477
0.0007071764557622373
0.00019642112602014095
0.00010006238153437153
0.0003111784753855318
0.00042836408829316497
0.0003546985681168735
0.00028939597541466355
0.00011033371993107721
0.00010641405970091
0.00029859671485610306
0.0005592386005446315
0.0005346135585568845
0.00025986391119658947
7.730092329438776e-05
0.00010014956205850467
0.00012138547754148021
0.00015415488451253623
0.00011486113362479955
8.7679763964843e-05
6.370930350385606e-05
0.0001274344976991415
0.0001734838733682409
0.00023624130699317902
0.00038616920937784016
0.000141915341373533
8.054267527768388e-05
3.4887892979895696e-05
