0.00010250936611555517
0.0002599458384793252
0.0004202854470349848
0.00037532910937443376
0.00023258113651536405
0.0001066103286575526
0.0001516994962003082
0.00016348838107660413
0.000317724741762504
0.00037315537338145077
0.00017793460574466735
0.00016679182590451092
0.00030446305754594505
0.0005527195753529668
0.0006583612994290888
0.0008395863114856184
0.0005915841902606189
0.0005247910739853978
0.0005989437340758741
0.00048004512791521847
0.0003820696729235351
0.0003102649643551558
0.00033386010909453034
0.00032860838109627366
0.00037791728391312063
0.0004015212180092931
0.00017316595767624676
0.00014962466957513243
0.0005162710440345109
0.001180672668851912
0.002771116327494383
0.004336985293775797
0.004571237601339817
0.004113049246370792
0.0034398811403661966
0.002434919821098447
0.0020051603205502033
0.0007500149076804519
0.00022800556325819343
8.5200066678226e-05
0.00031266515725292265
0.00035857147304341197
0.0003283531405031681
0.00024666875833645463
9.40118043217808e-05
0.00010164166451431811
0.0002945423766504973
0.0005143571179360151
0.0004365025961305946
0.00021393521456047893
8.766855899011716e-05
8.958349644672126e-05
0.00011113286018371582
0.00014290086983237416
0.00010227187885902822
8.265677752206102e-05
5.5459520808653906e-05
0.00013334763934835792
0.00014855967310722917
0.0002206300268881023
0.0003633607120718807
0.00022398863802663982
0.00011459745292086154
3.803971776505932e-05
