0.00010476840543560684
0.0003010793880093843
0.0003817471442744136
0.0003685669507831335
0.00023707338550593704
0.0001077563501894474
0.00014251371612772346
0.00018079580331686884
0.0003120910550933331
0.0004236319218762219
0.0002498104877304286
0.00017065447173081338
0.00023823106312192976
0.00047994795022532344
0.0006377364043146372
0.000595313380472362
0.0001553470647195354
0.0002652011171448976
0.00028025879873894155
0.00016637575754430145
0.00021791468316223472
0.00023979438992682844
0.0003262686659581959
0.0004465542733669281
0.00040143521619029343
0.0003777826495934278
0.00024487351765856147
0.0001472403237130493
0.00040513044223189354
0.0010540722869336605
0.0024141764733940363
0.00428376067429781
0.005074139218777418
0.004675950389355421
0.003727065399289131
0.0028186338022351265
0.0022764052264392376
0.0011368936393409967
0.0003185942186973989
7.221342093544081e-05
0.0002807628479786217
0.0003983579808846116
0.0003506554930936545
0.00023733342823106796
8.015964704100043e-05
0.0001284846366615966
0.00033915945095941424
0.0005463961861096323
0.0004946100525557995
0.0001530899025965482
8.596305269747972e-05
0.0001029569175443612
0.00011230194650124758
0.0001318534486927092
0.00011694345448631793
9.041380690177903e-05
6.839849083917215e-05
0.00010591196041787043
0.0001552152243675664
0.00022119104687590152
0.0003389900375623256
0.0002955297823064029
9.727318683872e-05
3.749102324945852e-05
