9.36195719987154e-05
0.00038638457772322
0.0004017194441985339
0.000377273972844705
0.00028387553174979985
0.00010766464401967824
0.00013845266948919743
0.0001702729641692713
0.000313123338855803
0.0004025273083243519
0.0002602230233605951
0.00017563630535732955
0.0002081305137835443
0.0005414659972302616
0.0005741313216276467
0.0006264262483455241
0.00044115533819422126
0.00026789872208610177
0.00024387853045482188
0.00015310577873606235
0.00020009673608001322
0.00023830585996620357
0.0002576946571934968
0.0004375861317384988
0.00041474270983599126
0.00031554693123325706
0.00019490995327942073
0.00015695045294705778
0.0006677396595478058
0.0009904123144224286
0.002176461508497596
0.004038258921355009
0.004612996708601713
0.004274649545550346
0.0036720256321132183
0.0024756493512541056
0.0018177058082073927
0.0004921575309708714
0.00020757978199981153
7.87072058301419e-05
0.00020863916142843664
0.0003862999437842518
0.00033568189246580005
0.00021043443121016026
0.00010065426613437012
0.00012476969277486205
0.0004909018171019852
0.0005188153008930385
0.00042614995618350804
0.00017514805949758738
7.079922215780243e-05
0.00010636918159434572
0.00011443289258750156
0.00010880774061661214
0.00011008682486135513
8.435759809799492e-05
6.144279177533463e-05
9.893380774883553e-05
0.0001546467246953398
0.0002081674028886482
0.0003787550958804786
0.00027528824284672737
8.07595788501203e-05
3.1387135095428675e-05
