9.338345989817753e-05
0.0002906218287535012
0.00039086095057427883
0.00036030879709869623
0.0002507829340174794
9.858972043730319e-05
0.00013145350385457277
0.00015874255041126162
0.0003733702178578824
0.00036988910869695246
0.00023700243036728352
0.00019492693536449224
0.0002993447124026716
0.000572209304664284
0.000538623018655926
0.0005476292571984231
0.000485483295051381
0.00022135561448521912
0.00026892998721450567
0.00016267284809146076
0.00020582659635692835
0.00021959026344120502
0.0002532214857637882
0.00040572709986008704
0.00038429247797466815
0.00032399973133578897
0.00019239235552959144
0.0001803189516067505
0.0005197522114031017
0.001196806668303907
0.0027566193602979183
0.004301522392779589
0.00463063083589077
0.00420914264395833
0.0033700817730277777
0.0023003066889941692
0.001736824749968946
0.0008525691810064018
0.00023595706443302333
7.385999924736097e-05
0.0002505734737496823
0.00039778483915142715
0.0003176713362336159
0.00025016951258294284
9.326377767138183e-05
0.00010852349078049883
0.00031942169880494475
0.0005329081322997808
0.00044522457756102085
0.00021161632321309298
7.918594928923994e-05
8.695045107742772e-05
0.00012201786739751697
0.00010668335016816854
0.0001371728430967778
8.198356226785108e-05
7.846783410059288e-05
0.0001076178959920071
0.00014908218872733414
0.0002000991371460259
0.00032156152883544564
0.0002834968618117273
6.293883780017495e-05
3.331909465487115e-05
