9.027167106978595e-05
0.0003609071718528867
0.0003602638898883015
0.00033168934169225395
0.00031764141749590635
9.031655645230785e-05
0.000123915946460329
0.00016628779121674597
0.00027668228722177446
0.000405733531806618
0.00027644020156003535
0.00024212076095864177
0.00022913506836630404
0.0004970776499249041
0.000717730144970119
0.0004924249951727688
0.0004195373912807554
0.00023531376791652292
0.00039153132820501924
0.0002448136801831424
0.00028974004089832306
0.0003584536607377231
0.0003464553155936301
0.0004211082705296576
0.00039220694452524185
0.00030486355535686016
0.0001878159964689985
0.00021828868193551898
0.0004949982394464314
0.0010871200356632471
0.0023199105635285378
0.004023582674562931
0.004757619928568602
0.004385746084153652
0.0037075267173349857
0.0025603557005524635
0.002115564653649926
0.0012684562243521214
0.0003265578707214445
8.165177860064432e-05
0.00028781176661141217
0.0003914147091563791
0.00030827801674604416
0.0001808593951864168
7.351685053436086e-05
0.00012441434955690056
0.0003414519887883216
0.0005422761896625161
0.0004006628878414631
0.00015458407870028168
8.076521044131368e-05
9.860000864136964e-05
9.136753942584619e-05
0.00011964569421252236
0.00010004650539485738
8.344968955498189e-05
6.76065101288259e-05
9.417636465514079e-05
0.00014604443276766688
0.0001829968678066507
0.00029294160776771605
0.0003184792003594339
0.00011651239765342325
4.007919051218778e-05
