3.1696206860942766e-05
3.976447624154389e-05
3.900203591911122e-05
3.666819247882813e-05
4.1261071601184085e-05
3.696480780490674e-05
3.800315244006924e-05
3.9150701923063025e-05
4.682824874180369e-05
3.850833672913723e-05
3.600993295549415e-05
4.0979717596201226e-05
4.33948116551619e-05
3.965936048189178e-05
3.937604924431071e-05
4.1380757465958595e-05
4.207958045299165e-05
3.891073356498964e-05
3.961541733588092e-05
4.004927177447826e-05
3.934612686862238e-05
3.6294182791607454e-05
3.72965369024314e-05
4.19043681176845e-05
4.001934576081112e-05
4.163348421570845e-05
4.4552380131790414e-05
4.5502249122364447e-05
4.006422750535421e-05
5.013265035813674e-05
4.582529072649777e-05
4.3410705984570086e-05
4.458697367226705e-05
3.6480254493653774e-05
3.804456355283037e-05
4.916021498502232e-05
4.712558802566491e-05
6.141286576166749e-05
3.964533607359044e-05
3.6535657272906974e-05
3.8726138882339e-05
3.9164548070402816e-05
3.654383181128651e-05
3.843540616799146e-05
3.612961882026866e-05
3.7820154830114916e-05
3.907683276338503e-05
4.2517753172433004e-05
3.948076846427284e-05
3.7655587220797315e-05
3.524694693624042e-05
3.529182868078351e-05
3.4085340303136036e-05
3.598031617002562e-05
3.538807141012512e-05
3.546294101397507e-05
3.506741995806806e-05
3.4902855986729264e-05
3.532174741849303e-05
3.447279959800653e-05
3.514222407829948e-05
3.532174741849303e-05
3.4718923416221514e-05
2.9963081033201888e-05
