9.362282435176894e-05
0.0004188421880826354
0.00038280937587842345
0.00037461097235791385
0.00027246068930253386
0.00010553139145486057
0.00013863899221178144
0.0001722101733321324
0.00030755551415495574
0.000320899038342759
0.0002140997676178813
0.00017488826415501535
0.0002394877519691363
0.00046221973025240004
0.0006113011622801423
0.0004710913053713739
0.0006452914676629007
0.00026144564617425203
0.00026203019660897553
0.00017171022773254663
0.00020355261221993715
0.00022855160932522267
0.0002573206729721278
0.0004229483602102846
0.0003966833173763007
0.00032349975663237274
0.0001089797806343995
0.00015405952581204474
0.00047290808288380504
0.0011074577923864126
0.002401908626779914
0.0039412397891283035
0.004583524074405432
0.0042073726654052734
0.0036200527101755142
0.0023611413780599833
0.0017327313544228673
0.0006994484574533999
0.00019873009296134114
0.00010246261808788404
0.0002781241782940924
0.0003562095807865262
0.00031511305132880807
0.00023619642888661474
9.324882557848468e-05
7.855760486563668e-05
0.00035006582038477063
0.0004928641137667
0.0004172424378339201
0.00013304564345162362
6.79851946188137e-05
8.941892883740366e-05
0.00011227857612539083
0.00011144078598590568
0.00011901080870302394
7.933555025374517e-05
7.634345820406452e-05
8.628910291008651e-05
0.00014319056936074048
0.00019606115529313684
0.0003341428528074175
0.0003130186232738197
8.269010140793398e-05
3.7241701647872105e-05
