3.807448229053989e-05
8.581999281886965e-05
8.143000741256401e-05
7.365055353147909e-05
8.832680759951472e-05
5.7954606745624915e-05
5.514725125976838e-05
4.766416168422438e-05
5.966248863842338e-05
6.308078445727006e-05
6.614594167331234e-05
6.360008410410956e-05
8.926932787289843e-05
0.00012500249431468546
0.0001217438984895125
0.00012862667790614069
9.740784298628569e-05
7.284268940566108e-05
6.298371590673923e-05
4.636259836843237e-05
5.821003287564963e-05
6.215411121957004e-05
6.637668411713094e-05
6.83379839756526e-05
6.28827401669696e-05
6.008138007018715e-05
4.8038178647402674e-05
5.532394425245002e-05
7.897650357335806e-05
0.00011040851677535102
0.00036999420262873173
0.0004798733862116933
0.00039408361772075295
0.00041079704533331096
0.0003156217571813613
0.0002542696020100266
0.0001936394110089168
0.00011236553837079555
4.91302962473128e-05
4.5195680286269635e-05
5.80853593419306e-05
4.8513171350350603e-05
5.795699325972237e-05
4.854683720623143e-05
3.858313721138984e-05
4.272719888831489e-05
6.543723429786041e-05
0.0001019707924569957
7.502360676880926e-05
6.66789710521698e-05
4.6362594730453566e-05
3.927132274839096e-05
3.862615267280489e-05
4.17949995608069e-05
4.041055217385292e-05
3.9333757740678266e-05
3.650332655524835e-05
3.989779361290857e-05
3.726477734744549e-05
5.2232724556233734e-05
5.783154847449623e-05
6.712684262311086e-05
4.116943819099106e-05
3.242689126636833e-05
