9.953222615877166e-05
0.00031791417859494686
0.0005180034786462784
0.00033837667433544993
0.0002237886073999107
0.0001170706091215834
0.0001625159493414685
0.00018493071547709405
0.0003715590573847294
0.00037407834315672517
0.0002360019279876724
0.00019141557277180254
0.00031927719828672707
0.0006866712355986238
0.0006209207349456847
0.0006008886266499758
0.0005245452048256993
0.00025028918753378093
0.0002825590199790895
0.00018607873062137514
0.00019860068277921528
0.0002500498667359352
0.00027166781364940107
0.0004048761329613626
0.00039344627293758094
0.0003688810975290835
0.00017556363309267908
0.0001557736686663702
0.0004324328911025077
0.001336226356215775
0.002941459184512496
0.004504533018916845
0.004929648712277412
0.004545517731457949
0.003624259028583765
0.0026698345318436623
0.0021844927687197924
0.0007382045732811093
0.00031519305775873363
8.57723134686239e-05
0.00033660384360700846
0.00039188851951621473
0.00034108635736629367
0.00023148386389948428
9.149844117928296e-05
0.00011486674338812009
0.00032405948149971664
0.0005605700425803661
0.0005291829584166408
0.0002801802766043693
8.383866224903613e-05
7.333638495765626e-05
0.00014558066322933882
0.0001010282794595696
0.00012143163621658459
8.467448060400784e-05
6.789957114960998e-05
0.00015251763397827744
0.00016068796685431153
0.00022962689399719238
0.00034806455369107425
0.00024553833645768464
8.917956438381225e-05
3.734141864697449e-05
