0.00015965013881213963
0.0006046046619303524
0.0005959367263130844
0.0006214103195816278
0.0004083665262442082
0.00013813732948619872
0.00025987887056544423
0.0003167886461596936
0.0005278664175421
0.0007265746826305985
0.0004100509686395526
0.00029880425427109003
0.00048735339078120887
0.0008666320936754346
0.001065247692167759
0.001018978189677
0.000774168991483748
0.0005763403023593128
0.00044070370495319366
0.0002874389465432614
0.00033860665280371904
0.00035520162782631814
0.0005589983193203807
0.0006721965619362891
0.0006173984729684889
0.0005162869929336011
0.00024282019876409322
0.00020975749066565186
0.0007269345805980265
0.0015896966215223074
0.003565813647583127
0.0056809051893651485
0.006165747065097094
0.0049558463506400585
0.0037624917458742857
0.0027425296138972044
0.0023009555879980326
0.0013168983859941363
0.00030779739608988166
6.254985783016309e-05
0.00029479549266397953
0.0003673252940643579
0.0003300451207906008
0.00018451536016073078
8.02883441792801e-05
0.00010314613609807566
0.00029648348572663963
0.00047786746290512383
0.00040064696804620326
0.000184944539796561
7.789934170432389e-05
9.974167915061116e-05
0.00011096204980276525
0.00010660854604793712
0.00010909199045272544
7.571510650450364e-05
6.54522082186304e-05
6.0560119891306385e-05
0.00011479193926788867
0.0001554757618578151
0.00026877556229010224
0.00020954418869223446
7.535253098467365e-05
3.1409577786689624e-05
