0.00010042986104963347
0.00034998892806470394
0.0003865943872369826
0.000359695462975651
0.0002182277530664578
0.00011160255235154182
0.00014290271792560816
0.00017213555111084133
0.00035848020343109965
0.000300203071674332
0.00020198455604258925
0.00017386535182595253
0.0002814304316416383
0.0005558724515140057
0.0005905060097575188
0.0005782384541817009
0.0006040004082024097
0.00020105420844629407
0.0002581229491624981
0.000150101535837166
0.000195773143786937
0.0002195603447034955
0.0002850275195669383
0.0004160965036135167
0.00040222809184342623
0.0003686118288896978
0.00023447597050108016
0.00010216527880402282
0.0004215446242596954
0.0016535490285605192
0.002760631963610649
0.004267760552465916
0.004755450412631035
0.004182176664471626
0.003259125631302595
0.0023043067194521427
0.0018803856801241636
0.0008243432966992259
0.00022694208018947393
7.945972902234644e-05
0.00032540594111196697
0.0003908880171366036
0.00032636336982250214
0.00030525409965775907
7.952895248308778e-05
0.00017895193013828248
0.00038731249514967203
0.0005378001951612532
0.000460604002000764
0.00016036542365327477
7.131454185582697e-05
9.19197773328051e-05
0.00010464872320881113
0.0001215298761962913
0.00011367102706572041
8.114671072689816e-05
5.8463774621486664e-05
0.0001142383916885592
0.00015502072346862406
0.00017894258780870587
0.00034072849666699767
0.0002563155139796436
5.6619894166942686e-05
3.4652261092560366e-05
