0.00010345920600229874
0.00034154829336330295
0.00046122175990603864
0.0004179627576377243
0.00019206573779229075
0.00011775411257985979
0.00016362863243557513
0.0001562690013088286
0.00030350376619026065
0.00040204424294643104
0.00023680980666540563
0.00015910495130810887
0.00021689738787245005
0.00044830646947957575
0.0007554007461294532
0.0004627283778972924
0.0007065846002660692
0.0001621568953851238
0.00034466004581190646
0.00017407149425707757
0.00020108364697080106
0.00023754852009005845
0.0002669526729732752
0.0003965300275012851
0.00040454696863889694
0.0003581993514671922
0.00021872256183996797
0.00012744852574542165
0.0003523198829498142
0.0009644288802519441
0.0021587726660072803
0.004154082853347063
0.005041106138378382
0.004656067583709955
0.003992659505456686
0.002723013050854206
0.0021636029705405235
0.0012164853978902102
0.0001928128331201151
7.737946725683287e-05
0.0002426135615678504
0.0004235524102114141
0.00033709005219861865
0.00028951565036550164
0.00012281077215448022
6.799549009883776e-05
0.00035264246980659664
0.0005633227992802858
0.0003981677582487464
0.00019836089632008225
7.297733827726915e-05
0.00011117900430690497
0.00011066471779486164
0.00013932716683484614
0.00011533236101968214
8.756850002100691e-05
6.91624081810005e-05
0.00013173470506444573
0.0001617828820599243
0.0002659004821907729
0.00034051600960083306
0.0002696216106414795
5.2855459216516465e-05
3.930124148610048e-05
