0.00011107799218734726
0.00029120620456524193
0.00043006960186176
0.0003823773586191237
0.00027078299899585545
0.00010700874554459006
0.00013552719610743225
0.00017135759117081761
0.0002987911575473845
0.000383303064154461
0.00024418532848358154
0.00018772439216263592
0.0002594001707620919
0.00043143099173903465
0.0005943136056885123
0.0006016280967742205
0.0005256371223367751
0.00031828469946049154
0.00028395032859407365
0.00019566841365303844
0.00021321709209587425
0.0002465341240167618
0.00029069752781651914
0.00042793023749254644
0.0003963987692259252
0.00030315964249894023
0.00016529766435269266
0.00012725965643767267
0.0005146974581293762
0.0012315785279497504
0.0027878298424184322
0.004334252327680588
0.0049869040958583355
0.00458172895014286
0.0036145474296063185
0.0026354873552918434
0.002049439586699009
0.001079789362847805
0.0003553269198164344
0.00010547968850005418
0.000602901738602668
0.00043508646194823086
0.0004538969951681793
0.0002774425665847957
0.00012243675882928073
0.0002474766515661031
0.000492604507599026
0.0007887327228672802
0.00047762307804077864
0.00018191669369116426
8.035961946006864e-05
9.375032823299989e-05
0.00010662724525900558
0.00013525510439649224
0.00012535219138953835
9.27027576835826e-05
6.499684968730435e-05
0.00011438426008680835
0.00016197549120988697
0.00023701833561062813
0.00036233870196156204
0.00024014600785449147
8.947877358878031e-05
3.80296005459968e-05
