0.00011423839896451682
0.000313931202981621
0.00038185188896022737
0.0003533521085046232
0.00031809022766537964
9.456533734919503e-05
0.0001447279064450413
0.00016356317792087793
0.00021749580628238618
0.0005362143856473267
0.0003317341906949878
0.00018559317686595023
0.00030092554516159
0.0005583255551755428
0.0006179799092933536
0.0006241063820198178
0.0005353052401915193
0.00021763551922049373
0.0002813191676978022
0.00018418155377730727
0.00019516536849550903
0.00021336575446184725
0.0002970644854940474
0.0005211915704421699
0.0004986186977475882
0.0004329719813540578
0.0002764850505627692
0.00016328046331182122
0.0006129318499006331
0.0012134764110669494
0.0024756791535764933
0.004282413981854916
0.004734654910862446
0.004390159621834755
0.003468876937404275
0.0023594379890710115
0.001762003288604319
0.0009281646343879402
0.00020053058688063174
7.643321441719308e-05
0.0002656462020240724
0.0004530489386525005
0.0003827944165095687
0.00029538015951402485
0.00010029521945398301
9.214173769578338e-05
0.0002874211932066828
0.0005638613365590572
0.0004544148687273264
0.0002035218058153987
9.041226439876482e-05
0.00010997147182933986
0.00014278292655944824
0.00014669988013338298
0.00014151794312056154
8.947877358878031e-05
7.375528366537765e-05
9.712358587421477e-05
0.00015692072338424623
0.00014520664990413934
0.00027765199774876237
0.0002814894251059741
9.249662980437279e-05
3.423897942411713e-05
