0.00010446918895468116
0.00031526447855867445
0.0004024375230073929
0.0003982186608482152
0.0002318055194336921
0.00012433127267286181
0.00017532774654682726
0.00018489685317035764
0.0003267373831477016
0.0004061477375216782
0.00023836569744162261
0.0001678269327385351
0.0003060249437112361
0.0005938059184700251
0.0006914865807630122
0.0006929340306669474
0.0005043634446337819
0.0002714433940127492
0.00028767550247721374
0.00017467603902332485
0.00020174238306935877
0.0002509923651814461
0.00030492496443912387
0.0004405569052323699
0.0004054894670844078
0.00034522858913987875
0.00020081482944078743
0.0001442042994312942
0.00046480787568725646
0.0011301912600174546
0.0020760241895914078
0.004587944131344557
0.00511257303878665
0.004643998108804226
0.0030728124547749758
0.0027000417467206717
0.0023176665417850018
0.0010464518563821912
0.0002899114915635437
0.00010397549340268597
0.00023921845422592014
0.00046284805284813046
0.0003504647465888411
0.00024959322763606906
9.987267549149692e-05
0.00015413806249853224
0.00034364277962595224
0.0005648637306876481
0.0005023886915296316
0.00022146034461911768
7.819855090929195e-05
0.00010513357847230509
0.000104618797195144
0.00013555711484514177
0.00014127203030511737
9.148347453447059e-05
8.148985943989828e-05
0.00010619047679938376
0.00017301776097156107
0.00022567300766240805
0.00039672074490226805
0.0002825908304657787
9.419133129995316e-05
3.9929585909703746e-05
