0.000107805390143767
0.0004476930480450392
0.0004310121003072709
0.00041162330307997763
0.0003439419961068779
0.00013851921539753675
0.0001647600147407502
0.00018804673163685948
0.0004754195688292384
0.00036682127392850816
0.00021725641272496432
0.00016320413851644844
0.00022415323473978788
0.0005896833608858287
0.0006343779969029129
0.0005983515875414014
0.0004040831991005689
0.00029850692953914404
0.0003179406048730016
0.00017580205167178065
0.0002288956893607974
0.00021671784634236246
0.00028287319582886994
0.0004192237975075841
0.0004037209437228739
0.00028662828844971955
0.00016847022925503552
0.0001873468136182055
0.0005237296572886407
0.0016031527193263173
0.003068952588364482
0.004637052770704031
0.005317648407071829
0.004554934799671173
0.0036167765501886606
0.0027533459942787886
0.0022955848835408688
0.00153494777623564
0.00043443808681331575
9.674227476352826e-05
0.0004730670480057597
0.00041157842497341335
0.00034455533022992313
0.0002728945401031524
0.0001133108526119031
0.00011072268534917384
0.00028433933039195836
0.0005566204781644046
0.00046755283256061375
0.00018642385839484632
6.029082942404784e-05
8.178906864486635e-05
0.00010813322296598926
0.00012453125964384526
0.00011541747517185286
8.689059905009344e-05
6.45096879452467e-05
9.634564048610628e-05
0.0001723599707474932
0.00019094090384896845
0.00032274294062517583
0.00029128920868970454
9.214282181346789e-05
3.400522473384626e-05
