0.00010032646241597831
0.0003413687809370458
0.0003894918772857636
0.0003592867578845471
0.00024298849166370928
0.00010659358667908236
0.0001418830215698108
0.00016326508193742484
0.000278789724688977
0.00035778043093159795
0.0002296437305631116
0.00017057960212696344
0.0002603380708023906
0.0006064464687369764
0.0005738250911235809
0.0005518480902537704
0.0005317412433214486
0.0002229414094472304
0.000279417319688946
0.00016408679948654026
0.00018090241064783186
0.00021555094281211495
0.0002918046375270933
0.0004273916711099446
0.00040605798130854964
0.0003666071279440075
0.00022391385573428124
0.00014755544543731958
0.00042275391751900315
0.001067791017703712
0.0023982287384569645
0.004221584647893906
0.005194167140871286
0.004762227647006512
0.003970577381551266
0.0028239148668944836
0.002373005263507366
0.0013906537787988782
0.00036828272277489305
7.579094381071627e-05
0.00029174203518778086
0.00039493737858720124
0.00034229751327075064
0.00020723007037304342
9.675612091086805e-05
0.0001244938321178779
0.000361305515980348
0.0005587599007412791
0.0004333010583650321
0.00019881012849509716
8.078671817202121e-05
9.477479034103453e-05
0.00013243037392385304
0.00012312493345234543
0.0001538687793072313
9.701916133053601e-05
6.949937960598618e-05
9.29427333176136e-05
0.00015470657672267407
0.00024610027321614325
0.00040513044223189354
0.00043615850154310465
0.0001645505690248683
5.032713306718506e-05
