3.319603274576366e-05
4.041824649902992e-05
3.9518352423328906e-05
4.291794539312832e-05
4.4432694267015904e-05
4.419332617544569e-05
4.624291977961548e-05
4.913587690680288e-05
5.3124414989724755e-05
4.937101766699925e-05
5.6147131545003504e-05
5.659558155457489e-05
5.67601528018713e-05
5.0716105761239305e-05
4.221854032948613e-05
3.672803723020479e-05
3.7745350709883496e-05
3.502253821352497e-05
3.6702789657283574e-05
3.762473352253437e-05
4.0676677599549294e-05
3.721145185409114e-05
4.0549508412368596e-05
4.3759471736848354e-05
4.9403322918806225e-05
4.040832209284417e-05
4.28019993705675e-05
4.4537417124956846e-05
3.9869744796305895e-05
3.695244595292024e-05
4.8098019760800526e-05
4.260751302354038e-05
6.359710096148774e-05
6.722441321471706e-05
4.959406942361966e-05
5.5173404689412564e-05
5.2502953622024506e-05
4.90854108647909e-05
4.8592650273349136e-05
4.823266135645099e-05
6.21459330432117e-05
4.699438068200834e-05
4.721743243862875e-05
4.0972026909003034e-05
4.174885543761775e-05
4.9655598559184e-05
4.624291977961548e-05
5.6236531236208975e-05
4.097682176507078e-05
4.2948711779899895e-05
3.6787911085411906e-05
3.741860200534575e-05
3.755704892682843e-05
3.6349498259369284e-05
3.665648546302691e-05
3.8642047002213076e-05
3.452884266152978e-05
3.665323310997337e-05
3.7102050555404276e-05
3.517214645398781e-05
3.466348789515905e-05
3.581110286177136e-05
3.751090116566047e-05
3.242689126636833e-05
