0.00010282616858603433
0.0003466348862275481
0.00042468379251658916
0.0004090500879101455
0.0002056984812952578
0.00011375563190085813
0.00013613756163977087
0.00015425078163389117
0.00037991919089108706
0.00041159693500958383
0.0002025951398536563
0.00016942768706940114
0.0002582781598903239
0.0005272080888971686
0.0006465031765401363
0.0005138185224495828
0.000570773147046566
0.0002185430348617956
0.0002979234850499779
0.00015352467016782612
0.00018754486518446356
0.0002209815866081044
0.00027038116240873933
0.00040680603706277907
0.000393939990317449
0.0003610418061725795
0.0002568867930676788
9.357794624520466e-05
0.0002630655071698129
0.0008337637991644442
0.0018513024551793933
0.0040199472568929195
0.005198430735617876
0.004790457896888256
0.004187983460724354
0.002923581749200821
0.0024348669685423374
0.001454175915569067
0.0003972312842961401
6.720258534187451e-05
0.00019804714247584343
0.00042175158159807324
0.00034630572190508246
0.00029765412909910083
9.080451854970306e-05
0.00011716291191987693
0.00044388280366547406
0.0005748143885284662
0.0005157306441105902
0.00016626730212010443
8.014529157662764e-05
0.00010626445146044716
0.00011352488945703954
0.00013128429418429732
0.00011601870210142806
9.001734724733979e-05
7.240883132908493e-05
9.16031640372239e-05
0.0001630545302759856
0.00018383466522209346
0.00033511524088680744
0.0004220208211336285
9.048917854670435e-05
3.725708302226849e-05
