9.29411908145994e-05
0.00040565404924564064
0.00038261490408331156
0.00035231938818469644
0.0002334259042982012
0.00011317620374029502
0.00013679884432349354
0.00015534985868725926
0.000317515863571316
0.0003428128839004785
0.0001750416267896071
0.000171067746123299
0.00027270379359833896
0.0005345350946299732
0.0005469335592351854
0.0005853147595189512
0.00040029818774200976
0.00023013741883914918
0.0002521742426324636
0.00014872234896756709
0.0001566514401929453
0.0002194107510149479
0.0002990950015373528
0.0003841694269794971
0.00035300804302096367
0.00030180849716998637
0.00015677766350563616
0.0001535349729238078
0.0004803471965715289
0.0011739488691091537
0.0027044822927564383
0.0041385614313185215
0.004312457982450724
0.0040059820748865604
0.0027572058606892824
0.0022369842045009136
0.0018575710710138083
0.0010116292396560311
0.000239353088545613
6.901279994053766e-05
0.00022891067783348262
0.0003925037744920701
0.0003045359917450696
0.0002493616775609553
9.22165418160148e-05
0.00011079748219344765
0.00023734838759992272
0.0005059193936176598
0.0005630086525343359
0.00025154592003673315
0.00013223588757682592
0.00010503769590286538
0.00014242142788134515
0.00013405318895820528
0.00012468508793972433
8.88560462044552e-05
7.191447366494685e-05
0.00011794860620284453
0.00014447358262259513
0.00017774573643691838
0.0002980282006319612
0.00033435228397138417
0.00011283210915280506
3.6854398786090314e-05
