0.00010504898091312498
0.00036534658283926547
0.0004014576552435756
0.0003897360584232956
0.0002372436720179394
0.00011325100786052644
0.0001469295093556866
0.0001689105702098459
0.0003233921015635133
0.00041507347486913204
0.00020756389130838215
0.00017070214380510151
0.00027992596733383834
0.0005724636721424758
0.0006533701089210808
0.0005753061268478632
0.0005546906031668186
0.0002510671620257199
0.00031098397448658943
0.0001781094615580514
0.0002005760179599747
0.00020886730635538697
0.0003575700684450567
0.00042298019980080426
0.0004056222678627819
0.00033121524029411376
0.00015892354713287205
0.0001784591586329043
0.0005988324410282075
0.0012516557471826673
0.0027254298329353333
0.004340640269219875
0.005341243930160999
0.004726496525108814
0.0032847882248461246
0.0028030003886669874
0.0023282733745872974
0.001078080851584673
0.0002443400153424591
7.190678297774866e-05
0.0004019344924017787
0.000389059103326872
0.00035350079997442663
0.00024151675461325794
9.661306103225797e-05
0.00012926249473821372
0.00038672247319482267
0.0005931100458838046
0.0004658981051761657
0.00019236774824094027
8.229118247982115e-05
0.00011940726108150557
0.00013362248137127608
0.0001382911577820778
0.00012888098717667162
8.624916517874226e-05
7.259489939315245e-05
9.661493095336482e-05
0.00016164823318831623
0.0001907164987642318
0.0003331554471515119
0.0003745960129890591
0.0001370531681459397
3.689558798214421e-05
