9.701916133053601e-05
0.000344061671057716
0.0003999092150479555
0.00037232472095638514
9.116088040173054e-05
0.00011274703138042241
0.00014118225954007357
0.0001586860598763451
0.0002340421051485464
0.0003487275098450482
0.00018168034148402512
0.00018203939544036984
0.00025169551372528076
0.0004697598342318088
0.0006885422044433653
0.0006054660188965499
0.0004808424855582416
0.0002752582950051874
0.00027765199774876237
0.00016908362158574164
0.00018698532949201763
0.00021406984888017178
0.00032592954812571406
0.00041874448652379215
0.0004020485794171691
0.0003595457528717816
0.0001936848129844293
0.00015788880409672856
0.0004903490771539509
0.0011045678984373808
0.0028828142676502466
0.00421121995896101
0.004671836271882057
0.004230082500725985
0.0034413051325827837
0.002435375703498721
0.0020140428096055984
0.0012003111187368631
0.0003024415345862508
6.774115900043398e-05
0.00021727140119764954
0.00043437822023406625
0.000324972061207518
0.0003035636036656797
0.00012014780077151954
0.00011192780948476866
0.00017686306091491133
0.00052142224740237
0.0004304331378079951
0.00020999026310164481
7.902131619630381e-05
9.670468716649339e-05
0.00011027386790374294
0.00010680302511900663
0.00011274234566371888
8.152102236635983e-05
5.019248783355579e-05
0.00010761089652078226
0.00015721992531325668
0.00021395135263446718
0.0003744352434296161
0.00025127659318968654
9.157324529951438e-05
3.680459485622123e-05
