9.367340680910274e-05
0.00038030833820812404
0.00037429682561196387
0.0003598449984565377
0.00018720069783739746
0.00011015419295290485
0.00014397987979464233
0.0001710641518002376
0.0004347110807429999
0.00033110586809925735
0.00021201465278863907
0.0001607992162462324
0.00025622849352657795
0.000474688335089013
0.0005950989434495568
0.0004771054082084447
0.0005930194165557623
0.00019991719454992563
0.00029617309337481856
0.00016465528460685164
0.0001596584916114807
0.00023115696967579424
0.0003171467105858028
0.00040673595503903925
0.0003672663006000221
0.000294931378448382
0.00016453560965601355
0.00012171865091659129
0.0004948562127538025
0.0011182739399373531
0.002412188332527876
0.004279003012925386
0.004431501030921936
0.0038831480778753757
0.0031978224869817495
0.0022956307511776686
0.0017940318211913109
0.0009998958557844162
0.00015331243048422039
7.852768612792715e-05
0.00022965868993196636
0.00040551938582211733
0.00032660274882800877
0.00021828927856404334
9.407336619915441e-05
0.00010016494343290105
0.0003439120773691684
0.0005074850632809103
0.0004035594465676695
0.0001944305986398831
6.759155075997114e-05
6.572149868588895e-05
0.00010748535714810714
0.00011697063018800691
0.00011342489597154781
7.758611172903329e-05
5.927351230639033e-05
9.17976358323358e-05
0.00014619404100812972
0.00017773077706806362
0.0003014541289303452
0.0003236256306990981
0.00010436446609674022
3.581110286177136e-05
