9.707870776765049e-05
0.0002493018109817058
0.00038029596908017993
0.000372516515199095
0.0002380515361437574
0.00010206054867012426
0.0001369035744573921
0.00016110966680571437
0.0002619883161969483
0.00041111462633125484
0.0002180047013098374
0.0001831088593462482
0.0003302456170786172
0.0005828415742143989
0.0005654172855429351
0.0005714314174838364
0.0005204834160394967
0.00022035324946045876
0.0002589812793303281
0.00016730331117287278
0.00019498023902997375
0.0002403703983873129
0.00028782509616576135
0.00041467524715699255
0.0003894817491527647
0.0003436427505221218
0.00016463415522594005
0.00016687132301740348
0.00043760970584116876
0.0009724178235046566
0.0021677170880138874
0.00394122488796711
0.004731842782348394
0.004466607701033354
0.003781117731705308
0.0026223219465464354
0.002216697670519352
0.0014132290380075574
0.00035697256680577993
5.0551538151921704e-05
0.00011699113383656368
0.00042399566154927015
0.0003097721782978624
0.000305942288832739
0.00011531556083355099
0.00011664759222185239
0.0003348368627484888
0.0005111542996019125
0.0003626248217187822
0.00017133796063717455
7.4502378993202e-05
0.00010085716348839924
0.00011362127406755462
0.00011937546514673159
0.00010882083734031767
8.319723565364257e-05
6.404310988727957e-05
0.00010925000970019028
0.0001446334645152092
0.00016716461686883122
0.00033326016273349524
0.0002561088476795703
8.72795790201053e-05
3.5456392652122304e-05
