9.842515282798558e-05
0.00024824723368510604
0.00039959503919817507
0.0003730850585270673
0.00019325378525536507
0.00013202830450609326
0.00015350971079897135
0.00017936147924046963
0.000315487093757838
0.0003975454601459205
0.00023597203835379332
0.00017143241711892188
0.00028435830608941615
0.0005465039284899831
0.000595313380472362
0.0005638710572384298
0.000517753476742655
0.00030408159364014864
0.0002910805633291602
0.00016925667296163738
0.00020115799270570278
0.00021104500046931207
0.0003297528892289847
0.0004056976467836648
0.0003744669957086444
0.0003174020384903997
0.0001678886474110186
0.00015299451479222625
0.0004812532279174775
0.0012154043652117252
0.0027820048853754997
0.0044182115234434605
0.0047812494449317455
0.004233235027641058
0.003636380424723029
0.002609603339806199
0.002164448844268918
0.0007946814293973148
0.00018453126540407538
7.997043576324359e-05
0.00031276053050532937
0.00035033756284974515
0.0003190869465470314
0.00026311466353945434
8.068573515629396e-05
0.00013245749869383872
0.00035682294401340187
0.0005252932896837592
0.0004414695140440017
0.00020717305596917868
7.828832167433575e-05
8.528983016731218e-05
0.00013296896941028535
0.00010274873784510419
0.0001380854519084096
8.493077621096745e-05
6.828413461335003e-05
0.00010797940194606781
0.00015778881788719445
0.0002413578040432185
0.0003111243131570518
0.00029370334232226014
7.08463994669728e-05
3.3921074646059424e-05
