0.00010747946362243965
0.00040613277815282345
0.0004524355463217944
0.0004284019523765892
0.00019121018704026937
0.00012328951561357826
0.00015564907516818494
0.00018796214135363698
0.00044526945566758513
0.00038864396628923714
0.00020376792235765606
0.00016284505545627326
0.00029906045529060066
0.00047504089889116585
0.0005451809847727418
0.0007729793433099985
0.00047442750656045973
0.00025583954993635416
0.00027486711042001843
0.00016354821855202317
0.00018913067469839007
0.00023490982130169868
0.0003294067573733628
0.0004477464535739273
0.0003958997840527445
0.0003462159656919539
0.0002181241288781166
0.00010144717816729099
0.0004794811538886279
0.0011531236814334989
0.002903684973716736
0.004224053118377924
0.004738320596516132
0.0043365564197301865
0.0036569007206708193
0.002553937491029501
0.0019102870719507337
0.001040483359247446
0.00016083101218100637
9.244094690075144e-05
0.00025959464255720377
0.00041380751645192504
0.0003314050263725221
0.000316728837788105
0.0001246060273842886
7.035925227683038e-05
0.0002125139581039548
0.0005189298535697162
0.0005247845547273755
0.0002650253300089389
7.39142342354171e-05
9.165826486423612e-05
9.936299466062337e-05
0.0001300815783906728
0.00011355022434145212
8.65588808665052e-05
5.5398741096723825e-05
0.00010819435556186363
0.00016182774561457336
0.0001901779032777995
0.00031940673943609
0.0003127792733721435
0.00011684152559610084
4.392403570818715e-05
