9.618108015274629e-05
0.00027838977985084057
0.0003705248818732798
0.00035025528632104397
0.00022558943601325154
9.724327537696809e-05
0.00012106039503123611
0.00015585852088406682
0.0003407669719308615
0.00038103904807940125
0.0001934645406436175
0.00019157299539074302
0.00030303248786367476
0.000587499001994729
0.0005979114794172347
0.0005365434917621315
0.0005562614533118904
0.00020141324785072356
0.0002382715028943494
0.00015549011004623026
0.0002025885769398883
0.0002105522435158491
0.00031104384106583893
0.00037499156314879656
0.00035442275111563504
0.0003100244503002614
0.00013320457946974784
0.00017445351113565266
0.0004720973956864327
0.0011593250092118979
0.0027576847933232784
0.0043641505762934685
0.004695800133049488
0.004137528594583273
0.0035560671240091324
0.0023780835326761007
0.0020605307072401047
0.0008050929754972458
0.00020778643374796957
7.524945976911113e-05
0.0002959907578770071
0.0003624331729952246
0.0003341278643347323
0.00024487351765856147
0.00010629343887558207
0.00012794221402145922
0.0003093832347076386
0.0005490804323926568
0.0004823730851057917
0.00023729467648081481
7.469779666280374e-05
0.00011369982530595735
0.00016483484068885446
0.00012450131180230528
0.00012788237654604018
7.770484808133915e-05
7.70765109336935e-05
7.137656211853027e-05
0.0001627104211365804
0.00017258436128031462
0.0003140658373013139
0.00033203340717591345
8.998449629871175e-05
3.6167115467833355e-05
