0.00010840380855370313
0.0004800825845450163
0.0004510082071647048
0.0004389060486573726
0.0002613764372654259
0.00012189311382826418
0.00017376996402163059
0.00019505503587424755
0.000353830837411806
0.0004477080365177244
0.00026887014973908663
0.00017967564053833485
0.00022068238467909396
0.00045128361671231687
0.0007607865263707936
0.0005188751383684576
0.000486318749608472
0.0002889961760956794
0.0003035560075659305
0.00017934651987161487
0.00022137057385407388
0.00025985355023294687
0.000455786706879735
0.00047737470595166087
0.0004341480671428144
0.00037545509985648096
0.00015434750821441412
0.00014309720427263528
0.0004085414402652532
0.001089244382455945
0.0022875205613672733
0.004725642967969179
0.00510582746937871
0.004465246107429266
0.0035151545889675617
0.002700655022636056
0.002210893202573061
0.0013002323685213923
0.00036596384597942233
9.610389679437503e-05
0.0002792435116134584
0.0004395844880491495
0.00038056529592722654
0.0003024564648512751
0.00011615334369707853
8.2836311776191e-05
0.0002541340363677591
0.0006329858442768455
0.0004957483615726233
0.00015549011004623026
7.901669596321881e-05
9.232126467395574e-05
0.00011936985538341105
0.00012189819244667888
0.00012501580931711942
9.104295895667747e-05
5.453103585750796e-05
0.00011488171003293246
0.00017365615349262953
0.00032051384914666414
0.0003747007285710424
0.00034542306093499064
9.050455992110074e-05
3.2633532100589946e-05
