9.49543173192069e-05
0.000325394474202767
0.00040484388591721654
0.00036868665483780205
0.00019976760086137801
9.519368904875591e-05
0.00012770286411978304
0.00015874589735176414
0.00025721595739014447
0.00043922540498897433
0.0002859251108020544
0.00018067838391289115
0.0002782744122669101
0.0005189686780795455
0.0006079734303057194
0.0006258707726374269
0.0005424735718406737
0.00027494411915540695
0.00023442735255230218
0.0001711949153104797
0.00018808344611898065
0.00022725004237145185
0.00025100732455030084
0.000413029600167647
0.0003979793400503695
0.00031621602829545736
0.00019179245282430202
0.000118470452434849
0.0004990402958355844
0.0011296228040009737
0.0025616122875362635
0.004114258103072643
0.004733503330498934
0.004309208132326603
0.0032247682102024555
0.0025366891641169786
0.0017651356756687164
0.0009189367410726845
0.00030318679637275636
6.83349062455818e-05
0.00025609388831071556
0.0003739826788660139
0.00031306350138038397
0.0002586521441116929
0.000100863711850252
8.72795790201053e-05
0.00025159079814329743
0.0005008776788599789
0.0004867699171882123
0.0002485238655935973
7.692690996918827e-05
8.600793808000162e-05
0.00013645474973600358
0.00011248802911723033
0.00014324682706501335
8.141506259562448e-05
8.493077621096745e-05
0.00010030372504843399
0.00016829070227686316
0.00018807697051670402
0.00032376893796026707
0.00030379442614503205
8.004991832422093e-05
3.8340029277605936e-05
