0.0001029646082315594
0.000392453046515584
0.00038733831024728715
0.0003644210228230804
0.00025687183369882405
0.00011675176938297227
0.00014791448484174907
0.00016425727517344058
0.00031700823456048965
0.0003640236391220242
0.00019987233099527657
0.00019638653611764312
0.000265459151705727
0.0004237712128087878
0.0005702869384549558
0.000545550137758255
0.000451915169833228
0.00024299504002556205
0.00027801102260127664
0.00017800007481127977
0.00016947256517596543
0.0002574253885541111
0.0002776331384666264
0.0004240262496750802
0.00040359789272770286
0.0002885357534978539
0.00020787618996109813
0.00011532210191944614
0.00037502992199733853
0.0010183615377172828
0.0017807038966566324
0.004133459180593491
0.004552478902041912
0.004283987917006016
0.0031529562547802925
0.0024863609578460455
0.0018512662500143051
0.0011196666164323688
0.0003044789773412049
0.0001413112913724035
0.00034578211489133537
0.0003629417915362865
0.00046714171185158193
0.00015843489381950349
0.00014081393601372838
0.0001411205594195053
0.0003803642466664314
0.0005244096391834319
0.000390696368413046
0.00020541800768114626
7.71213963162154e-05
9.451484947931021e-05
0.00010050465789390728
0.00012182337377453223
0.00011951946362387389
8.199852163670585e-05
8.028271258808672e-05
0.00012328576121944934
0.00018196459859609604
0.00018090241064783186
0.00032293741242028773
0.0003279940865468234
0.00011293683928670362
3.7072131817694753e-05
