0.00010811955144163221
0.0004696644900832325
0.00041395711014047265
0.00041087527642957866
0.0003229224821552634
0.00011726043157977983
0.00015918113058432937
0.0001938152709044516
0.0003304681449662894
0.00036515219835564494
0.0002332641597604379
0.00019533929298631847
0.0002783701056614518
0.0005431111785583198
0.0007292646914720535
0.0005578771815635264
0.0006641566287726164
0.0002852430916391313
0.0002779359638225287
0.00018480866856407374
0.00023570272605866194
0.00025699150864966214
0.0003809698100667447
0.0004547686839941889
0.00039055891102179885
0.00030049667111597955
0.00017740164184942842
0.0001262516889255494
0.0004283641173969954
0.001360574853606522
0.0029297340661287308
0.004636991303414106
0.00511936517432332
0.004358508158475161
0.0033643217757344246
0.002581180538982153
0.0020141233690083027
0.0009721335954964161
0.00027213155408389866
8.080167754087597e-05
0.00022267212625592947
0.0004261649155523628
0.0003274854097981006
0.0003089493256993592
0.00011446281860116869
0.00013969099381938577
0.00037888545193709433
0.0006038237479515374
0.0003994230064563453
0.00017432632739655674
7.291281508514658e-05
9.78416865109466e-05
0.00011754468141589314
0.00011018411169061437
0.00011533052747836336
9.044904436450452e-05
6.244514224817976e-05
9.043624595506117e-05
0.0001576426875544712
0.0002142436132999137
0.0003492249234113842
0.00031271285843104124
0.00010451313573867083
3.705716517288238e-05
