0.00010134244803339243
0.0003585306985769421
0.0003901549498550594
0.0003743859997484833
0.00025493104476481676
0.00011389431165298447
0.00014040431415196508
0.0001657324464758858
0.00023381771461572498
0.00036784063559025526
0.0002188814978580922
0.0001941639493452385
0.0002830377488862723
0.0005809313151985407
0.0006226561963558197
0.0005488710012286901
0.0006177790346555412
0.00021447376639116555
0.0003375388914719224
0.00016978738131001592
0.00018634693697094917
0.00020926752767991275
0.00028676295187324286
0.0003952988772653043
0.00036116241244599223
0.00027977637364529073
0.00016917336324695498
0.0001030628991429694
0.0004793349653482437
0.0011409175349399447
0.002355326199904084
0.004354279953986406
0.004609361290931702
0.004258941393345594
0.0036535493563860655
0.002443529199808836
0.002112004440277815
0.0013145944103598595
0.00039033452048897743
5.673023042618297e-05
0.0002794589090626687
0.0003606799291446805
0.0003072289109695703
0.00019447157683316618
8.502053970005363e-05
0.00010309283970855176
0.0002960534184239805
0.0005061886622570455
0.0004955966142006218
0.0002554655366111547
8.166938641807064e-05
7.231907511595637e-05
0.00011382032244000584
0.00010833201667992398
0.00011192508100066334
8.16517713246867e-05
5.582511948887259e-05
0.00010952023149002343
0.00014851291780360043
0.0002007549919653684
0.0003179106570314616
0.0002795669133774936
0.000102255042293109
3.870282307616435e-05
