0.00010291330545442179
0.00025772457593120635
0.000412081484682858
0.00038892272277735174
0.00016520227654837072
0.00010961560474243015
0.0001406436786055565
0.00017917448712978512
0.00036297173937782645
0.0004173980560153723
0.0002610906958580017
0.0001869614061433822
0.0002672095433808863
0.0005234829732216895
0.0006709935842081904
0.0005048870807513595
0.0006569606484845281
0.0002134265232598409
0.0002716598391998559
0.00016855997091624886
0.00020023137039970607
0.00023306967341341078
0.0003089792444370687
0.00044693006202578545
0.00043322626152075827
0.00038548727752640843
0.0002307358372490853
0.000148602674016729
0.0004175326903350651
0.0010822280310094357
0.002447643084451556
0.00455487472936511
0.005263539031147957
0.00487926322966814
0.0040401737205684185
0.0028555262833833694
0.002426758175715804
0.0013434382854029536
0.0003612961736507714
6.219081114977598e-05
0.0002016526268562302
0.00043843782623298466
0.0003619874769356102
0.0002594304969534278
0.00010458748874953017
0.00018138394807465374
0.00030532502569258213
0.0005938095273450017
0.0004906018730252981
0.00017326133092865348
8.270447142422199e-05
0.0001278160052606836
0.00014094467042014003
0.00013482592476066202
0.00013935708557255566
8.799767965683714e-05
8.316543971886858e-05
0.00011108671606052667
0.0001564966660225764
0.00020769824914168566
0.0003927281650248915
0.00024141729227267206
6.072094402043149e-05
3.544704304658808e-05
