0.00011272739357082173
0.0004056669131387025
0.0004786912468262017
0.0004614601784851402
0.00019441173935774714
0.00012898944260086864
0.00017444083641748875
0.00021872254728805274
0.00041430123383179307
0.0005583708989433944
0.00025953049771487713
0.00019102329679299146
0.00037411731318570673
0.0006754172500222921
0.0007116262568160892
0.0007124341791495681
0.0006814359803684056
0.00029246287886053324
0.0003597851609811187
0.00019308026821818203
0.0001897739857668057
0.0002860597742255777
0.0003059273585677147
0.0005519893020391464
0.0005136462859809399
0.00043516335426829755
0.0002575000107754022
0.00019951326248701662
0.0004565496928989887
0.0015168263344094157
0.0031662750989198685
0.005696975160390139
0.005889200139790773
0.005326014012098312
0.004099447745829821
0.0030524663161486387
0.0024531036615371704
0.001445020199753344
0.00043107193778268993
7.055373134789988e-05
0.00019840619643218815
0.0004923103260807693
0.0004117579373996705
0.0003017533745151013
0.0001067026169039309
0.00017391584697179496
0.0003030698571819812
0.0006557094748131931
0.0005188841023482382
0.00023807153047528118
8.104104927042499e-05
0.00011552499927347526
0.00014181061123963445
0.00012797213275916874
0.00016106477414723486
9.629617125028744e-05
7.309895590879023e-05
0.00016588579455856234
0.0001774166157701984
0.00021496746921911836
0.00037586770486086607
0.0003767054877243936
0.00013299887359607965
4.1829567635431886e-05
