4.312561213737354e-05
6.970098183955997e-05
6.703044346068054e-05
5.515751036000438e-05
4.879929838352837e-05
3.9325554098468274e-05
4.702086152974516e-05
5.728376709157601e-05
7.209467003121972e-05
8.704020729055628e-05
8.400322985835373e-05
8.370401337742805e-05
8.911242184694856e-05
0.00010191858018515632
9.871127258520573e-05
8.620148582849652e-05
6.843027949798852e-05
6.919326551724225e-05
6.575982843060046e-05
6.084810956963338e-05
5.7684897910803556e-05
5.6381461035925895e-05
5.58087085664738e-05
5.2773175411857665e-05
5.571385190705769e-05
6.756163202226162e-05
7.522177475038916e-05
8.26747200335376e-05
9.728066652314737e-05
0.00014890937018208206
0.00025068846298381686
0.00034412243985570967
0.0003769944014493376
0.0003473174583632499
0.00024075376859400421
0.00016178474470507354
0.00013507090625353158
8.659138984512538e-05
6.079948434489779e-05
4.811297912965529e-05
5.397749919211492e-05
6.231049337657169e-05
5.134445018484257e-05
4.497127520153299e-05
4.6676770580234006e-05
5.1523973525036126e-05
6.563172792084515e-05
7.797528814990073e-05
5.798691199743189e-05
4.642244311980903e-05
4.372554394649342e-05
4.582528708851896e-05
4.808655648957938e-05
5.048421735409647e-05
4.6128840040182695e-05
4.0803843148751184e-05
3.8642047002213076e-05
4.7384590288857e-05
5.533235889743082e-05
6.142782513052225e-05
7.098758214851841e-05
7.306710176635534e-05
5.369324571802281e-05
4.363978951005265e-05
