9.999601024901494e-05
0.0002084746229229495
0.000410035572713241
0.0003767780144698918
0.0001819496537791565
0.00010222512355539948
0.00013455476437229663
0.00015903013991191983
0.0002693339192774147
0.00043564988300204277
0.0002521592832636088
0.00015849157352931798
0.00027039842098020017
0.0005344190867617726
0.0005693668499588966
0.0005537779652513564
0.0006315875798463821
0.00021511706290766597
0.0003403364971745759
0.0001609269093023613
0.00017667116480879486
0.00020505240536294878
0.00025885365903377533
0.0003974601859226823
0.0003807448083534837
0.0003482805041130632
0.0002208319929195568
0.00014911133621353656
0.0004162760451436043
0.0010640808613970876
0.0023771491833031178
0.004263668786734343
0.005046477075666189
0.004708683583885431
0.003909927327185869
0.0027268962003290653
0.0022313741501420736
0.001357964938506484
0.00032501693931408226
5.746329406974837e-05
0.0001911653089337051
0.0004130880406592041
0.00035187104367651045
0.00027029216289520264
9.398107067681849e-05
0.00011389406427042559
0.0003231536829844117
0.0005872605834156275
0.000514369283337146
0.00016518638585694134
7.828550587873906e-05
0.00010948844283120707
0.00011859658116009086
0.0001382752670906484
0.00011743620416382328
8.763208461459726e-05
6.405900785466656e-05
0.0001207312525366433
0.0001576519280206412
0.0002241111360490322
0.0003711289318744093
0.00025807987549342215
8.159178105415776e-05
3.4747641620924696e-05
