0.0001220930862473324
0.00041317768045701087
0.00045989887439645827
0.000461781193735078
0.0002915502991527319
0.00011378958879504353
0.00019448653620202094
0.0003070194215979427
0.00046972991549409926
0.0006135751027613878
0.00032469723373651505
0.0002126053295796737
0.0002693677379284054
0.0005018861265853047
0.0005278907483443618
0.000655786192510277
0.000576308520976454
0.0002953652001451701
0.0003475923149380833
0.00022675633954349905
0.0002750533458311111
0.0002709060499910265
0.00038406174280680716
0.000474589440273121
0.00046200372162275016
0.000416949245845899
0.0002642024774104357
0.00024081920855678618
0.0005950989434495568
0.001850678469054401
0.003413253230974078
0.004650259390473366
0.004384040832519531
0.004286408890038729
0.004145749844610691
0.0033733095042407513
0.0029769157990813255
0.001614064327441156
0.0004583599220495671
8.478117524646223e-05
0.000217151697142981
0.00039708634722046554
0.0003691429737955332
0.0002864981070160866
7.868289685575292e-05
0.0002795220643747598
0.0005637865397147834
0.000730850559193641
0.0005463725537993014
0.00027645513182505965
0.00010969041613861918
8.445204002782702e-05
0.0001626356242923066
0.00011429824371589348
0.00016612141916994005
0.00011768506374210119
7.689849735470489e-05
0.00010781017772387713
0.00017385600949637592
0.00023019059153739363
0.00040625911788083613
0.000348296802258119
9.960703027900308e-05
4.136579082114622e-05
