3.179107079631649e-05
3.980794645030983e-05
4.3071286199847236e-05
3.922643736586906e-05
3.964910501963459e-05
3.7764715671073645e-05
3.62187456630636e-05
3.81941681553144e-05
4.398388045956381e-05
4.2742161895148456e-05
3.83877195417881e-05
3.891842789016664e-05
3.813432340393774e-05
4.432797504705377e-05
4.83523472212255e-05
4.156028080615215e-05
4.84720294480212e-05
3.9456823287764564e-05
3.822620055871084e-05
3.9151640521595255e-05
3.532174741849303e-05
3.9331167499767616e-05
3.870707587338984e-05
4.1650040657259524e-05
4.29665669798851e-05
4.030360287288204e-05
3.992958227172494e-05
3.612961882026866e-05
4.658700345316902e-05
4.3953961721854284e-05
5.532394425245002e-05
7.4922209023498e-05
7.800406456226483e-05
6.531755934702232e-05
5.40223772986792e-05
5.586251791100949e-05
4.730510772787966e-05
4.56145717180334e-05
5.4770400311099365e-05
3.787999594351277e-05
4.094689938938245e-05
3.7191814044490457e-05
3.961541733588092e-05
3.57855242327787e-05
3.592016946640797e-05
3.732645927811973e-05
3.618945993366651e-05
3.879258656525053e-05
4.0513044950785115e-05
3.614457818912342e-05
3.586032835301012e-05
3.520206519169733e-05
3.47233290085569e-05
3.608473707572557e-05
3.820912752416916e-05
3.814928641077131e-05
3.4409160434734076e-05
3.6196994187776e-05
3.654851025203243e-05
4.003430876764469e-05
3.8957150536589324e-05
4.1021699871635064e-05
4.631771662388928e-05
3.347291931277141e-05
