9.532341209705919e-05
0.0003714468621183187
0.0003466348862275481
0.00034376245457679033
0.0002463396522216499
0.00010198574454989284
0.0001571114844409749
0.00017717161972541362
0.0003225521941203624
0.00034901825711131096
0.00021568652300629765
0.00017491447215434164
0.000261539506027475
0.0005160176660865545
0.0007219789549708366
0.0006586058298125863
0.00031663908157497644
0.0003470986557658762
0.00029695103876292706
0.0001969699951587245
0.00021529658988583833
0.000275841768598184
0.00023550823971163481
0.00040528233512304723
0.00040552843711338937
0.0003312988264951855
0.00015142087067943066
0.0001547907158965245
0.0005059866816736758
0.0012302190298214555
0.002246046671643853
0.004544310737401247
0.00468455720692873
0.004176075104624033
0.003202426014468074
0.002387111773714423
0.0017956072697415948
0.0011442633112892509
0.00016311436775140464
8.327016257680953e-05
0.0002907314046751708
0.00043891125824302435
0.0003514271811582148
0.00026725264615379274
8.152819646056741e-05
9.091990068554878e-05
0.0003450443618930876
0.000544898968655616
0.00048802627134136856
0.00017940635734703392
6.406087049981579e-05
8.517014066455886e-05
0.00014169093628879637
0.00012466587941162288
0.00015472153609152883
8.047207666095346e-05
6.760730320820585e-05
0.00011281728075118735
0.00013872032286599278
0.00022479466861113906
0.00038149283500388265
0.00023705010244157165
6.935689452802762e-05
3.3742118830559775e-05
