0.0001104533948819153
0.0004350988019723445
0.0005074004293419421
0.00048733840230852365
0.00038562194094993174
0.0001455364254070446
0.0001784339256118983
0.00019436905859038234
0.0003574495785869658
0.00039292266592383385
0.0002793322200886905
0.00020889349980279803
0.00028706216835416853
0.0005458189989440143
0.0007246825844049454
0.0008910719188861549
0.0005171929951757193
0.00031370678334496915
0.00035075086634606123
0.00020599116396624595
0.0002015329519053921
0.0002630407689139247
0.00025347579503431916
0.0004799425951205194
0.0004624447028618306
0.0003751495969481766
0.00025299706612713635
0.0001518202043371275
0.000559794541914016
0.0013114893808960915
0.0037832644302397966
0.005237817298620939
0.005602492485195398
0.005046865902841091
0.004054177086800337
0.0030113551765680313
0.0024252021685242653
0.0013707710895687342
0.0003651709121186286
7.953003660077229e-05
0.0001900582283269614
0.00048544968012720346
0.00042565676267258823
0.0002188721700804308
0.00011839742364827543
0.00011877143697347492
0.00033249720581807196
0.0006149515393190086
0.0004968944122083485
0.0002356487384531647
7.181602268246934e-05
0.00011945961887249723
0.0001292737142648548
0.00013863899221178144
0.0001493507152190432
9.899365250021219e-05
8.045759022934362e-05
9.031654917635024e-05
0.00018785902648232877
0.00018628817633725703
0.00039005899452604353
0.0004399734316393733
0.00010481054778210819
3.3661133784335107e-05
