9.785665315575898e-05
0.0003029022482223809
0.0003714094636961818
0.0003649465215858072
0.00025435848510824144
0.00010005584772443399
0.00013335792755242437
0.00017839558131527156
0.00033660384360700846
0.00036505123716779053
0.0002232406404800713
0.00016362658061552793
0.00026097646332345903
0.0004960561054758728
0.0004960678634233773
0.0006100706523284316
0.00046610477147623897
0.0002486435405444354
0.00026185368187725544
0.00016663008136674762
0.00018144318892154843
0.00020017605856992304
0.00028058182215318084
0.00038262238376773894
0.0003624331729952246
0.00032969960011541843
0.00021900680440012366
0.00010571091843303293
0.0002740764175541699
0.0008257449953816831
0.0018123154295608401
0.0037937441375106573
0.0047643971629440784
0.0044191377237439156
0.00373071595095098
0.0024591328110545874
0.0017932779155671597
0.0009692918392829597
0.0001314401743002236
8.615379192633554e-05
0.00031001062598079443
0.000369459914509207
0.0003233151510357857
0.0002008718583965674
7.95889354776591e-05
0.00012818159302696586
0.00031816502450965345
0.0005313371657393873
0.0004737991257570684
0.0002153414679924026
7.537101919297129e-05
9.922659228323027e-05
0.00011265575449215248
0.00012387390597723424
0.00010704240412451327
8.165442704921588e-05
7.366552017629147e-05
9.526848589302972e-05
0.00015655820607207716
0.0002099210541928187
0.00036216387525200844
0.00021373135678004473
7.113251922419295e-05
3.422308509470895e-05
