0.00012577726738527417
0.00050588563317433
0.000529541983269155
0.0005253081908449531
0.00046112757991068065
0.00013988070713821799
0.00019453141430858523
0.00021268994896672666
0.00040735898073762655
0.0004190063045825809
0.0002822093083523214
0.00021754068438895047
0.00030745333060622215
0.0007703541195951402
0.000639604520983994
0.000851062941364944
0.0006194172310642898
0.00037218740908429027
0.000362971710273996
0.0002184233453590423
0.00023482006508857012
0.00026826790417544544
0.0005428119329735637
0.0005178279825486243
0.0004880864289589226
0.00044392302515916526
0.00020972876518499106
0.0002578414569143206
0.0007101750816218555
0.0015577474841848016
0.0030575080309063196
0.0052884481847286224
0.006347995717078447
0.0059860264882445335
0.004545253701508045
0.0033539682626724243
0.002222783863544464
0.0011616297997534275
0.00029111644835211337
9.040632721735165e-05
0.0003033541433978826
0.0004888194962404668
0.0003913069376721978
0.0003197807527612895
0.00013853426207788289
0.00014604302123188972
0.00043452330282889307
0.0007383194169960916
0.0005831753951497376
0.00020419590873643756
9.852987568592653e-05
0.00011750902194762602
0.00013263798609841615
0.00016062437498476356
0.0001320862938882783
0.00010200071119470522
8.032294135773554e-05
0.0001075211403076537
0.00020059043890796602
0.00022819255536887795
0.00039221951737999916
0.00042969558853656054
0.00010280308924848214
3.778009704547003e-05
