0.00010114042379427701
0.00047314647235907614
0.00046960177132859826
0.00043327113962732255
0.0002706055820453912
0.0001315925910603255
0.00015084676851984113
0.0001710883225314319
0.00024583100457675755
0.0003979216271545738
0.00021798949455842376
0.00019370859081391245
0.0003242612292524427
0.0005816227057948709
0.0006344241555780172
0.0005678397719748318
0.00037823428283445537
0.0002704943181015551
0.00027117779245600104
0.00017330246919300407
0.00019982743833679706
0.00026109072496183217
0.00028375585679896176
0.0004929949063807726
0.00046185243991203606
0.0003889150102622807
0.0001534947514301166
0.00016990643052849919
0.00034404671168886125
0.0009650871506892145
0.003041413612663746
0.004762953147292137
0.005319517571479082
0.004771675448864698
0.00376451900228858
0.002792535349726677
0.002212496940046549
0.0011460783425718546
0.0002856581413652748
6.932247924851254e-05
0.00038435403257608414
0.00039719761116430163
0.00037340199924074113
0.0002532158687245101
9.189209231408313e-05
0.00014204249600879848
0.00038934528129175305
0.000595065183006227
0.0004740833828691393
0.00022379416623152792
8.708508539712057e-05
0.00010316763655282557
0.0001309343206230551
0.00012287060962989926
0.00014528144674841315
8.93071701284498e-05
6.663049862254411e-05
0.00010959459177684039
0.00015709659783169627
0.00025006855139508843
0.00032772234408184886
0.00025623603141866624
7.685491436859593e-05
4.253270890330896e-05
