9.712359315017238e-05
0.00031457774457521737
0.00041699412395246327
0.00038202156429179013
0.00017811974976211786
0.00011262267071288079
0.00014481766265816987
0.0001667213364271447
0.0003274531336501241
0.00039276076131500304
0.00021159008610993624
0.00014927444863133132
0.00024167109222617
0.000623075058683753
0.0006738435477018356
0.0005622755852527916
0.0005910446052439511
0.00021469818602781743
0.00031562172807753086
0.0001718961721053347
0.00017593552183825523
0.0002339224301977083
0.00030455677188001573
0.0004325405752751976
0.0004112431197427213
0.00035181178827770054
0.0002060061233351007
0.00015172800340224057
0.0004073282179888338
0.0009929428342729807
0.0022424242924898863
0.004200382623821497
0.005101767368614674
0.004669059533625841
0.0036047259345650673
0.002796043176203966
0.0022306409664452076
0.0014068857999518514
0.0002568154304753989
7.296819239854813e-05
0.00037814167444594204
0.00043467743671499193
0.000382495200028643
0.0003411743091419339
0.00013676892558578402
9.758735541254282e-05
0.00026258674915879965
0.0005680397152900696
0.00038669066270813346
0.00025023927446454763
8.7251108197961e-05
0.00011424121476011351
0.00013039573968853801
0.00013825000496581197
0.00014789954002480954
8.921240805648267e-05
7.054540765238926e-05
0.00010071103315567598
0.00016444956418126822
0.00025059308973141015
0.0003805072919931263
0.0002865488058887422
9.205103560816497e-05
3.516091965138912e-05
