9.6126961580012e-05
0.00033432236523367465
0.000413258298067376
0.00038553084596060216
0.00019511490245349705
0.00011371666187187657
0.00013872876297682524
0.000149021580000408
0.00024120819580275565
0.00034110239357687533
0.00020757518359459937
0.0001797149161575362
0.00029433294548653066
0.000544786686077714
0.0006482087192125618
0.0006434538518078625
0.0004763199540320784
0.00032633531372994184
0.0002429314627079293
0.00015286642883438617
0.00018028903286904097
0.00021677769836969674
0.0002734032168518752
0.0004215420922264457
0.0004163508419878781
0.0003764212306123227
0.00023906883143354207
9.899364522425458e-05
0.0002763055090326816
0.0012181773781776428
0.0025839449372142553
0.004161886405199766
0.004667871631681919
0.004176424816250801
0.0032681820448487997
0.002423945814371109
0.0019452546257525682
0.0010402038460597396
0.0002629907103255391
8.931713091442361e-05
0.00030020257690921426
0.0004034132871311158
0.00032703473698347807
0.00023209724167827517
9.481966844759881e-05
0.00010122276580659673
0.0003028155188076198
0.0005238419980742037
0.0004719440476037562
0.0002098060940625146
7.326158083742484e-05
7.567022112198174e-05
0.00011742499191313982
0.00011403945973142982
0.00011100980191258714
8.369768329430372e-05
6.49585053906776e-05
0.00010439438483444974
0.00015769866877235472
0.00022123508097138256
0.0003742818662431091
0.0002594749676063657
8.092031202977523e-05
3.768011447391473e-05
