5.4362732043955475e-05
7.75702137616463e-05
9.02122919796966e-05
0.00012743358092848212
9.680941002443433e-05
5.743337169406004e-05
6.848918565083295e-05
8.668193913763389e-05
0.0001361144968541339
0.00018145522335544229
0.00011797852494055405
9.864955791272223e-05
9.812594362301752e-05
0.00014519169053528458
0.000234206672757864
0.0002122813166351989
0.0001977302017621696
0.0001114866608986631
0.00011368486593710259
0.00010107969865202904
9.64204446063377e-05
7.931359141366556e-05
9.809596667764708e-05
0.00013323021994438022
0.00011562411964405328
7.975444896146655e-05
8.359929779544473e-05
8.105600863927975e-05
0.00011552500654943287
0.00033948375494219363
0.0006419140263460577
0.0010781206656247377
0.001332948449999094
0.0011111671337857842
0.0009092605323530734
0.0008463680278509855
0.0007959817303344607
0.0004305023467168212
0.00010104791726917028
5.518929901882075e-05
9.405388118466362e-05
0.00011112567881355062
8.785461977822706e-05
6.951117393327877e-05
4.5222797780297697e-05
8.704395440872759e-05
0.0001691284851403907
0.00021857948740944266
0.00018670894496608526
8.429402078036219e-05
5.832071474287659e-05
6.893790850881487e-05
7.49474493204616e-05
8.214812987716869e-05
8.090827759588137e-05
5.5618475016672164e-05
4.128070213482715e-05
8.106722816592082e-05
9.746526484377682e-05
0.00010850291437236592
0.00015811288903933018
0.0001246957981493324
7.873713184380904e-05
4.223349969834089e-05
