0.00010005471267504618
0.00040431320667266846
0.00038300384767353535
0.00037627809797413647
0.00023497958318330348
0.0001275616668863222
0.00015107117360457778
0.00017364656378049403
0.00026306547806598246
0.0003533423296175897
0.00021943530009593815
0.00017200557340402156
0.00026661111041903496
0.0004717645060736686
0.0006535944994539022
0.0004825211362913251
0.00046520589967258275
0.0002662989136297256
0.0002804818213917315
0.0001588599698152393
0.0001792417751858011
0.00021792777988594025
0.0002760212810244411
0.0004157822986599058
0.0003948974481318146
0.0003261714009568095
0.00017975541413761675
0.00021050455688964576
0.000569727795664221
0.0012838655384257436
0.002611834555864334
0.004204379860311747
0.0047317082062363625
0.0042722709476947784
0.00344440178014338
0.002442452125251293
0.0019120272481814027
0.0010650980984792113
0.0002378702483838424
8.560514106648043e-05
0.00036068278132006526
0.00038352745468728244
0.0003315995854791254
0.0002457491063978523
8.692806295584887e-05
0.00012140086619183421
0.0003096783475484699
0.0005408222205005586
0.0004424569196999073
0.00021242420189082623
7.70765109336935e-05
7.628359890077263e-05
0.00010919462511083111
0.00012753829651046544
0.00012019268615404144
8.264181815320626e-05
8.041269757086411e-05
5.3693249356001616e-05
0.0001570196618558839
0.00021311297314241529
0.00033012975472956896
0.00019890080147888511
8.138514385791495e-05
3.6309142160462216e-05
