0.00014568537881132215
0.00045653004781343043
0.0008129720226861537
0.0009219110943377018
0.0006467425846494734
0.00047136671491898596
0.00022091614664532244
0.0002394980110693723
0.000500503636430949
0.0005530150374397635
0.00030739401699975133
0.00021540133457165211
0.0003376585664227605
0.0006013374659232795
0.0006728935404680669
0.000590431212913245
0.0009736894280649722
0.0005924215074628592
0.000594567391090095
0.0003550498513504863
0.0001883461809484288
0.00016987651179078966
0.0003616253088694066
0.0005095697124488652
0.0004480371717363596
0.0004821500333491713
0.00022039814211893827
0.00014333669969346374
0.0003679657238535583
0.0008964446606114507
0.002631926443427801
0.005514224525541067
0.007062393706291914
0.006976972799748182
0.0061591495759785175
0.005773856770247221
0.005355964880436659
0.0033301934599876404
0.0010398526210337877
0.00022183434339240193
0.0003055234265048057
0.0005084477015770972
0.0005595228285528719
0.0006532911211252213
0.00036248177639208734
0.00017934651987161487
0.00017663865583017468
0.0007487027905881405
0.0007193009951151907
0.0005184562760405242
0.0003140059707220644
0.0002392559836152941
0.00020240657613612711
0.00025048371753655374
0.0002820054651238024
0.00014527494204230607
7.553558680228889e-05
9.015199611894786e-05
0.0001201702471007593
0.0003225203836336732
0.0005249640671536326
0.00053227978060022
0.0002273846766911447
7.126840500859544e-05
