0.00010128261055797338
0.00041626545134931803
0.00038364712963812053
0.0003662013041321188
0.00023927829170133919
0.00010892542923102155
0.00013849684910383075
0.00017294340068474412
0.00037016026908531785
0.0002802356902975589
0.00018419745902065188
0.00018072286911774427
0.00026685051852837205
0.00048386756679974496
0.0006941225146874785
0.00047554951743222773
0.0005502062849700451
0.00025736918905749917
0.0002544618328101933
0.00015305812121368945
0.00019726919708773494
0.00022591857123188674
0.0003227075794711709
0.0004091126029379666
0.0003891862870659679
0.0003317940572742373
0.00021362102415878326
0.00013169730664230883
0.0005676090368069708
0.0012444743188098073
0.002552333055064082
0.004634168930351734
0.0047295414842665195
0.004289086442440748
0.0034563252702355385
0.0024674360174685717
0.0018300428055226803
0.0010023571085184813
0.00019795738626271486
8.002120011951774e-05
0.0002746133250184357
0.0003231562441214919
0.0003000777796842158
0.00020329827384557575
9.116930596064776e-05
0.00011444785195635632
0.00037524744402617216
0.0005333746667020023
0.0003670278820209205
0.00018328112491872162
6.705297710141167e-05
8.759374759392813e-05
0.00012215251626912504
0.00011587075277930126
7.72410785430111e-05
8.391346636926755e-05
6.811517232563347e-05
9.27850414882414e-05
0.00016404192137997597
0.00016878440510481596
0.00029844706295989454
0.00036303154774941504
8.262088522315025e-05
3.6980189179303125e-05
