9.245048568118364e-05
0.00035160171682946384
0.00042930664494633675
0.000455786706879735
0.0002813584578689188
0.00010094121535075828
0.00012912302918266505
0.00017207172641064972
0.0004247923207003623
0.00036798164364881814
0.00023113697534427047
0.00019688208703882992
0.00028041310724802315
0.0005523567670024931
0.0005844470579177141
0.0004798730951733887
0.000692357134539634
0.00019529440032783896
0.00035402533831074834
0.00017929392924997956
0.0002341169019928202
0.0002478357055224478
0.0003624780219979584
0.0004643906431738287
0.00032174153602682054
0.0002489427861291915
0.00015784826246090233
0.00014266336802393198
0.0003574179718270898
0.0009033766691572964
0.002035941230133176
0.003658547066152096
0.004402713384479284
0.00403722794726491
0.0034476572182029486
0.0024268098641186953
0.002087188884615898
0.0007960324292071164
0.00018386363808531314
9.221000073011965e-05
0.00032140774419531226
0.00038405199302360415
0.0003410822828300297
0.00020058575319126248
8.575641550123692e-05
0.00014399764768313617
0.0002669449895620346
0.0005116137326695025
0.0003968956007156521
0.00022733434161636978
6.998804019531235e-05
8.548618643544614e-05
0.0001222422724822536
0.0001349437516182661
0.00014556570386048406
9.041995508596301e-05
7.192216435214505e-05
0.00010867930541280657
0.00015450459613930434
0.00017467141151428223
0.00032824277877807617
0.00021705352992285043
7.216572703327984e-05
3.579674375941977e-05
