9.78416865109466e-05
0.0004027687245979905
0.00036944402381777763
0.0003631970612332225
0.00022810279915574938
0.00010743138409452513
0.00014450581511482596
0.0001637573295738548
0.00037208269350230694
0.00037908420199528337
0.0002285815280629322
0.0001609600440133363
0.0002730980922933668
0.0005361820803955197
0.0006035355618223548
0.0006469005602411926
0.0004321677843108773
0.0002644119376782328
0.00025583954993635416
0.00015256719780154526
0.0001592414773767814
0.0002095218515023589
0.0002628560469020158
0.00041907362174242735
0.00041196736856363714
0.00038617546670138836
0.00026182373403571546
0.0001632266357773915
0.00046009113430045545
0.0010967766866087914
0.0030322640668600798
0.004325335845351219
0.004736764822155237
0.004237802233546972
0.0034211829770356417
0.0024321593809872866
0.001945224590599537
0.001022326061502099
0.00025676056975498796
7.396473665721714e-05
0.0002810779551509768
0.00040067220106720924
0.0003220248327124864
0.0002733283909037709
0.00010222512355539948
7.390488462988287e-05
0.00032016512705013156
0.0005311416462063789
0.00042314169695600867
0.00018648536934051663
6.664997636107728e-05
0.00010408023081254214
0.0001132360557676293
0.00011844230175483972
0.0001235139206983149
8.216308924602345e-05
6.87584761180915e-05
8.554416126571596e-05
0.0001550506567582488
0.00018645277305040509
0.0003176114696543664
0.0002994494279846549
9.664484969107434e-05
3.7595746107399464e-05
