3.1605140975443646e-05
4.093100505997427e-05
4.556969361146912e-05
5.2690891607198864e-05
5.737353058066219e-05
4.209885446471162e-05
4.4033193262293935e-05
4.3774431105703115e-05
5.687781595042907e-05
6.294631748460233e-05
5.0388844101689756e-05
4.337891732575372e-05
5.278906974126585e-05
6.518759619211778e-05
6.51398950139992e-05
7.546078268205747e-05
7.359071605606005e-05
6.757659139111638e-05
7.350095984293148e-05
6.537739682244137e-05
5.7538094552000985e-05
8.343473018612713e-05
0.00010334172839066014
0.00010755508264992386
7.320662552956492e-05
5.932367275818251e-05
6.170030974317342e-05
6.518451118608937e-05
0.00010734254465205595
8.343566150870174e-05
0.00013514382590074092
0.00020026783749926835
0.00010100022336700931
7.257901597768068e-05
0.00012409736518748105
0.00014936566003598273
0.000137098046252504
9.99660769593902e-05
6.10837378189899e-05
4.344529952504672e-05
6.763281271560118e-05
8.874323248164728e-05
9.668843995314091e-05
8.855094347381964e-05
5.754183803219348e-05
5.537029937840998e-05
5.895448339288123e-05
9.112909901887178e-05
8.728238026378676e-05
6.119781028246507e-05
4.932384399580769e-05
4.803630508831702e-05
4.843369606533088e-05
4.860854460275732e-05
4.959406942361966e-05
4.7734294639667496e-05
4.455518501345068e-05
5.371100996853784e-05
6.006922558299266e-05
8.232297841459513e-05
0.00012179159239167348
0.00011480689863674343
5.263105049380101e-05
3.460364314378239e-05
