9.76114024524577e-05
0.0003833479422610253
0.0004215271328575909
0.00038340777973644435
0.00022350242943502963
0.00011154551611980423
0.00011977378744632006
0.0001521184021839872
0.0002218493027612567
0.0004661543061956763
0.00022181961685419083
0.00016747995687182993
0.00025892286794260144
0.0005098390392959118
0.0005186713533475995
0.00053399772150442
0.0004086742119397968
0.0002614815311972052
0.00024892407236620784
0.00014286907389760017
0.00021015485981479287
0.00023685935593675822
0.00037185827386565506
0.000419193267589435
0.0003810313355643302
0.00031432395917363465
0.00018806981097441167
0.00016304050222970545
0.0004948120913468301
0.0011954873334616423
0.0026750119868665934
0.004354009870439768
0.00460932357236743
0.004183498211205006
0.0032465041149407625
0.002455362817272544
0.0018154674908146262
0.000989074120298028
0.0002399943768978119
6.939170270925388e-05
0.00021667408873327076
0.00036885589361190796
0.0003329759056214243
0.0002503640134818852
9.591178968548775e-05
0.0001244851155206561
0.0005306724342517555
0.0005730341072194278
0.0004019026819150895
0.00012719418737106025
7.224427099572495e-05
9.305433195549995e-05
0.00011044833081541583
0.00014027810539118946
0.00011935957445530221
8.370589057449251e-05
5.962415525573306e-05
0.00010557627683738247
0.00016024195065256208
0.00016989148571155965
0.0002886329893954098
0.00035869303974322975
0.00012777766096405685
3.593416477087885e-05
