9.787160524865612e-05
0.0002605303598102182
0.0003669802099466324
0.0003456801932770759
0.00026477602659724653
8.978926052805036e-05
0.00012694174074567854
0.00016179782687686384
0.000316300371196121
0.0003749089955817908
0.0002248115633847192
0.0001699868298601359
0.0002706055820453912
0.00044366231304593384
0.000531991827301681
0.0005588711355812848
0.0004478726186789572
0.00022377734421752393
0.0002192312094848603
0.0001389428653055802
0.00018335500499233603
0.00022317330876830965
0.00027337498613633215
0.0004025544330943376
0.0003897918504662812
0.0003088296507485211
0.00017632916569709778
0.00015482251183129847
0.0005096108070574701
0.0009763679117895663
0.002247431082651019
0.004407355096191168
0.004724137019366026
0.004335284698754549
0.003263512160629034
0.0025339708663523197
0.0020188919734209776
0.0009688487625680864
0.00020834276801906526
6.297708750935271e-05
0.0003324223798699677
0.00040222809184342623
0.0003484001790639013
0.0002606269554235041
0.00010562115494394675
0.00010526210098760203
0.000307902111671865
0.0005236475262790918
0.0004604094719979912
0.00022862640616949648
8.199852163670585e-05
8.825201075524092e-05
0.00012728397268801928
0.0001010282794595696
0.00013696341193281114
8.11158461146988e-05
6.958509038668126e-05
0.00011312493734294549
0.0001518203062005341
0.00019268465985078365
0.0003219768695998937
0.00020794538431800902
8.035193604882807e-05
3.590801134123467e-05
