0.00010082607332151383
0.00026711978716775775
0.0003859061689581722
0.00035880322684533894
0.0002524851879570633
0.00010994941112585366
0.00014412480231840163
0.00016927154501900077
0.00032746390206739306
0.0003724800772033632
0.00019697746029123664
0.00016806348867248744
0.0002765822864603251
0.0005541342543438077
0.0005678680026903749
0.0006023136083967984
0.0003974678402300924
0.00027691610739566386
0.00022759227431379259
0.00016113303718157113
0.00020804075757041574
0.0002209479280281812
0.00032409405685029924
0.0003973406564909965
0.0003826080646831542
0.0003303681733086705
0.00015497584536205977
0.00013091936125420034
0.0003870086220558733
0.0010693768272176385
0.0023530954495072365
0.004206160549074411
0.004809320904314518
0.00442886259406805
0.003460648935288191
0.0025436149444431067
0.0019944298546761274
0.0011119093978777528
0.00027448037872090936
6.678368663415313e-05
0.00018301182717550546
0.00043267273576930165
0.0003222791710868478
0.00024853809736669064
0.00011381950753275305
6.112861592555419e-05
0.00037041728501208127
0.0005510033806785941
0.0004668749461416155
0.00021392824419308454
7.822910265531391e-05
0.00010928179108304903
0.00010877313616219908
0.00011826278205262497
0.0001089956786017865
8.260909817181528e-05
6.693610339425504e-05
0.00010629344615153968
0.00015882818843238056
0.00022291897039394826
0.00034107049577869475
0.0002454588538967073
8.548618643544614e-05
3.944143827538937e-05
