9.257559577235952e-05
0.0002817816857714206
0.0003608286497183144
0.0003548836975824088
0.00020009299623779953
0.00010635702346917242
0.00013738228881265968
0.00016107974806800485
0.0002782204537652433
0.00038310859235934913
0.00024180659966077656
0.0001672883372521028
0.00022644217824563384
0.00043020423618145287
0.0006345348083414137
0.0004978556535206735
0.0005327584804035723
0.00021935091353952885
0.00025277267559431493
0.00015039794379845262
0.00017499300884082913
0.00021963527251500636
0.0003041943709831685
0.00039382983231917024
0.0003673252649605274
0.00031285404111258686
0.00018230975547339767
0.00015391234774142504
0.00043959359754808247
0.0010087640257552266
0.0025185837876051664
0.0036589396186172962
0.004354568663984537
0.003950395621359348
0.0032173311337828636
0.0023055782075971365
0.0019562954548746347
0.0012183984508737922
0.00034726320882327855
5.325939127942547e-05
0.0002700369223020971
0.00037215548218227923
0.0003041451855096966
0.00019479978072922677
7.556737546110526e-05
0.0001318534486927092
0.0003435819817241281
0.0004980706726200879
0.0003953696577809751
0.0001880282798083499
6.90427259542048e-05
9.112909901887178e-05
0.0001089423822122626
0.00010672823555069044
0.00011072267807321623
7.975444896146655e-05
7.026948151178658e-05
8.101113053271547e-05
0.00014803418889641762
0.0001697867555776611
0.0002895306097343564
0.00033694045851007104
0.00011197935964446515
3.964533607359044e-05
