9.775193029781803e-05
0.00040667137363925576
0.0003924888151232153
0.000367402215488255
0.00011431319580879062
0.00011165587056893855
0.00015359949611593038
0.00015735457418486476
0.0003072248073294759
0.0003052419633604586
0.0002238540182588622
0.00017396381008438766
0.00031200129888020456
0.0005433732876554132
0.0005616404814645648
0.0006818549009039998
0.0003915388078894466
0.00027896661777049303
0.0002464920689817518
0.00016661699919495732
0.00018706613627728075
0.00022181936947163194
0.00029943446861580014
0.00042650901013985276
0.00040831699152477086
0.00035386078525334597
0.00024222550564445555
0.00010967545676976442
0.0003155618906021118
0.0008873823098838329
0.0027282044757157564
0.004284633789211512
0.004731495399028063
0.004139915108680725
0.0035185907036066055
0.002383515005931258
0.0018766372231766582
0.0006276511121541262
0.0001752800599206239
8.104104927042499e-05
0.0002568568743299693
0.0003946879878640175
0.000321366562275216
0.00028405507327988744
0.00010731169459177181
7.84678413765505e-05
0.000215191874303855
0.00048373296158388257
0.00044694426469504833
0.00018429334159009159
6.437691627070308e-05
8.064419671427459e-05
0.00011120516137452796
0.00011446281860116869
0.00013687365571968257
8.110088674584404e-05
8.190875087166205e-05
9.697301720734686e-05
0.00015175876615103334
0.00022396809072233737
0.0003306271100882441
0.00030835095094516873
0.00010989985457854345
4.20689357270021e-05
