0.00010294322419213131
0.00024434769875369966
0.0003847093612421304
0.00037637632340192795
0.00025645297137089074
0.00011400958464946598
0.0001592545595485717
0.00016679466352798045
0.0002681221521925181
0.0004412600537762046
0.00026578831602819264
0.00016134903125930578
0.00028031261172145605
0.0005290136905387044
0.0004890896962024271
0.0006317680235952139
0.0005430735182017088
0.0002922076091635972
0.0002124596940120682
0.00015280376828741282
0.00020544978906400502
0.0002267656964249909
0.0003665669646579772
0.00044051295844838023
0.00043111867853440344
0.0003655813925433904
0.0002503315918147564
0.0001682224392425269
0.0004576801147777587
0.0009457331034354866
0.0028515637386590242
0.004564959090203047
0.005149835254997015
0.004690506961196661
0.0038398229517042637
0.0027975994162261486
0.00210031820461154
0.0011201660381630063
0.00011502009147079661
7.642572745680809e-05
0.000298200233373791
0.00038576871156692505
0.00035749058588407934
0.0002507997560314834
9.825029701460153e-05
0.00012915123079437762
0.0003682200622279197
0.0005664055934175849
0.00044971646275371313
0.00019297176913823932
8.311774581670761e-05
0.00011680039460770786
0.0001234241499332711
0.0001311886589974165
0.00012785245780833066
8.840161171974614e-05
7.263324368977919e-05
9.959207091014832e-05
0.00016559779760427773
0.00017886777641251683
0.000356472737621516
0.0002835584164131433
6.148393003968522e-05
3.435025064391084e-05
