9.826057794271037e-05
0.00029156514210626483
0.0003728138981387019
0.00036612836993299425
0.00029493134934455156
9.14385964279063e-05
0.00014672090765088797
0.00017406379629392177
0.00035972532350569963
0.00037872514803893864
0.0002361216174904257
0.00016241121920756996
0.0002679602475836873
0.0005005862913094461
0.0005021492834202945
0.0004948934656567872
0.0006306301220320165
0.00017874808690976351
0.0002479857357684523
0.0001516246993560344
0.00015944904589559883
0.00023311827681027353
0.0003279915254097432
0.0004319134750403464
0.0004135700291953981
0.0003333947970531881
0.00018253311282023787
0.00011483682465041056
0.00026707490906119347
0.001210662885569036
0.0026186867617070675
0.004549010656774044
0.00461736461147666
0.00425566453486681
0.0034867548383772373
0.0024040723219513893
0.0018058533314615488
0.0009443179005756974
0.00010626165749272332
8.426223212154582e-05
0.0002940991835203022
0.0003502852050587535
0.0003061218303628266
0.00022065246594138443
8.603784954175353e-05
0.00010062434012070298
0.00029324082424864173
0.0004898367915302515
0.00046254880726337433
0.0002467735030222684
6.986856897128746e-05
9.051225060829893e-05
9.794827928999439e-05
0.00011268250818829983
0.00010523217497393489
7.917098992038518e-05
6.567676609847695e-05
0.00010094946628669277
0.0001546467246953398
0.00017370640125591308
0.0003141688066534698
0.00024919325369410217
8.603585592936724e-05
3.271861714893021e-05
