0.00011144820746267214
0.0005020783864893019
0.0004980052472092211
0.0004796187859028578
0.0003178209299221635
0.00012138953752582893
0.00016137893544510007
0.00020941712136846036
0.00042046495946124196
0.0004667260800488293
0.0002676756994333118
0.0002019667881540954
0.000316728837788105
0.0006778651149943471
0.0006247739656828344
0.0007485338137485087
0.0005991232465021312
0.00034753535874187946
0.00021177620510570705
0.00018808343156706542
0.00023281534959096462
0.00027377723017707467
0.0003449144132900983
0.0005318309413269162
0.000517543638125062
0.0004513284657150507
0.00032627361360937357
0.00013557207421399653
0.0006259175133891404
0.0014772540889680386
0.002914643846452236
0.005439758766442537
0.005842690356075764
0.005262117832899094
0.004188581835478544
0.0030021395068615675
0.0024478526320308447
0.0013608523877337575
0.0003440915606915951
8.391346636926755e-05
0.0002550317149143666
0.0004757277201861143
0.0004029364208690822
0.00021492350788321346
9.78865718934685e-05
0.00013534766912925988
0.0003982037305831909
0.0006530858809128404
0.0006045390036888421
0.0002148896746803075
8.139026613207534e-05
0.0001240824203705415
0.00013018630852457136
0.00012305013660807163
0.00015095148410182446
9.244095417670906e-05
7.166834984673187e-05
0.00018093887774739414
0.0001774914126144722
0.00020168254559393972
0.00038937170756980777
0.00035006701364181936
9.696532652014866e-05
3.821850259555504e-05
