9.5313363999594e-05
0.00020327568927314132
0.00033329008147120476
0.0003537411103025079
0.00023221691662911326
0.00011898990487679839
0.00015098963922355324
0.0002110901550622657
0.0003433666133787483
0.0004071501025464386
0.00032833818113431334
0.00017815560568124056
0.00024209411640185863
0.00046601350186392665
0.0004403381026349962
0.0005653724074363708
0.00039524250314570963
0.0002672675473149866
0.00026085134595632553
0.00020053058688063174
0.00016284508456010371
0.000230718549573794
0.00030625570798292756
0.00046789791667833924
0.00040355586679652333
0.0004341388412285596
0.00022493769938591868
0.000370556692359969
0.0005619763978756964
0.0011871160240843892
0.0021399057004600763
0.0039048409089446068
0.004802485927939415
0.004377234261482954
0.0035401638597249985
0.002727060578763485
0.0019286483293399215
0.0010157169308513403
0.00016848753148224205
9.894201502902433e-05
0.00019526126561686397
0.00042746271356008947
0.0002978346310555935
0.0002482882409822196
0.00011085544974775985
0.00011769054253818467
0.0003613260923884809
0.00048696438898332417
0.000416919298004359
0.00023459566000383347
6.58561330055818e-05
0.00013995249173603952
8.0606245319359e-05
0.0001539323420729488
0.00010494232265045866
8.353944576811045e-05
6.907264469191432e-05
8.994255040306598e-05
0.00015328532026614994
0.0001765937777236104
0.0003330273611936718
0.0002730890118982643
0.0001021353600663133
3.9555568946525455e-05
