9.977159061236307e-05
0.00037863163743168116
0.0003855920222122222
0.00036427180748432875
0.000240532768657431
0.00011042628466384485
0.00012986651563551277
0.0001714623358566314
0.00032827831455506384
0.0003868614148814231
0.00021541269961744547
0.0001706026669126004
0.00030978713766671717
0.000457432382972911
0.0006566913216374815
0.0005146563053131104
0.0006011280347593129
0.00019242199778091162
0.00024672524887137115
0.00014915139763616025
0.00017666348139755428
0.00021542806643992662
0.0003692532773129642
0.0004131193272769451
0.0003937454894185066
0.0003719629894476384
0.00021414464572444558
0.00013211621262598783
0.0003979643224738538
0.001006841892376542
0.002304680412635207
0.004058216232806444
0.004988714121282101
0.004554471001029015
0.0034768998157233
0.0023991980124264956
0.0021637638565152884
0.0015345242572948337
0.0003317834052722901
0.00011734083818737417
0.0002820504014380276
0.0003043359029106796
0.0004610677424352616
0.0002151435037376359
0.00011090980842709541
0.0001798261801013723
0.00046356150414794683
0.00051809725118801
0.0003501206520013511
0.00020551243505906314
8.698036981513724e-05
0.00010975025361403823
0.0001201627601403743
0.0001438212493667379
0.00016213445633184165
8.454373892163858e-05
7.582939724670723e-05
0.00011408879800001159
0.00018358032684773207
0.00018946194904856384
0.0003882998717017472
0.0003616103495005518
9.221205255016685e-05
3.720324093592353e-05
