9.935270645655692e-05
0.00032310784445144236
0.00042620699969120324
0.0004009414988104254
0.00026418754714541137
0.00011009247100446373
0.00013002174091525376
0.00016451877309009433
0.00043846244807355106
0.00039139576256275177
0.00024048353952821344
0.00018561215256340802
0.00024484764435328543
0.0006053972756490111
0.0006218174239620566
0.0005787404952570796
0.00048662591143511236
0.0002475215296726674
0.00027825040160678327
0.000177162277395837
0.00019836130377370864
0.00023266574135050178
0.00028821409796364605
0.00042813969776034355
0.00043784905574284494
0.00040875087142921984
0.0002744803496170789
0.00011960921983700246
0.000271922122919932
0.0010423215571790934
0.0028358083218336105
0.004292003810405731
0.005230670794844627
0.004788348451256752
0.004017987288534641
0.0028160454239696264
0.0023320582695305347
0.0013515469618141651
0.0003497765865176916
5.5787721066735685e-05
0.000170400133356452
0.00046000556903891265
0.0003388553741388023
0.00032395473681390285
0.00011660215386655182
7.492220174754038e-05
0.00021733122412115335
0.0005513394717127085
0.0005783282103948295
0.0003075580461882055
9.191733261104673e-05
8.549928315915167e-05
0.00014788456610403955
0.00011022898979717866
0.00014840818766970187
8.537959365639836e-05
8.219300798373297e-05
6.292387843132019e-05
0.000173167820321396
0.000209840975003317
0.0003669791913125664
0.0002848197764251381
9.382723510498181e-05
3.306271173642017e-05
