9.544292697682977e-05
0.00046257878420874476
0.0003957352600991726
0.00036994036054238677
0.00024350931926164776
0.00010532586020417511
0.00015966552018653601
0.0001810783433029428
0.00038445505197159946
0.00038035583565942943
0.0002440506941638887
0.00017840942018665373
0.0003190710849594325
0.0005958469700999558
0.0006487473146989942
0.0005946051678620279
0.0006629298441112041
0.0003841258876491338
0.0008072089403867722
0.000688031839672476
0.0005915600340813398
0.0004513614112511277
0.0005264919018372893
0.00046713798656128347
0.00046829014900140464
0.0003135235165245831
0.0001826555817387998
0.00013750662037637085
0.0005756727186962962
0.0012040074216201901
0.0028041312471032143
0.004282050300389528
0.004478869028389454
0.004098965786397457
0.0032433089800179005
0.0023017015773802996
0.0017107570311054587
0.0007742556626908481
0.0001310745719820261
8.89514121809043e-05
0.0003356987435836345
0.0004732007218990475
0.000499007583130151
0.00030921868165023625
0.00013075479364488274
0.0001380704779876396
0.0003533521085046232
0.0005524032167159021
0.00046567508252337575
0.0001666328898863867
0.00011827774869743735
0.00014148147602099925
0.00013084456440992653
0.00011726042430382222
0.00012861544382758439
9.42212573136203e-05
7.160096720326692e-05
0.00012075479025952518
0.00016359683650080115
0.00021035963436588645
0.00030396750662475824
0.00030365335987880826
0.00010339204163756222
4.2128773202421144e-05
