9.93227877188474e-05
0.0003112204431090504
0.0004240133857820183
0.0004019980551674962
0.000244499504333362
0.00011732026177924126
0.00013964134268462658
0.0001572734909132123
0.00031663908157497644
0.00040025985799729824
0.00018833029025699943
0.00017988977197092026
0.0002516160602681339
0.0006670720176771283
0.0005531646311283112
0.0005449502496048808
0.0003342512936796993
0.0002960066485684365
0.00023910062736831605
0.0001676501997280866
0.00019705692830029875
0.00020026783749926835
0.0003275003982707858
0.00039377540815621614
0.00040113599970936775
0.00036874646320939064
0.00021695721079595387
0.00012894456449430436
0.00033415784128010273
0.0009537471341900527
0.002097268123179674
0.00403208052739501
0.005157977808266878
0.004815815947949886
0.0041844225488603115
0.0028721624985337257
0.002451428212225437
0.001132206991314888
0.0004005824448540807
4.6467321226373315e-05
0.00011352029832778499
0.00048059120308607817
0.00035209543420933187
0.0003575560112949461
0.00010902925714617595
0.00012313142360653728
0.00036311810254119337
0.0005681089824065566
0.0004354422853793949
0.00019630984752438962
8.737775351619348e-05
0.00011972516222158447
0.00012349241296760738
0.00013625652354676276
0.00012071069068042561
8.880835230229422e-05
6.871639197925106e-05
0.00011470217577880248
0.00015657101175747812
0.00022678161622025073
0.00036907842149958014
0.0002691590925678611
8.491394692100585e-05
3.737040242413059e-05
