9.935734851751477e-05
0.00034277501981705427
0.00038336185389198363
0.00035857147304341197
0.00021788010781165212
0.00010609989112708718
0.00013492879224941134
0.00016614935884717852
0.00043826791807077825
0.000358678080374375
0.0002499600814189762
0.0001656875538174063
0.0003008717321790755
0.000533913029357791
0.0005307678366079926
0.0006142352940514684
0.0004384465573821217
0.0002499096153769642
0.0002483677235431969
0.00015801750123500824
0.00019017417798750103
0.0002121894940501079
0.0003078965237364173
0.0003679685469251126
0.0003506742068566382
0.0002964274026453495
0.00018509133951738477
0.0001409933902323246
0.00042266413220204413
0.0010228937026113272
0.0022642873227596283
0.003860258962959051
0.004656441975384951
0.004226611461490393
0.003662465838715434
0.0024662092328071594
0.002088516019284725
0.0011905269930139184
0.0002992698864545673
5.5578271712874994e-05
0.000151385334902443
0.00041364296339452267
0.000321366562275216
0.00029597862157970667
0.00011913049092981964
0.00011153935338370502
0.0003421590954530984
0.0005277137970551848
0.00045808369759470224
0.00015278787759598345
7.152990292524919e-05
0.00010680210107238963
0.00011333516158629209
0.0001258767442777753
0.00011352590809110552
8.216402056859806e-05
6.097527148085646e-05
0.00011068060848629102
0.00013945152750238776
0.0002209638332715258
0.000344265514286235
0.0002922342682722956
6.65069164824672e-05
3.498607111396268e-05
