3.080554597545415e-05
3.674299659905955e-05
4.260751302354038e-05
3.807448229053989e-05
3.82646539947018e-05
3.716478749993257e-05
3.708708754857071e-05
3.605481470003724e-05
3.7012287066318095e-05
3.7864701880607754e-05
3.913378532161005e-05
3.6780220398213714e-05
3.7003268516855314e-05
3.718785956152715e-05
3.829234265140258e-05
4.0548995457356796e-05
4.468235056265257e-05
4.5958666305523366e-05
4.895076563116163e-05
4.3235857447143644e-05
5.098539622849785e-05
5.1269642426632345e-05
5.892942499485798e-05
6.702305836370215e-05
7.273797382367775e-05
7.969460421008989e-05
5.602864985121414e-05
5.7070094044320285e-05
8.798947965260595e-05
0.00016848753148224205
0.0003824465675279498
0.0007320847944356501
0.00084444519598037
0.0007525582332164049
0.0006621602806262672
0.00045598120777867734
0.0005171546945348382
0.00027913309168070555
0.00011571949289646
5.046177830081433e-05
7.894657028373331e-05
0.00014694205310661346
0.00011901080142706633
0.0001360358583042398
8.324023656314239e-05
4.941477527609095e-05
9.718068758957088e-05
0.00014490574540104717
0.00013067667896393687
6.259474321268499e-05
4.924998211208731e-05
4.564449409372173e-05
4.8726360546424985e-05
4.3328822357580066e-05
4.380245809443295e-05
3.937221845262684e-05
3.8595389924012125e-05
3.760319305001758e-05
3.934144842787646e-05
4.210727274767123e-05
5.207377398619428e-05
4.301144872442819e-05
3.768551323446445e-05
3.3720978535711765e-05
