0.00013332800881471485
0.0004984788247384131
0.0005860048113390803
0.0005397600471042097
0.0003888234787154943
9.778184175956994e-05
0.0001860700431279838
0.00022335998073685914
0.0005540921119973063
0.0004463616060093045
0.0002337728365091607
0.00015596323646605015
0.00020753209537360817
0.0005838234210386872
0.0006565829971805215
0.0008453086484223604
0.0004639588878490031
0.00026885245461016893
0.00035167657188139856
0.0003766818263102323
0.0003818004915956408
0.00022422241454478353
0.0002583501336630434
0.00047449761768803
0.0005392065504565835
0.00049829320050776
0.00027014181250706315
0.0001546467246953398
0.0004448655527085066
0.0008836121996864676
0.0028739410918205976
0.004949607886373997
0.005233887117356062
0.00483960285782814
0.003663008101284504
0.0029825589153915644
0.0021739108487963676
0.0011828672140836716
0.000346021493896842
9.31580871110782e-05
0.00028641961398534477
0.0003928899532184005
0.0003666407719720155
0.00023802161740604788
0.00010976521298289299
0.00011443289986345917
0.00029946438735350966
0.0005976870888844132
0.000582591921556741
0.0002870621101465076
8.687563968123868e-05
9.097481961362064e-05
0.00014151139475870878
9.92779023363255e-05
0.00015020344289951026
9.605004743207246e-05
7.326816557906568e-05
0.00010552584717515856
0.00016200728714466095
0.00023154371592681855
0.0003698834916576743
0.000328143680235371
0.00011060301039833575
4.292168523534201e-05
