0.00010370621021138504
0.00031141037470661104
0.0004175775684416294
0.00041862615034915507
0.0002597997081466019
0.00012906425399705768
0.0001461641222704202
0.0001758158323355019
0.00021834851941093802
0.0004284487513359636
0.0002701522898860276
0.0002110286004608497
0.0003516728465911001
0.0006032374803908169
0.0006357316160574555
0.0006013973033986986
0.0005643999902531505
0.0002733134606387466
0.0003162650391459465
0.00019249679462518543
0.0002081305137835443
0.0002776220499072224
0.0002584277535788715
0.0004394397547002882
0.000395498878788203
0.0003299220697954297
0.0001305500336457044
0.00013236211088951677
0.00043614357127808034
0.0011124780867248774
0.0027808675076812506
0.0042683896608650684
0.0046540540643036366
0.004234586376696825
0.0033396631479263306
0.0025310928467661142
0.002076727570965886
0.0012263873359188437
0.0003527387452777475
7.194506179075688e-05
0.0001936637272592634
0.0004039285995531827
0.0003511041577439755
0.00019458442693576217
6.989547546254471e-05
0.0001254288654308766
0.0002614198310766369
0.0005205806810408831
0.0005499031976796687
0.00020643442985601723
7.736767292954028e-05
0.0001149247182183899
0.00011688641097862273
0.000125683203805238
0.00011922420526389033
7.682312570977956e-05
5.8301080571254715e-05
9.256062912754714e-05
0.00016296477406285703
0.00020665989723056555
0.00038901143125258386
0.00026135999360121787
0.00013343272439669818
3.600338823162019e-05
