0.0001100419758586213
0.0003641835355665535
0.00042255097650922835
0.0004342727770563215
0.00013014143041800708
0.00013749893696513027
0.00016505923122167587
0.00018428347539156675
0.00024889790802262723
0.0004960603546351194
0.00029210385400801897
0.00018758524674922228
0.0002988027117680758
0.0006687410641461611
0.0006699762307107449
0.0006016665720380843
0.0006971445400267839
0.0002731638087425381
0.0003832880756817758
0.00019285584858153015
0.0001825779618229717
0.0002768889826256782
0.0003293488116469234
0.000464944401755929
0.00042759330244734883
0.00033027739846147597
0.0001917487825267017
0.0001577472867211327
0.00048249121755361557
0.0010785475606098771
0.0022571959998458624
0.00483452994376421
0.005359228700399399
0.004798972513526678
0.0032894695177674294
0.0027822593692690134
0.0021579302847385406
0.001051992760039866
0.0002546277828514576
8.077175880316645e-05
0.00023508933372795582
0.00045794525067321956
0.0004085152468178421
0.0002913408388849348
0.00012349894677754492
9.808105824049562e-05
0.00027899842825718224
0.0006243484676815569
0.0004920334322378039
0.00011966158490395173
9.277007484342903e-05
0.00012140448234276846
0.00014825150719843805
0.0001734407851472497
0.00019057156168855727
0.00014888693112879992
7.128679862944409e-05
0.00010354163532610983
0.00016706393216736615
0.00024016096722334623
0.0003786054439842701
0.00034032153780572116
0.00011901080142706633
4.1829567635431886e-05
