9.971175313694403e-05
0.0003093630075454712
0.00044241631985642016
0.00041577950469218194
0.0002235697756987065
0.00010695264063542709
0.00014543105498887599
0.00017101351113524288
0.0002577844134066254
0.000551309552974999
0.0002621529274620116
0.0002060061233351007
0.00025328132323920727
0.00043382469448260963
0.0007585723651573062
0.00046711182221770287
0.0004621908883564174
0.0002536388929001987
0.00021894510427955538
0.00016902592324186116
0.00022064590302761644
0.0002552664082031697
0.00035601228591986
0.0004618765669874847
0.00045462819980457425
0.00039030457264743745
0.0002422404650133103
0.0001233044604305178
0.0003054635599255562
0.0012373827630653977
0.0027748604770749807
0.005219362676143646
0.005186490248888731
0.004755779169499874
0.0039014751091599464
0.002937435172498226
0.002191568724811077
0.0013160348171368241
0.0002111226349370554
7.758516585454345e-05
0.00023309960670303553
0.00039304528036154807
0.00034955047885887325
0.0001775372220436111
8.084655564744025e-05
0.00010219520481768996
0.00028224484412930906
0.000572643184568733
0.0005847911234013736
0.0003123902715742588
8.40437933220528e-05
0.00010952536104014143
0.00013186116120778024
0.0001481622748542577
0.00012565420183818787
9.320423851022497e-05
5.8384302974445745e-05
0.00011037859076168388
0.00015622131468262523
0.0002293566649314016
0.00032600719714537263
0.0002638583828229457
9.731807222124189e-05
3.822896906058304e-05
