3.900203591911122e-05
5.7808476412901655e-05
7.258836558321491e-05
7.701666618231684e-05
7.704659219598398e-05
4.973251270712353e-05
5.816643897560425e-05
4.914525197818875e-05
5.637117646983825e-05
6.029082942404784e-05
5.242289262241684e-05
6.066966670914553e-05
7.264516170835122e-05
9.591160778654739e-05
0.00010122276580659673
9.945733472704887e-05
8.794999303063378e-05
6.664904503850266e-05
6.008138370816596e-05
5.114996019983664e-05
6.093412957852706e-05
6.65144034428522e-05
6.533251143991947e-05
8.925436122808605e-05
9.10795497475192e-05
6.370182381942868e-05
5.52940255147405e-05
4.328897557570599e-05
6.156247400213033e-05
0.0001589809835422784
0.00018904662283603102
0.00026054575573652983
0.0003775507502723485
0.0004053838492836803
0.0003275223425589502
0.00022163143148645759
0.00020533849601633847
0.00011257217556703836
5.383817551773973e-05
5.486016743816435e-05
5.2915300329914317e-05
5.8716053899843246e-05
5.280137702357024e-05
5.144769238540903e-05
4.0263392293127254e-05
5.026168582844548e-05
4.811578764929436e-05
7.261079736053944e-05
6.938401202205569e-05
4.635138247977011e-05
3.9961374568520114e-05
4.3267642467981204e-05
4.959406942361966e-05
5.288444663165137e-05
5.539593621506356e-05
4.54484143119771e-05
3.90712266380433e-05
4.7978333896026015e-05
5.286855230224319e-05
5.375308683142066e-05
6.575141742359847e-05
6.099397432990372e-05
4.298152634873986e-05
3.4124906960641965e-05
