9.802273416426033e-05
0.0003184635716024786
0.00040428704232908785
0.0003793385112658143
0.00023437125491909683
9.62558769970201e-05
0.00014212148380465806
0.000169248174643144
0.0002781307266559452
0.00046030478551983833
0.00022603076649829745
0.00018162048945669085
0.00024562154430896044
0.00047550463932566345
0.0007299379212781787
0.0005440237582661211
0.0006547165103256702
0.0002281327178934589
0.0002444938290864229
0.00016465723456349224
0.0001898388291010633
0.00021901224681641906
0.0002926188462879509
0.00041996000800281763
0.00040853116661310196
0.0003454417746979743
0.00018642283976078033
0.00015018101839814335
0.0004683236184064299
0.0011491462355479598
0.0030238002073019743
0.004548133350908756
0.00509851286187768
0.004661142826080322
0.0037643497344106436
0.002794058294966817
0.0021711711306124926
0.0009094630950130522
0.00031125510577112436
8.198356226785108e-05
0.00031919730827212334
0.0004101122613064945
0.00035116789513267577
0.0002739567426033318
0.00010521721560508013
9.209685231326148e-05
0.00026990246260538697
0.0005547355394810438
0.0004663442086894065
0.00020239119476173073
8.539747796021402e-05
0.00013964228855911642
0.00013991403102409095
0.00015198375331237912
0.00014191532682161778
9.073544788407162e-05
7.661274139536545e-05
6.449472857639194e-05
0.00016084228991530836
0.00022718822583556175
0.00041161489207297564
0.00024814519565552473
8.069695468293503e-05
3.7580783100565895e-05
