0.00010206055594608188
0.0004411172994878143
0.0004297716950532049
0.00044544896809384227
0.00031426033820025623
0.0001779863960109651
0.00019481567142065614
0.00017527726595290005
0.0003539961180649698
0.00040362097206525505
0.00021990443929098547
0.0001780299935489893
0.0002627021458465606
0.0006197807379066944
0.000558086670935154
0.0005673920386470854
0.0005187105853110552
0.00024001137353479862
0.00024482456501573324
0.00015056251140777022
0.00019996584160253406
0.00022135561448521912
0.0002886329893954098
0.0004090650472790003
0.00039603724144399166
0.00030225361115299165
0.00017846384434960783
0.00015858132974244654
0.00044126008288003504
0.0009625887614674866
0.0019642242696136236
0.004363770596683025
0.004739933647215366
0.004060056060552597
0.0033195565920323133
0.0024933326058089733
0.0018716915510594845
0.001003818353638053
0.00016882928321138024
8.34048114484176e-05
0.00029608028125949204
0.00042470303014852107
0.0003557579475454986
0.00023078726371750236
9.858410339802504e-05
0.00010654870857251808
0.0002624221961013973
0.0005293828435242176
0.00030540963052771986
0.00012251155567355454
7.206474401755258e-05
8.864099072525278e-05
0.0001225714077008888
0.00011235337296966463
0.000123633595649153
8.217804861487821e-05
7.564030238427222e-05
7.225922308862209e-05
0.0001614687207620591
0.00019750968203879893
0.000336436671204865
0.00017289574316237122
8.0053650890477e-05
3.644378375611268e-05
