9.637462790124118e-05
0.00028218500665389
0.00039892151835374534
0.00037088640965521336
0.00015265698311850429
0.00010927152470685542
0.00014252911205403507
0.00017420008953195065
0.00028778021805919707
0.0004247286997269839
0.00021550498786382377
0.0001784339256118983
0.0002758716873358935
0.0004804266500286758
0.000574585166759789
0.0006510334787890315
0.0004445214581210166
0.0002243776252726093
0.00027742754900828004
0.0001552429748699069
0.0002167776838177815
0.0002260980982100591
0.00028924638172611594
0.00042632946860976517
0.00041147370939143
0.00036686143721453846
0.00019294772937428206
0.0001595270587131381
0.000464013748569414
0.001377968117594719
0.002693991409614682
0.004138344433158636
0.004717151168733835
0.004291360732167959
0.003517498727887869
0.0024487802293151617
0.002145171631127596
0.0012992748524993658
0.0003685669507831335
8.147486369125545e-05
0.00041679682908579707
0.00037713933852501214
0.00032395473681390285
0.0002646213979460299
8.045190770644695e-05
0.0001691443903837353
0.0003631961590144783
0.0005206554778851569
0.0003839540877379477
8.772839646553621e-05
7.017276948317885e-05
0.0001281516597373411
0.00011663208715617657
0.00012422360305208713
0.00011533236101968214
8.333000005222857e-05
6.554197170771658e-05
9.175276500172913e-05
0.00015237272600643337
0.00016589702863711864
0.000296457321383059
0.0002880320535041392
8.354385499842465e-05
3.779548205784522e-05
