3.855766772176139e-05
5.918322131037712e-05
6.543724157381803e-05
6.373174983309582e-05
5.716416490031406e-05
4.857880776398815e-05
5.7796165492618456e-05
6.542602204717696e-05
6.876408588141203e-05
7.104743417585269e-05
6.85574414092116e-05
6.631243013544008e-05
7.259901030920446e-05
7.809382805135101e-05
7.513164746342227e-05
6.744195707142353e-05
7.487731636501849e-05
4.990824163542129e-05
5.85105262871366e-05
4.899565101368353e-05
4.804041236639023e-05
4.803271804121323e-05
5.2870596846332774e-05
6.168492836877704e-05
6.290017336141318e-05
5.9179077652515844e-05
5.397046697908081e-05
4.6144738007569686e-05
5.804675311082974e-05
0.00010973530152114108
0.00016833558038342744
0.00022012882982380688
0.00022630752937402576
0.0002626017085276544
0.0002740016207098961
0.00028767550247721374
0.0002700819750316441
0.00015044563042465597
7.370656385319307e-05
4.4225482270121574e-05
5.2078386943321675e-05
6.313706398941576e-05
6.277427019085735e-05
5.587748091784306e-05
4.066264955326915e-05
4.743975659948774e-05
5.6894794397521764e-05
5.6326294725295156e-05
6.355221557896584e-05
5.523417712538503e-05
4.5958666305523366e-05
3.855321847368032e-05
4.0587849071016535e-05
4.1216189856640995e-05
4.1495040932204574e-05
4.072590309078805e-05
3.799546175287105e-05
3.908763392246328e-05
4.623293352779001e-05
5.3997133363736793e-05
6.003743692417629e-05
6.820774433435872e-05
5.030936881667003e-05
3.476821075309999e-05
