0.00010190319881075993
0.0003119264729321003
0.0004108603170607239
0.00038455973844975233
0.0002333797892788425
0.00011978875409113243
0.0001413589925505221
0.00016518638585694134
0.000324427877785638
0.0003566163359209895
0.00021540038869716227
0.00017014580953400582
0.0003000282449647784
0.0006019059219397604
0.0006075610290281475
0.000528674281667918
0.0005659110611304641
0.00022802798775956035
0.0002809376746881753
0.00015809698379598558
0.00018349055608268827
0.00021825877774972469
0.00027419612160883844
0.000399969081627205
0.00037215749034658074
0.00032048390130512416
0.00019952822185587138
0.00015959865413606167
0.0004653015930671245
0.0011381502263247967
0.002542911795899272
0.004268186632543802
0.00472681550309062
0.004294995684176683
0.0034205697011202574
0.002504029544070363
0.0019899264443665743
0.0008251500548794866
4.1439663618803024e-05
7.890543929534033e-05
0.0002662184415385127
0.0003772169293370098
0.00033544344478286803
0.0002847044088412076
7.359632581938058e-05
0.00012778419477399439
0.0002819586079567671
0.0005548972403630614
0.0004224556323606521
0.00018356162763666362
7.83649884397164e-05
0.00010699284757720307
0.00011567180627025664
0.00012714837794192135
0.00011678449664032087
8.747311949264258e-05
6.636385660385713e-05
0.00011850122245959938
0.00014619123248849064
0.00020959664834663272
0.0003244933031965047
0.0003520505561027676
0.00011654231639113277
3.648025085567497e-05
