8.956852980190888e-05
0.00032321520848199725
0.0004325944173615426
0.0003955285937990993
0.00019786761549767107
0.00011633941903710365
0.00014814638416282833
0.0001900582283269614
0.00033900499693118036
0.0004685480089392513
0.0002642174658831209
0.00019231022452004254
0.0003170544223394245
0.0005928137106820941
0.0006705890991725028
0.0006878952262923121
0.000441484444309026
0.0002980325953103602
0.0002594920224510133
0.00015800161054357886
0.00021681509679183364
0.0002556796825956553
0.0003128839598502964
0.00045138830319046974
0.0004469898995012045
0.00044156203512102365
0.0002536852553021163
8.741422789171338e-05
0.00038292905082926154
0.0010745980544015765
0.002252677921205759
0.004102394450455904
0.0050565158016979694
0.004762900527566671
0.0033800420351326466
0.002523936564102769
0.0020845585968345404
0.0010333918035030365
0.00011610098590608686
8.490523032378405e-05
0.0005547205219045281
0.0004901958163827658
0.0003215461038053036
0.0004082871018908918
0.0005879478412680328
0.00034929782850667834
0.0004315806145314127
0.0007548478315584362
0.0005170459044165909
0.0001545584382256493
0.00011368640116415918
0.00016160988889168948
0.00015825594891794026
0.00023705010244157165
0.00013283897715155035
0.00012997777957934886
0.00011324030492687598
0.00019082588551100343
0.00019009470997843891
0.00021269347053021193
0.0002939439727924764
0.00045255525037646294
9.97267197817564e-05
3.782015119213611e-05
