9.980806498788297e-05
0.00030046675237827003
0.0004290409851819277
0.00039908301550894976
0.0001422893546987325
0.00010769481013994664
0.00014981540152803063
0.0001681859721429646
0.00029967387672513723
0.0004905998357571661
0.00031075955484993756
0.0002019322128035128
0.0003088861412834376
0.000770806334912777
0.0006017862469889224
0.0006304506096057594
0.0006382001447491348
0.00020003688405267894
0.00020638971182052046
0.00015940042794682086
0.00019770866492763162
0.00023808146943338215
0.0003349656763020903
0.00044102067477069795
0.00041172001510858536
0.00032916065538302064
0.00018900816212408245
0.00013834499986842275
0.0005660082097165287
0.0012493516551330686
0.002715256530791521
0.004635855555534363
0.0052879247814416885
0.004836671054363251
0.0038126094732433558
0.002832552883774042
0.002289316151291132
0.0011656626593321562
0.0003070044913329184
5.8959343732567504e-05
0.0003110012912657112
0.0004115277261007577
0.00034841985325329006
0.0001912550796987489
9.278504876419902e-05
0.0001578426599735394
0.00037445523776113987
0.0005943508585914969
0.0005160924629308283
0.0002783251984510571
8.606777555542067e-05
7.505685061914846e-05
0.00014831841690465808
0.00013432239938993007
0.00013295332610141486
8.861105743562803e-05
7.294741226360202e-05
0.00010430462134536356
0.00016866471560206264
0.00020932828192599118
0.00035538675729185343
0.0003135721490252763
9.659997158451006e-05
3.930124148610048e-05
