0.00010334516264265403
0.0003426403854973614
0.00042577984277158976
0.00039918304537422955
0.0002646914217621088
0.00011851709859911352
0.000145101934322156
0.00017797014152165502
0.0002922534476965666
0.00047577390796504915
0.00029195420211181045
0.00019928268739022315
0.00029976412770338356
0.0005931982886977494
0.0005529262125492096
0.0006324992282316089
0.0004014894366264343
0.0002692226553335786
0.0002293884608661756
0.00015746116696391255
0.00020400328503455967
0.0002192789106629789
0.0003035888075828552
0.00039041024865582585
0.00037835113471373916
0.00032630356145091355
0.00018694739264901727
0.00014646146155428141
0.0005121877766214311
0.001274994108825922
0.002691245172172785
0.004447757266461849
0.00508809695020318
0.004655125085264444
0.0036424039863049984
0.0027281674556434155
0.0022667408920824528
0.0011999072739854455
0.00029334553983062506
6.991043483139947e-05
0.00023857515770941973
0.00043048846418969333
0.00035056949127465487
0.00020715215941891074
9.292735194321722e-05
0.00017954099166672677
0.00040133047150447965
0.0005896532675251365
0.000522271147929132
0.00023272557882592082
8.157962292898446e-05
9.581148333381861e-05
0.00010979513172060251
0.00013286422472447157
0.000139461801154539
8.849137520883232e-05
7.03915866324678e-05
0.00011553234071470797
0.0001602346746949479
0.00026758541935123503
0.00038548727752640843
0.0002706355007831007
9.493935795035213e-05
3.9660295442445204e-05
