3.178443148499355e-05
5.233220144873485e-05
5.177175626158714e-05
4.687125692726113e-05
4.145555794821121e-05
3.868786370730959e-05
3.9697697502560914e-05
4.684133818955161e-05
5.0581460527610034e-05
6.0392776504158974e-05
4.534842446446419e-05
5.430888995761052e-05
4.740048461826518e-05
5.028225132264197e-05
4.890588752459735e-05
5.355860048439354e-05
5.7942033890867606e-05
4.4746870116796345e-05
4.8986446927301586e-05
4.018391337012872e-05
5.5473545216955245e-05
5.0910595746245235e-05
4.6602119255112484e-05
4.57950409327168e-05
5.2147610404063016e-05
5.741467248299159e-05
5.089563273941167e-05
5.4082218412077054e-05
7.988909783307463e-05
0.00013703745207749307
0.00018482404993847013
0.00033032509963959455
0.0001788677618606016
0.00019622196850832552
0.00014830345753580332
0.00013319335994310677
0.00012349894677754492
0.00011419352085795254
7.45481884223409e-05
7.502692460548133e-05
9.814090299187228e-05
6.0362013755366206e-05
5.9285215684212744e-05
5.4731921409256756e-05
4.1376079025212675e-05
4.093100142199546e-05
5.5459520808653906e-05
6.467893399531022e-05
6.134087016107515e-05
4.2879488319158554e-05
3.6368986911838874e-05
3.949573147110641e-05
3.765559085877612e-05
4.546123091131449e-05
5.082082861918025e-05
3.873274181387387e-05
3.909179213223979e-05
4.135083145229146e-05
4.732007801067084e-05
4.215870285406709e-05
6.202624354045838e-05
5.2690891607198864e-05
5.150901051820256e-05
3.179438863298856e-05
