0.00010544162796577439
0.00043736284715123475
0.00041695579420775175
0.000399071432184428
0.0003116572042927146
0.00013639491226058453
0.00014994913362897933
0.00016875448636710644
0.0003496504796203226
0.0003224287647753954
0.00024363180273212492
0.00018690155411604792
0.00026969300233758986
0.0005353616434149444
0.0008546936442144215
0.0006380355916917324
0.0007403654162772
0.0004347821231931448
0.0004887415561825037
0.0002961569116450846
0.00027292888262309134
0.0002444097481202334
0.000347951368894428
0.00045771661098115146
0.00041114454506896436
0.00037384804454632103
0.00023962238628882915
0.00011836750491056591
0.0002896054065786302
0.0012613722356036305
0.0026354696601629257
0.004673557355999947
0.0049749999307096004
0.0044409059919416904
0.003193902550265193
0.0023511245381087065
0.001961509231477976
0.000887756235897541
0.00024451446370221674
9.577714081387967e-05
0.00019857076404150575
0.0004306177143007517
0.0003529631649143994
0.00027106935158371925
0.00010840380127774552
7.0344285632018e-05
0.0002796417393255979
0.0005194071563892066
0.0004160040698479861
0.00014868682774249464
8.530479681212455e-05
9.890388901112601e-05
0.00012163929204689339
0.000129146093968302
0.00010794003901537508
8.913468627724797e-05
8.7399261246901e-05
0.0001295921829296276
0.00015576876467093825
0.00017034028132911772
0.00034997353213839233
0.00018462756997905672
9.269527072319761e-05
4.41484444309026e-05
