0.00010186754661845043
0.00042795651825144887
0.00043072132393717766
0.0003951068501919508
0.00025764977908693254
0.00010986993584083393
0.00014442868996411562
0.0001796457072487101
0.0002641725877765566
0.0004001751949544996
0.00024070966173894703
0.00018303707474842668
0.00025103919324465096
0.0005002709222026169
0.0005995422252453864
0.0005920021212659776
0.0005177531274966896
0.00022451227414421737
0.00028249918250367045
0.00015736953355371952
0.00018522598838899285
0.0002320822823094204
0.000246459327172488
0.0004494583990890533
0.00042740663047879934
0.00039226439548656344
0.00027153315022587776
8.763863297645003e-05
0.00045333808520808816
0.0012070134980604053
0.001966618001461029
0.004278567153960466
0.004805248696357012
0.004165758844465017
0.003410426201298833
0.0027001763228327036
0.0023610368371009827
0.0014470397727563977
0.0003185813839081675
8.652811084175482e-05
0.0004061926156282425
0.0004006597737316042
0.0003552267444320023
0.0001769808732206002
9.529841190669686e-05
0.00019504010560922325
0.0003916361019946635
0.0007597841322422028
0.000667477841489017
0.0003843952144961804
8.112875366350636e-05
0.00011006442218786106
0.0001245312305400148
0.00014085353177506477
9.562753257341683e-05
9.67794912867248e-05
6.708289583912119e-05
6.572149140993133e-05
0.00015714274195488542
0.00023459564545191824
0.00033379875821992755
0.0002882424450945109
7.364401244558394e-05
3.8972109905444086e-05
