0.00011044063285226002
0.0003366289893165231
0.0003622433287091553
0.0003777826495934278
0.0003228626446798444
8.644178888062015e-05
0.00016228827007580549
0.00020442032837308943
0.00042598540312610567
0.00042625467176549137
0.00020642914751078933
0.0001486550463596359
0.00026483082910999656
0.0005216128774918616
0.0006510511739179492
0.00048148882342502475
0.000733468565158546
0.00026256858836859465
0.0002773360756691545
0.00016723691078368574
0.0002095826348522678
0.00022806912602391094
0.0003202155639883131
0.0003911096719093621
0.00036777404602617025
0.00034084514481946826
0.00023411691654473543
0.00014297751476988196
0.0004467655089683831
0.0011508218012750149
0.0029328332748264074
0.005172629375010729
0.004932957235723734
0.0044434042647480965
0.0035271330270916224
0.0025521423667669296
0.002273158635944128
0.001266975305043161
0.00032893658499233425
6.468921492341906e-05
0.00016800645971670747
0.00044070652802474797
0.00034497425076551735
0.000353426905348897
0.00014007517893332988
0.00011636300041573122
0.0003201694053132087
0.0005604923935607076
0.0003853554662782699
0.00016462536586914212
7.112223102012649e-05
9.265039261663333e-05
0.00012895952386315912
0.00011081244883826002
0.00014471294707618654
8.880554378265515e-05
7.553557952633128e-05
5.171845987206325e-05
0.00017392287554685026
0.0002321645588381216
0.00034772767685353756
0.00031257799128070474
7.694186933804303e-05
3.6967405321775004e-05
