0.00010268002370139584
0.0003957801382057369
0.00041761159081943333
0.0004029163101222366
0.0002256268635392189
0.0001438227918697521
0.00015442231961060315
0.0001828771928558126
0.0003323756391182542
0.00034111441345885396
0.00022662169067189097
0.0001705946197034791
0.00022994293249212205
0.00044290570076555014
0.0005999590503051877
0.0006235177861526608
0.0005540568381547928
0.0003121060144621879
0.00031990042771212757
0.00017337925964966416
0.00018888511112891138
0.000223120950977318
0.0003015738329850137
0.00042725607636384666
0.0004025871166959405
0.00034796635736711323
0.00017141025455202907
0.00021818396635353565
0.000510452373418957
0.0009219410712830722
0.002687332686036825
0.004439330659806728
0.004966044798493385
0.004370321985334158
0.0036945196334272623
0.002595796948298812
0.002173821208998561
0.0009831824572756886
0.00015291504678316414
8.554415398975834e-05
0.0002475065703038126
0.00042296337778680027
0.0003327515150886029
0.00022958792396821082
8.902012632461265e-05
0.00011152512888656929
0.0004234570369590074
0.0005513394717127085
0.00048555812099948525
0.00022380912560038269
7.683714648010209e-05
8.07119213277474e-05
0.00012753829651046544
0.00010539674258325249
0.00011807049304479733
8.763862570049241e-05
6.997027230681852e-05
8.183394675143063e-05
0.0001612230553291738
0.00015413806249853224
0.0003501196624711156
0.00021079069119878113
8.94039694685489e-05
3.734141864697449e-05
