9.827555186348036e-05
0.0004418958560563624
0.0004140468663536012
0.0004041131178382784
0.0002488625468686223
0.00012092399265384302
0.00015711146988905966
0.00017489446327090263
0.0004561700625345111
0.00037073620478622615
0.0002430184104014188
0.00017887090507429093
0.00036179827293381095
0.0005795250181108713
0.0006013374659232795
0.0005655220593325794
0.0005450560129247606
0.00024385619326494634
0.00030779739608988166
0.00017242878675460815
0.0001954458566615358
0.00021843831927981228
0.0002746299433056265
0.00041008941479958594
0.0003671756130643189
0.00031448472873307765
0.0002131572546204552
0.00013793584366794676
0.0005204147309996188
0.0015943708131089807
0.0027416469529271126
0.0038940992671996355
0.004802037496119738
0.004473400302231312
0.003718702355399728
0.0024077969137579203
0.0018639157060533762
0.0009930505184456706
0.0001308838400291279
9.219410276273265e-05
0.0003151130804326385
0.0004171736363787204
0.0003475624253042042
0.00026686544879339635
0.00010493296576896682
7.990404992597178e-05
0.00035684191971085966
0.0005339591880328953
0.0004562838585115969
0.00013640985707752407
7.374032429652289e-05
8.276150038000196e-05
0.0001242170692421496
0.00011974691005889326
0.0001209701513289474
8.636044367449358e-05
6.263962131924927e-05
0.00010626444418448955
0.00015973328845575452
0.0002337412879569456
0.0003755955840460956
0.00024325778940692544
9.767712617758662e-05
4.060280480189249e-05
