9.894877439364791e-05
0.000458524446003139
0.00044354694546200335
0.00041657325346022844
0.0002731673594098538
0.00011019907105946913
0.00013878860045224428
0.00016196239448618144
0.000362672028131783
0.0004065052489750087
0.00021427178580779582
0.00018939998699352145
0.00028443470364436507
0.0005364836542867124
0.0007085444522090256
0.0005769207491539419
0.0004639445396605879
0.00023262602917384356
0.0002507622994016856
0.00016245237202383578
0.00020253528782632202
0.00022689098841510713
0.0002699772594496608
0.00039112739614211023
0.0003694902407005429
0.0003246175474487245
0.0002481947303749621
0.00015143572818487883
0.00045103070442564785
0.0011180663714185357
0.0031389391515403986
0.004594922065734863
0.005040553864091635
0.004530052188783884
0.0035202407743781805
0.002694197930395603
0.0020873064640909433
0.0009606467210687697
0.00021239616035018116
7.698207627981901e-05
0.00031016956199891865
0.0003962916089221835
0.0003598589973989874
0.00023191583750303835
9.284581028623506e-05
0.00013552719610743225
0.00036048830952495337
0.0005403135437518358
0.0004984689876437187
0.00022962877119425684
7.76450106059201e-05
8.672604599269107e-05
0.00012512566172517836
0.00013568377471528947
0.00012710786540992558
8.337208419106901e-05
6.0387133999029174e-05
0.00012718017387669533
0.00015862153668422252
0.00023555592633783817
0.0003726511786226183
0.00026293087285012007
0.00010400541214039549
3.957053559133783e-05
