9.419132402399555e-05
0.00040200367220677435
0.00038986874278634787
0.00035249939537607133
0.00021806429140269756
9.645036334404722e-05
0.0001235587988048792
0.000158319526235573
0.0002991718938574195
0.0003587977553252131
0.00024530736845918
0.00018011691281571984
0.0002818278153426945
0.0006601892528124154
0.0005453103221952915
0.0005762337241321802
0.0006023098831064999
0.0002672372793313116
0.0002639915037434548
0.00015587160305585712
0.00018991985416505486
0.00022039812756702304
0.00029172981157898903
0.00041344849159941077
0.00039819683297537267
0.00032502267276868224
0.00018557779549155384
0.00013573665637522936
0.0003952415136154741
0.0011698601301759481
0.0035212687216699123
0.004346699919551611
0.004670190624892712
0.004303538706153631
0.003576727584004402
0.0024425718002021313
0.002135342685505748
0.0009574932046234608
9.646532271290198e-05
7.31568579794839e-05
0.00030977834830991924
0.0003415333339944482
0.00033118066494353116
0.0002748394035734236
0.00011018411169061437
0.0001222007704200223
0.0004900593776255846
0.0005386080592870712
0.0004331065865699202
0.00023429642897099257
8.078671817202121e-05
9.557241719448939e-05
0.00011366332182660699
0.00012973834236618131
8.40555876493454e-05
8.410795271629468e-05
7.3688876000233e-05
0.00010134941840078682
0.00013787599164061248
0.00022467684175353497
0.00031125330133363605
0.0003287271538283676
0.00011355021706549451
3.754166391445324e-05
