0.00010108811693498865
0.00032169907353818417
0.00036745989928022027
0.00039760529762133956
0.0003461710875853896
0.00010561813542153686
0.00015038969286251813
0.0001828023960115388
0.000367789005395025
0.00038952662725932896
0.00027195204165764153
0.00019517472537700087
0.0002475065703038126
0.0006311475881375372
0.0004820573376491666
0.0006359560647979379
0.0005671377293765545
0.00019409757805988193
0.0002855581697076559
0.00013466695963870734
0.00020536284137051553
0.0002129926870111376
0.00022701069246977568
0.00036268748226575553
0.0003506965294945985
0.0003075862769037485
0.00017885552369989455
0.00020579947158694267
0.0004895347519777715
0.0012486103223636746
0.002738834358751774
0.00469156913459301
0.004918624646961689
0.004471126012504101
0.003894608234986663
0.002786139724776149
0.002098033670336008
0.001077332766726613
0.00023186817998066545
0.00011015418567694724
0.00026961820549331605
0.0004216318775434047
0.0003886943741235882
0.00025490796542726457
8.973309741122648e-05
0.00011295180593151599
0.0003459134022705257
0.0005722700152546167
0.00045110759674571455
0.00020333721477072686
8.815099863568321e-05
0.00010713333904277533
0.00011870785237988457
0.0001539884542580694
0.00013030598347540945
9.345825674245134e-05
7.276788528542966e-05
9.624091762816533e-05
0.00016075059829745442
0.00019453142886050045
0.0003093084378633648
0.0003757330705411732
9.773387864697725e-05
3.6241821362636983e-05
