4.1620118281571195e-05
7.258362893480808e-05
6.69632208882831e-05
7.269308844115585e-05
8.871578756952658e-05
5.165592665434815e-05
7.402753544738516e-05
6.518451118608937e-05
8.765358506934717e-05
9.513385157333687e-05
7.324507896555588e-05
5.916318332310766e-05
7.305214239750057e-05
0.00013664922153111547
0.00012395030353218317
0.00012859230628237128
8.168435306288302e-05
7.881861529313028e-05
7.155298226280138e-05
7.093900785548612e-05
6.072094402043149e-05
6.0949088947381824e-05
8.566384349251166e-05
0.00010020544868893921
0.00010675815428839996
7.169073796831071e-05
7.489227573387325e-05
4.720038850791752e-05
0.0001009013649309054
0.00023506420257035643
0.00033148343209177256
0.0006531157996505499
0.0008084469591267407
0.000757584988605231
0.0005174389807507396
0.00044595764484256506
0.0003640189825091511
0.00024624986690469086
0.00010521818330744281
5.412710379459895e-05
6.459945871029049e-05
8.395834447583184e-05
7.726767944404855e-05
6.602286885026842e-05
4.267950862413272e-05
7.025452941888943e-05
9.208129631588235e-05
0.00012279300426598638
9.686925477581099e-05
7.041908975224942e-05
4.6237331844167784e-05
5.6985496485140175e-05
5.897755909245461e-05
5.657220754073933e-05
5.514441727427766e-05
4.9534228310221806e-05
4.146617720834911e-05
4.272719888831489e-05
5.396253982326016e-05
5.958459951216355e-05
8.55221223901026e-05
8.433606853941455e-05
4.407364394864999e-05
3.714692866196856e-05
