9.510391828371212e-05
0.00029686448397114873
0.0004163508419878781
0.0003648866550065577
0.00024063968157861382
0.00010291330545442179
0.00012997684825677425
0.000145834987051785
0.0003200002247467637
0.0003911454987246543
0.00024538603611290455
0.0001839113247115165
0.00029871638980694115
0.0005613031098619103
0.0006506622303277254
0.0005606149206869304
0.00039166086935438216
0.0002590689982753247
0.0002777667832560837
0.0001642167626414448
0.00018833029025699943
0.0002044352877419442
0.0003007360501214862
0.00039898164686746895
0.0003993556892964989
0.00039048411417752504
0.00028870778623968363
9.78416865109466e-05
0.0002697229210752994
0.0012165084481239319
0.002714213915169239
0.0042866794392466545
0.004883823916316032
0.004609440919011831
0.0032236461993306875
0.0027336885686963797
0.0019309897907078266
0.0012875153915956616
0.00030326374690048397
7.782454486005008e-05
0.0002897279046010226
0.0003943840856663883
0.0003432589292060584
0.00023088263696990907
8.960312698036432e-05
0.00012851538485847414
0.00029051912133581936
0.0005845741834491491
0.0005320825148373842
0.0001920498616527766
8.640812302473933e-05
0.00011254040146013722
0.00012306323333177716
0.00013442852650769055
0.0001256224059034139
8.636044367449358e-05
6.080041566747241e-05
7.833678682800382e-05
0.00015132548287510872
0.0002061173872789368
0.00035544007550925016
0.0002592243836261332
8.159177377820015e-05
3.7227342545520514e-05
