9.499919542577118e-05
0.0003282497054897249
0.00035745129571296275
0.0003924588963855058
0.00037235196214169264
9.220157517120242e-05
0.00013338786084204912
0.00017114814545493573
0.0006462011951953173
0.000404696591431275
0.00025016951258294284
0.00019901958876289427
0.00025708129396662116
0.0004653913783840835
0.0006126177031546831
0.0005870989989489317
0.0004877416940871626
0.00028118942282162607
0.00026953700580634177
0.000200188354938291
0.00017034028132911772
0.00021003049914725125
0.0002870892349164933
0.0004214859800413251
0.0003691055462695658
0.0003999840409960598
0.00025135144824162126
0.00019842115580104291
0.0005986894248053432
0.0008563541923649609
0.002397764939814806
0.004762137774378061
0.004662560299038887
0.004311945755034685
0.003767503658309579
0.002687011379748583
0.002311502816155553
0.0011968103935942054
0.0002846659626811743
7.781377644278109e-05
0.00020743672212120146
0.00040549508412368596
0.00039745570393279195
0.0002113171067321673
0.0001164525601780042
0.00011033370537916198
0.00029929980519227684
0.0005405978299677372
0.0005254129064269364
0.00025509155238978565
8.222292672144249e-05
7.746548362774774e-05
0.00013841457257512957
0.00014835917681921273
0.00014196762640494853
9.252790914615616e-05
6.709505396429449e-05
0.0001235400850418955
0.00013206010044086725
0.00024794042110443115
0.00033601291943341494
0.00029331562109291553
0.00011383446690160781
4.167996303294785e-05
