9.248893184121698e-05
0.00034595862962305546
0.0003781566338147968
0.00036259772605262697
0.00029003925737924874
0.0001164860586868599
0.0001549337903270498
0.00016063092334661633
0.0003176862664986402
0.0004071351431775838
0.00021884305169805884
0.00017768643738236278
0.0003200201317667961
0.000531037978362292
0.0006212498410604894
0.0004659149853978306
0.0007226222660392523
0.00017408041458111256
0.0002775668108370155
0.0001405688963131979
0.00023115472868084908
0.00018518109573051333
0.0003338137175887823
0.00039684231160208583
0.00041271542431786656
0.0003493427066132426
0.0002162091841455549
0.0001572947221575305
0.00028800463769584894
0.0008703722269274294
0.0018833628855645657
0.0037251953035593033
0.004868611693382263
0.004137611482292414
0.004016311373561621
0.002231006044894457
0.0021900765132158995
0.000979528995230794
0.00039187620859593153
0.000141467695357278
0.0002481011033523828
0.0003779004327952862
0.00034994020825251937
0.00021791187464259565
0.0001037660549627617
0.00014590512728318572
0.00033042050199583173
0.0005366650875657797
0.00042841644608415663
0.00016679185500834137
0.00010349582589697093
8.39443237055093e-05
0.00012331755715422332
0.00013339532597456127
9.101783507503569e-05
9.101987961912528e-05
5.885462087462656e-05
9.86196318990551e-05
0.0001323256583418697
0.00020192191004753113
0.00028433933039195836
0.0002998085110448301
9.218661580234766e-05
4.016895036329515e-05
