8.729453838896006e-05
0.0002962722792290151
0.00041441197390668094
0.00038213611696846783
0.00021173599816393107
0.00010782034951262176
0.00012916899868287146
0.0001717017003102228
0.00033939018612727523
0.00030154394335113466
0.00023356337624136358
0.00017979531548917294
0.0002550017961766571
0.0005098988767713308
0.0006739108939655125
0.0005407473654486239
0.0006569157703779638
0.00024671366554684937
0.0003391695790924132
0.00017091803601942956
0.00021405902225524187
0.0002443630655761808
0.0003425898030400276
0.00043965509394183755
0.0004292907251510769
0.0003154468722641468
0.00016727339243516326
0.00015343491395469755
0.0004438033211044967
0.0011007939465343952
0.00250420905649662
0.004149609711021185
0.004776350222527981
0.004211277235299349
0.003447513561695814
0.0025736854877322912
0.0020122327841818333
0.0011521084234118462
0.00033236254239454865
0.0002648757363203913
0.00039990924415178597
0.0005697558517567813
0.00039765017572790384
0.0003111036494374275
0.00015618765610270202
9.493935795035213e-05
0.0002260382316308096
0.0005055453511886299
0.0004547334974631667
0.00018000922864302993
9.467329800827429e-05
0.00014078676758799702
0.0001256224059034139
0.00013353838585317135
0.00011816740152426064
0.00010630932956701145
7.866699888836592e-05
0.00012377853272482753
0.00018618439207784832
0.00021097302669659257
0.0003342354029882699
0.0002922085695900023
0.00010732665396062657
4.331065429141745e-05
