0.00010098433267557994
0.0003263334510847926
0.00045384184340946376
0.00041033554589375854
0.0002516698732506484
0.00012156904995208606
0.00014604443276766688
0.0001796195429051295
0.000339648307999596
0.0004104484396521002
0.0002606918860692531
0.0002005606220336631
0.0003607173857744783
0.0006624510861001909
0.000630106485914439
0.0006143382051959634
0.0006481788004748523
0.0002460081013850868
0.00025483875651843846
0.0001659032132010907
0.0002170694206142798
0.00022784659813623875
0.0003155263839289546
0.0004204845754429698
0.00040247495053336024
0.00033832056215032935
0.0001732613454805687
0.00016286566096823663
0.0005287808598950505
0.0012897796696051955
0.0029615447856485844
0.004709132015705109
0.005151491612195969
0.0045608580112457275
0.0035114670172333717
0.0027243199292570353
0.0019932365976274014
0.0008874954073689878
0.00018853694200515747
6.495376874227077e-05
0.00033557062852196395
0.0004254106606822461
0.00034479002351872623
0.0002586521441116929
9.924798359861597e-05
0.00010618964734021574
0.00028456372092477977
0.000530290009919554
0.0004526920383796096
0.00015413806249853224
8.048750896705315e-05
7.730093057034537e-05
0.00013732245133724064
0.00011013922630809247
0.00015062233433127403
8.724965300643817e-05
7.010305125731975e-05
9.89490799838677e-05
0.00015698892821092159
0.0002179739240091294
0.0003531731490511447
0.0001994889898924157
7.480438944185153e-05
3.659152571344748e-05
