0.00011340060882503167
0.00038998411037027836
0.00045092456275597215
0.0004382230690680444
0.00032857756013982
0.00013266874884720892
0.00016953358135651797
0.00020811555441468954
0.00037942829658277333
0.00046432914678007364
0.00027907322510145605
0.00017471755563747138
0.00033564394107088447
0.0005942520801909268
0.0005721195484511554
0.0006116003496572375
0.0007045051315799356
0.0002991282381117344
0.00029397255275398493
0.00016989147115964442
0.0002084596490021795
0.00024519130238331854
0.00045702842180617154
0.0004514650208875537
0.0004104544932488352
0.0003443010209593922
0.00022967364930082113
0.00013059024058748037
0.0005701702903024852
0.0012946067145094275
0.0033808848820626736
0.004793240688741207
0.005373932886868715
0.005022884346544743
0.003899713745340705
0.002844759728759527
0.0022824271582067013
0.0013070821296423674
0.00023245632473845035
9.493935067439452e-05
0.000287032249616459
0.0004447159299161285
0.0003644677926786244
0.00031245010904967785
0.00010313381790183485
0.00012082400644430891
0.00046289293095469475
0.0006037012208253145
0.0005023736739531159
0.00029648724012076855
8.2459366240073e-05
0.00013407882943283767
0.00012956913269590586
0.00013748701894655824
0.00014546095917467028
8.97155623533763e-05
6.357701204251498e-05
0.00010080332140205428
0.0001760635495884344
0.00022198393708094954
0.0003504797350615263
0.00038360225153155625
9.288889123126864e-05
3.8733825931558385e-05
