7.524484681198373e-05
0.00016703402798157185
0.00010873294377233833
5.6024065997917205e-05
8.230708044720814e-05
6.70842855470255e-05
0.00012945322669111192
0.00020734136342070997
0.0003210374270565808
0.00035619462141767144
0.00017825578106567264
8.486676961183548e-05
0.00010141864913748577
0.00030803674599155784
0.0004929336137138307
0.0004982745740562677
0.0006177191389724612
0.00023580744164064527
0.00031665401184000075
0.00017580087296664715
0.0001559033989906311
0.0002859251108020544
0.000461441813968122
0.0007993198232725263
0.0005940213450230658
0.0003923992335330695
0.00015483840252272785
0.0003037477727048099
0.0007381041068583727
0.002097249263897538
0.0036969517823308706
0.0029925191774964333
0.0016613536281511188
0.0023295602295547724
0.0029803267680108547
0.00230960245244205
0.0019509096164256334
0.0011168016353622079
0.00027609607786871493
0.00010406526416772977
0.0003277247888036072
0.0005114696687087417
0.00035070415469817817
0.00030853046337142587
0.0001295130787184462
7.258836558321491e-05
0.00026074660127051175
0.0003803160507231951
0.00033675204031169415
0.00022589605941902846
7.985968113644049e-05
0.00012809180771000683
0.00015383886056952178
0.00011352029832778499
0.00011474705388536677
9.815586236072704e-05
0.00010128261055797338
8.074184006545693e-05
0.0001727190101519227
0.00019727638573385775
0.00037018649163655937
0.0003354829386807978
0.00012049328506691381
4.879929110757075e-05
