9.953784319804981e-05
0.0004869186959695071
0.0005894587957300246
0.0004925180110149086
0.0002041940315393731
0.00015916477423161268
0.00016321908333338797
0.00018976193678099662
0.0003275838971603662
0.0003569660475477576
0.00022222331608645618
0.00016896393208298832
0.0002257240703329444
0.0004715999530162662
0.0006289993762038648
0.0004967036657035351
0.0005706085939891636
0.00020060539827682078
0.0002834716287907213
0.00015769866877235472
0.00016101989604067057
0.00021653833391610533
0.00021944065520074219
0.00037992195575498044
0.0003616103495005518
0.0003200201317667961
0.00022920986521057785
0.00011206913768546656
0.00031981070060282946
0.0009144608047790825
0.0019790504593402147
0.003918335307389498
0.004694515839219093
0.0042221383191645145
0.0032374050933867693
0.0023375654127448797
0.0020104211289435625
0.000745246303267777
0.00018636298773344606
6.781595584470779e-05
0.00019735896785277873
0.00039337147609330714
0.00032028942951001227
0.00023894599871709943
8.673577394802123e-05
0.00011739365436369553
0.00031986943213269114
0.0005179765284992754
0.0003884709731210023
0.0001797653967514634
7.691195060033351e-05
8.528983744326979e-05
0.00010994473996106535
0.00011287699453532696
0.00011514510697452351
9.425796451978385e-05
7.992121390998363e-05
0.0001069410500349477
0.00013922899961471558
0.00018806144362315536
0.0003364925505593419
0.0002754228771664202
0.00010614476923365146
4.3879157601622865e-05
