0.00010843318159459159
0.00042704943916760385
0.000414121663197875
0.0003868486965075135
0.00027498899726197124
0.00010610269964672625
0.00018262378580402583
0.00019840618188027292
0.00035124269197694957
0.0004689519410021603
0.00023934828641358763
0.00021110860689077526
0.0003057627473026514
0.0006672586896456778
0.0006692353636026382
0.0006193721201270819
0.0005272446433082223
0.00025760766584426165
0.0003060544840991497
0.0001863779325503856
0.0002189276710851118
0.00024545524502173066
0.0003017254639416933
0.0004128650180064142
0.0003591268614400178
0.0003130784898530692
0.0001980920205824077
0.00012768790475092828
0.000354264717316255
0.0010162669932469726
0.0023032296448946
0.004233912099152803
0.005087012890726328
0.004628643859177828
0.003647571662440896
0.002703276928514242
0.002158372662961483
0.0010727872140705585
0.0002546541509218514
7.467568502761424e-05
0.0003831936337519437
0.0003838930861093104
0.00037223228719085455
0.0002925077569670975
0.00010224008292425424
0.00011715570144588128
0.0003232665767427534
0.0005684243515133858
0.0005150471115484834
0.00024421900161542
8.650163363199681e-05
0.00010312275117030367
0.0001439050683984533
0.00011200928565813228
0.0001559781958349049
9.455037798034027e-05
7.85426382208243e-05
0.00011240963794989511
0.00015735041233710945
0.00020220658916514367
0.00037888597580604255
0.00027074862737208605
9.155828593065962e-05
3.5591037885751575e-05
