9.841019345913082e-05
0.0002873425546567887
0.0003904990735463798
0.00042557987035252154
0.00031177501659840345
0.0002886180591303855
0.0003837219555862248
0.0004432497953530401
0.0004974666517227888
0.0006395315867848694
0.00027903582667931914
0.0001999022497329861
0.00029817779432050884
0.0005809164140373468
0.0005405661650002003
0.0005649016820825636
0.00047727368655614555
0.00024300170480273664
0.0002724751248024404
0.0001557126670377329
0.00019071648421231657
0.00020757697348017246
0.00035871093859896064
0.00041528113069944084
0.00037204011459834874
0.0003087784571107477
0.00018611618725117296
0.0001704796013655141
0.0004961790982633829
0.001174743752926588
0.0025592485908418894
0.004160501528531313
0.004651340190321207
0.004180578049272299
0.00339453830383718
0.002541356021538377
0.0020378450863063335
0.0012172017013654113
0.00034807107294909656
6.72474634484388e-05
0.0001389381941407919
0.000364001898560673
0.00030514446552842855
0.00022492694552056491
9.285043051932007e-05
0.00010554122854955494
0.0003418493433855474
0.0005019399104639888
0.0004259255656506866
0.00022521542268805206
9.287480497732759e-05
7.668753823963925e-05
0.00011574941163416952
0.00011817313497886062
0.00012328525190241635
9.047379717230797e-05
7.52679115976207e-05
9.262739331461489e-05
0.00013552533346228302
0.0002017723018070683
0.0003330955805722624
0.0002908172318711877
0.0001104085094993934
4.2532712541287765e-05
