3.8957150536589324e-05
6.033945101080462e-05
6.89071457600221e-05
7.695028034504503e-05
8.057727245613933e-05
5.414206316345371e-05
5.502472777152434e-05
4.428309330251068e-05
5.3001353080617264e-05
5.431658428278752e-05
4.4633125071413815e-05
4.1884733946062624e-05
5.097043685964309e-05
5.646093632094562e-05
5.8359433751320466e-05
5.0463197112549096e-05
4.8786478146212175e-05
5.725571827497333e-05
5.653574407915585e-05
5.450111348181963e-05
4.084217653144151e-05
4.4522457756102085e-05
4.215870285406709e-05
4.807009099749848e-05
5.407636126619764e-05
5.141692963661626e-05
4.136579082114622e-05
6.449472857639194e-05
7.057617040118203e-05
8.902995614334941e-05
0.00015294122567865998
0.00021094310795888305
0.0001186218360089697
0.00012883842282462865
9.640548523748294e-05
0.0001044991149683483
0.0001685151073615998
0.00016143878747243434
0.00010734161332948133
4.301024091546424e-05
4.011828059446998e-05
4.784812335856259e-05
6.0395552281988785e-05
6.468921492341906e-05
4.805314165423624e-05
5.119484558235854e-05
5.368588608689606e-05
5.355205576051958e-05
5.9290345234330744e-05
4.728921703645028e-05
4.104227264178917e-05
4.132839239900932e-05
4.2442949052201584e-05
4.34153807873372e-05
4.527048804447986e-05
4.082721716258675e-05
3.88415101042483e-05
4.267181793693453e-05
4.7432789870072156e-05
6.081445098971017e-05
6.603566725971177e-05
6.348917668219656e-05
4.367170186014846e-05
3.591878339648247e-05
