3.6072608054382727e-05
4.302640809328295e-05
4.045320019940846e-05
4.2457908421056345e-05
4.33948116551619e-05
4.060284118168056e-05
3.7670550227630883e-05
3.5546156141208485e-05
3.744614150491543e-05
4.009415351902135e-05
4.25177495344542e-05
4.410356632433832e-05
3.677292261272669e-05
3.961541369790211e-05
3.972014019382186e-05
3.897211354342289e-05
4.084218016942032e-05
4.0962793718790635e-05
4.287680712877773e-05
4.3894116970477626e-05
4.069256829097867e-05
4.0572889702161774e-05
4.5679153117816895e-05
4.136579082114622e-05
4.3669708247762173e-05
4.838226595893502e-05
4.7768884542165324e-05
4.3205935071455315e-05
3.876266782754101e-05
4.5435052015818655e-05
5.3738131100544706e-05
5.8927194913849235e-05
8.978926052805036e-05
6.979165482334793e-05
5.099287591292523e-05
4.8227051593130454e-05
4.763891774928197e-05
4.0136223105946556e-05
4.6160635974956676e-05
4.016801540274173e-05
3.760883919312619e-05
3.8053913158364594e-05
3.878510688082315e-05
3.611465581343509e-05
3.692532845889218e-05
4.0803843148751184e-05
3.8880483771208674e-05
4.023159999633208e-05
4.0454138797940686e-05
3.983421265729703e-05
3.6829955206485465e-05
3.58762226824183e-05
3.738630039151758e-05
4.046439062221907e-05
3.862615267280489e-05
3.675047628348693e-05
3.704172559082508e-05
3.646436016424559e-05
3.654383181128651e-05
3.682995884446427e-05
4.052592339576222e-05
3.970704710809514e-05
3.5192715586163104e-05
3.1632112950319424e-05
