0.00011930880282307044
0.00044140612590126693
0.0004823730851057917
0.0004935021279379725
0.0002735827292781323
0.00016670489276293665
0.0001923899253597483
0.00022551919391844422
0.00048816774506121874
0.00039566043415106833
0.00027413625502958894
0.000191752435057424
0.000311793468426913
0.000776749337092042
0.0006922225002199411
0.0005671377293765545
0.0005355898174457252
0.00037885981146246195
0.00028209525044076145
0.00019059680926147848
0.0001943519018823281
0.00024455934180878103
0.0002561088476795703
0.0004517922643572092
0.0004112193710170686
0.0003605780366342515
0.00017622507584746927
0.000174471439095214
0.0007458662148565054
0.0014710065443068743
0.002935746219009161
0.004857196472585201
0.005382804200053215
0.004940616432577372
0.00387487537227571
0.0028686991427093744
0.0023073884658515453
0.0013213566271588206
0.0003633906308095902
8.923940185923129e-05
0.0002671796246431768
0.00046561573981307447
0.00037200789665803313
0.00030477537075057626
0.00012026749027427286
9.585193765815347e-05
0.00036097390693612397
0.0005854943301528692
0.000623568776063621
0.00030621158657595515
7.944434037199244e-05
0.00010607961303321645
0.00013023827341385186
0.00014561899297405034
0.00014032577746547759
9.420629794476554e-05
7.596943760290742e-05
6.537739682244137e-05
0.0001770874805515632
0.00017469379235990345
0.0003306570288259536
0.0003936856519430876
0.00014294761058408767
4.360987077234313e-05
