9.54330462263897e-05
0.00039986433694139123
0.0003776933008339256
0.0003532404371071607
0.00011836238263640553
0.00011356518371030688
0.00014013503096066415
0.00018546910723671317
0.00036784884287044406
0.000424938159994781
0.00022602680837735534
0.0001840395270846784
0.00030344389961101115
0.0005753157893195748
0.000605541339609772
0.0006057352875359356
0.0002898148668464273
0.0002530419733375311
0.0003024415345862508
0.00017946619482245296
0.00019502281793393195
0.00022884186182636768
0.0003589211555663496
0.0004235617525409907
0.00040665644337423146
0.00035600014962255955
0.00023594209051225334
0.0001462363579776138
0.0007288458291441202
0.001228616456501186
0.0024677051696926355
0.004069361835718155
0.0047003054060041904
0.004238639958202839
0.0034349015913903713
0.00241519371047616
0.001842052792198956
0.0012846434256061912
0.00021559730521403253
8.302853530040011e-05
0.00038228760240599513
0.0003822857397608459
0.0003318688541185111
0.0002155972906621173
9.060455340659246e-05
0.00013582641258835793
0.00031301865237765014
0.000501057191286236
0.0004509693826548755
0.00023847042757552117
8.072687342064455e-05
9.968806989490986e-05
9.659997158451006e-05
0.00012378519750200212
0.00011077136150561273
8.669425005791709e-05
6.269947334658355e-05
8.537959365639836e-05
0.00015334515774156898
0.00014956014638300985
0.0003215153992641717
0.00017990006017498672
8.151978545356542e-05
3.8972109905444086e-05
