0.00010234930232400075
0.0004299648862797767
0.00042858850792981684
0.0004180563264526427
0.0003258248034399003
0.00010925655806204304
0.000143052326166071
0.00016879936447367072
0.00025209944578818977
0.00039619876770302653
0.00018367290613241494
0.0001903967058751732
0.0002966368629131466
0.0005427520954981446
0.0006800895789638162
0.0005758447805419564
0.0005841328529641032
0.0002339224301977083
0.00029858172638341784
0.0001717465784167871
0.00018196459859609604
0.0002377018245169893
0.0003192464355379343
0.0004613678902387619
0.0004260638961568475
0.0003350404731463641
0.0001838197058532387
0.0001348090881947428
0.0004107556014787406
0.001095153740607202
0.0024940206203609705
0.004392882343381643
0.005026699043810368
0.004606279544532299
0.0036881081759929657
0.0027463745791465044
0.0022464843932539225
0.0011699114693328738
0.0003450191579759121
7.299229764612392e-05
0.00023036182392388582
0.00042480346746742725
0.00034623092506080866
0.0002946022432297468
9.335037611890584e-05
0.0001223161380039528
0.00041608151514083147
0.0005685038049705327
0.00042522145668044686
0.00017729880346450955
7.680722774239257e-05
0.00010970537550747395
0.00013323637540452182
0.00012978236190974712
0.00016187262372113764
9.320392564404756e-05
8.307566895382479e-05
6.287900032475591e-05
0.0001704599562799558
0.00020530888286884874
0.0003459034487605095
0.0002701292105484754
9.538859012536705e-05
3.8010843127267435e-05
