0.00012553406122606248
0.0003813881194218993
0.0003409284690860659
0.00037962273927405477
0.00025844271294772625
0.00011368486593710259
0.00020619842689484358
0.00020235015836078674
0.0004325969784986228
0.00041614141082391143
0.0002270705153932795
0.00020841477089561522
0.00020376205793581903
0.00042776568443514407
0.0004968790453858674
0.0005627019563689828
0.0002977738913614303
0.0002808834542520344
0.0002569466596469283
0.00015448214253410697
0.0001940227666636929
0.0001947408600244671
0.0002452624903526157
0.0005050965119153261
0.000426625891122967
0.00042977937846444547
0.00013246029266156256
0.0002236146538052708
0.0006276380154304206
0.0015252715675160289
0.003306973958387971
0.0053876168094575405
0.005314210895448923
0.004668200854212046
0.003363899188116193
0.0025688831228762865
0.002146652899682522
0.0008960237028077245
0.00025634627672843635
0.0001003644138108939
0.00037891778629273176
0.0003059095761273056
0.0004049210110679269
0.00022211858595255762
0.0001158840605057776
8.684572094352916e-05
0.00028058423777110875
0.0005864606937393546
0.0004692977527156472
0.00015879077545832843
8.068199531408027e-05
9.040632721735165e-05
0.00013895104348193854
0.00010950998694170266
0.0001357606815872714
9.373597276862711e-05
7.496708713006228e-05
0.0001052321822498925
0.00018812832422554493
0.0002032064803643152
0.0003975454601459205
0.0003175217134412378
9.52237969613634e-05
2.9726519642281346e-05
